AnalyzerId,EpochTime,GpsTime,GpsLatitude,GpsLongitude,GpsFit,GPSLatitudeUncertainty,GPSLongitudeUncertainty
3bb5d6c4-17d0-4088-a616-11ce03dd3274,1480722319.12,85516,37.3972062478333,-121.983769591333,2,0,0
3bb5d6c4-17d0-4088-a616-11ce03dd3274,1480722319.315,85516.2,37.3972062523333,-121.983769597667,2,0,0
3bb5d6c4-17d0-4088-a616-11ce03dd3274,1480722319.512,85516.4,37.3972062668333,-121.983769587333,2,0,0
3bb5d6c4-17d0-4088-a616-11ce03dd3274,1480722319.719,85516.6,37.397206277,-121.983769584667,2,0,0
3bb5d6c4-17d0-4088-a616-11ce03dd3274,1480722319.918,85516.8,37.3972063036667,-121.9837695855,2,0,0
3bb5d6c4-17d0-4088-a616-11ce03dd3274,1480722320.115,85517,37.397206306,-121.983769592667,2,0,0
3bb5d6c4-17d0-4088-a616-11ce03dd3274,1480722320.312,85517.2,37.3972063223333,-121.983769587667,2,0,0
3bb5d6c4-17d0-4088-a616-11ce03dd3274,1480722320.512,85517.4,37.397206329,-121.983769580167,2,0,0
3bb5d6c4-17d0-4088-a616-11ce03dd3274,1480722320.713,85517.6,37.3972063136667,-121.9837695785,2,0,0
3bb5d6c4-17d0-4088-a616-11ce03dd3274,1480722320.915,85517.8,37.3972063465,-121.983769581333,2,0,0
3bb5d6c4-17d0-4088-a616-11ce03dd3274,1480722321.117,85518,37.3972063723333,-121.983769573167,2,0,0
3bb5d6c4-17d0-4088-a616-11ce03dd3274,1480722321.316,85518.2,37.3972064005,-121.983769565333,2,0,0
3bb5d6c4-17d0-4088-a616-11ce03dd3274,1480722321.517,85518.4,37.3972063941667,-121.9837695765,2,0,0
3bb5d6c4-17d0-4088-a616-11ce03dd3274,1480722321.712,85518.6,37.3972063991667,-121.983769565667,2,0,0
3bb5d6c4-17d0-4088-a616-11ce03dd3274,1480722321.917,85518.8,37.397206435,-121.983769565667,2,0,0
3bb5d6c4-17d0-4088-a616-11ce03dd3274,1480722322.119,85519,37.3972064265,-121.983769556333,2,0,0
3bb5d6c4-17d0-4088-a616-11ce03dd3274,1480722322.318,85519.2,37.3972064241667,-121.983769546167,2,0,0
3bb5d6c4-17d0-4088-a616-11ce03dd3274,1480722322.52,85519.4,37.3972064296667,-121.9837695535,2,0,0
3bb5d6c4-17d0-4088-a616-11ce03dd3274,1480722322.713,85519.6,37.3972064431667,-121.983769546,2,0,0
3bb5d6c4-17d0-4088-a616-11ce03dd3274,1480722322.912,85519.8,37.397206458,-121.983769554333,2,0,0
3bb5d6c4-17d0-4088-a616-11ce03dd3274,1480722323.118,85520,37.3972064658333,-121.983769555667,2,0,0
3bb5d6c4-17d0-4088-a616-11ce03dd3274,1480722323.319,85520.2,37.397206492,-121.983769539333,2,0,0
3bb5d6c4-17d0-4088-a616-11ce03dd3274,1480722323.52,85520.4,37.3972065008333,-121.9837695375,2,0,0
3bb5d6c4-17d0-4088-a616-11ce03dd3274,1480722323.715,85520.6,37.3972065181667,-121.983769529167,2,0,0
3bb5d6c4-17d0-4088-a616-11ce03dd3274,1480722323.917,85520.8,37.3972065388333,-121.983769541333,2,0,0
3bb5d6c4-17d0-4088-a616-11ce03dd3274,1480722324.12,85521,37.3972065431667,-121.983769531667,2,0,0
3bb5d6c4-17d0-4088-a616-11ce03dd3274,1480722324.318,85521.2,37.3972065873333,-121.983769522333,2,0,0
3bb5d6c4-17d0-4088-a616-11ce03dd3274,1480722324.52,85521.4,37.3972065898333,-121.983769534667,2,0,0
3bb5d6c4-17d0-4088-a616-11ce03dd3274,1480722324.715,85521.6,37.3972066193333,-121.983769542833,2,0,0
3bb5d6c4-17d0-4088-a616-11ce03dd3274,1480722324.916,85521.8,37.397206641,-121.9837695355,2,0,0
3bb5d6c4-17d0-4088-a616-11ce03dd3274,1480722325.121,85522,37.3972066236667,-121.983769547,2,0,0
3bb5d6c4-17d0-4088-a616-11ce03dd3274,1480722325.314,85522.2,37.3972066431667,-121.983769547333,2,0,0
3bb5d6c4-17d0-4088-a616-11ce03dd3274,1480722325.517,85522.4,37.3972066575,-121.983769555,2,0,0
3bb5d6c4-17d0-4088-a616-11ce03dd3274,1480722325.721,85522.6,37.3972066596667,-121.983769567667,2,0,0
3bb5d6c4-17d0-4088-a616-11ce03dd3274,1480722325.917,85522.8,37.3972066576667,-121.983769575167,2,0,0
3bb5d6c4-17d0-4088-a616-11ce03dd3274,1480722326.114,85523,37.397206665,-121.983769588833,2,0,0
3bb5d6c4-17d0-4088-a616-11ce03dd3274,1480722326.313,85523.2,37.3972066891667,-121.9837695995,2,0,0
3bb5d6c4-17d0-4088-a616-11ce03dd3274,1480722326.517,85523.4,37.3972067025,-121.983769604667,2,0,0
3bb5d6c4-17d0-4088-a616-11ce03dd3274,1480722326.713,85523.6,37.3972067021667,-121.983769617167,2,0,0
3bb5d6c4-17d0-4088-a616-11ce03dd3274,1480722326.915,85523.8,37.3972067075,-121.983769610333,2,0,0
3bb5d6c4-17d0-4088-a616-11ce03dd3274,1480722327.122,85524,37.3972066861667,-121.983769606833,2,0,0
3bb5d6c4-17d0-4088-a616-11ce03dd3274,1480722327.321,85524.2,37.3972066775,-121.983769608333,2,0,0
3bb5d6c4-17d0-4088-a616-11ce03dd3274,1480722327.514,85524.4,37.3972066568333,-121.983769616167,2,0,0
3bb5d6c4-17d0-4088-a616-11ce03dd3274,1480722327.717,85524.6,37.3972066688333,-121.9837696175,2,0,0
3bb5d6c4-17d0-4088-a616-11ce03dd3274,1480722327.919,85524.8,37.3972066516667,-121.983769610833,2,0,0
3bb5d6c4-17d0-4088-a616-11ce03dd3274,1480722328.115,85525,37.3972066433333,-121.983769616833,2,0,0
3bb5d6c4-17d0-4088-a616-11ce03dd3274,1480722328.321,85525.2,37.3972066478333,-121.983769625667,2,0,0
3bb5d6c4-17d0-4088-a616-11ce03dd3274,1480722328.517,85525.4,37.3972066463333,-121.983769626,2,0,0
3bb5d6c4-17d0-4088-a616-11ce03dd3274,1480722328.713,85525.6,37.3972066333333,-121.983769627167,2,0,0
3bb5d6c4-17d0-4088-a616-11ce03dd3274,1480722328.919,85525.8,37.3972066413333,-121.983769629833,2,0,0
3bb5d6c4-17d0-4088-a616-11ce03dd3274,1480722329.121,85526,37.3972066491667,-121.983769624,2,0,0
3bb5d6c4-17d0-4088-a616-11ce03dd3274,1480722329.32,85526.2,37.397206626,-121.983769623,2,0,0
3bb5d6c4-17d0-4088-a616-11ce03dd3274,1480722329.513,85526.4,37.397206633,-121.9837696245,2,0,0
3bb5d6c4-17d0-4088-a616-11ce03dd3274,1480722329.716,85526.6,37.3972066286667,-121.98376962,2,0,0
3bb5d6c4-17d0-4088-a616-11ce03dd3274,1480722329.912,85526.8,37.3972066246667,-121.983769624167,2,0,0
3bb5d6c4-17d0-4088-a616-11ce03dd3274,1480722330.118,85527,37.397206617,-121.983769618667,2,0,0
3bb5d6c4-17d0-4088-a616-11ce03dd3274,1480722330.314,85527.2,37.3972066046667,-121.983769624833,2,0,0
3bb5d6c4-17d0-4088-a616-11ce03dd3274,1480722330.518,85527.4,37.3972066081667,-121.983769625167,2,0,0
3bb5d6c4-17d0-4088-a616-11ce03dd3274,1480722330.715,85527.6,37.3972065973333,-121.983769613833,2,0,0
3bb5d6c4-17d0-4088-a616-11ce03dd3274,1480722330.916,85527.8,37.3972066023333,-121.983769597333,2,0,0
3bb5d6c4-17d0-4088-a616-11ce03dd3274,1480722331.119,85528,37.3972065988333,-121.983769590833,2,0,0
3bb5d6c4-17d0-4088-a616-11ce03dd3274,1480722331.314,85528.2,37.3972065911667,-121.983769595833,2,0,0
3bb5d6c4-17d0-4088-a616-11ce03dd3274,1480722331.522,85528.4,37.3972065875,-121.983769597667,2,0,0
3bb5d6c4-17d0-4088-a616-11ce03dd3274,1480722331.717,85528.6,37.3972065758333,-121.983769576333,2,0,0
3bb5d6c4-17d0-4088-a616-11ce03dd3274,1480722331.92,85528.8,37.3972065726667,-121.983769591667,2,0,0
3bb5d6c4-17d0-4088-a616-11ce03dd3274,1480722332.116,85529,37.3972065575,-121.9837695845,2,0,0
3bb5d6c4-17d0-4088-a616-11ce03dd3274,1480722332.319,85529.2,37.397206553,-121.9837695715,2,0,0
3bb5d6c4-17d0-4088-a616-11ce03dd3274,1480722332.52,85529.4,37.397206538,-121.983769573,2,0,0
3bb5d6c4-17d0-4088-a616-11ce03dd3274,1480722332.718,85529.6,37.3972065166667,-121.983769561333,2,0,0
3bb5d6c4-17d0-4088-a616-11ce03dd3274,1480722332.92,85529.8,37.397206516,-121.983769556333,2,0,0
3bb5d6c4-17d0-4088-a616-11ce03dd3274,1480722333.118,85530,37.3972064916667,-121.983769548,2,0,0
3bb5d6c4-17d0-4088-a616-11ce03dd3274,1480722333.319,85530.2,37.3972064775,-121.983769568833,2,0,0
3bb5d6c4-17d0-4088-a616-11ce03dd3274,1480722333.521,85530.4,37.397206471,-121.983769553167,2,0,0
3bb5d6c4-17d0-4088-a616-11ce03dd3274,1480722333.719,85530.6,37.397206452,-121.983769564833,2,0,0
3bb5d6c4-17d0-4088-a616-11ce03dd3274,1480722333.919,85530.8,37.3972064275,-121.983769560833,2,0,0
3bb5d6c4-17d0-4088-a616-11ce03dd3274,1480722334.122,85531,37.3972064231667,-121.983769572,2,0,0
3bb5d6c4-17d0-4088-a616-11ce03dd3274,1480722334.314,85531.2,37.3972064135,-121.9837695715,2,0,0
3bb5d6c4-17d0-4088-a616-11ce03dd3274,1480722334.521,85531.4,37.3972064001667,-121.983769574167,2,0,0
3bb5d6c4-17d0-4088-a616-11ce03dd3274,1480722334.718,85531.6,37.3972063568333,-121.983769578833,2,0,0
3bb5d6c4-17d0-4088-a616-11ce03dd3274,1480722334.912,85531.8,37.3972063753333,-121.983769577167,2,0,0
3bb5d6c4-17d0-4088-a616-11ce03dd3274,1480722335.12,85532,37.397206348,-121.983769575,2,0,0
3bb5d6c4-17d0-4088-a616-11ce03dd3274,1480722335.312,85532.2,37.397206335,-121.983769579333,2,0,0
3bb5d6c4-17d0-4088-a616-11ce03dd3274,1480722335.518,85532.4,37.3972063276667,-121.9837695795,2,0,0
3bb5d6c4-17d0-4088-a616-11ce03dd3274,1480722335.715,85532.6,37.3972063065,-121.983769584333,2,0,0
3bb5d6c4-17d0-4088-a616-11ce03dd3274,1480722335.913,85532.8,37.3972063085,-121.983769582167,2,0,0
3bb5d6c4-17d0-4088-a616-11ce03dd3274,1480722336.119,85533,37.3972062845,-121.983769586,2,0,0
3bb5d6c4-17d0-4088-a616-11ce03dd3274,1480722336.313,85533.2,37.397206292,-121.983769583,2,0,0
3bb5d6c4-17d0-4088-a616-11ce03dd3274,1480722336.517,85533.4,37.3972062701667,-121.983769585,2,0,0
3bb5d6c4-17d0-4088-a616-11ce03dd3274,1480722336.719,85533.6,37.3972062771667,-121.9837695885,2,0,0
3bb5d6c4-17d0-4088-a616-11ce03dd3274,1480722336.919,85533.8,37.3972062531667,-121.9837695915,2,0,0
3bb5d6c4-17d0-4088-a616-11ce03dd3274,1480722337.114,85534,37.3972062458333,-121.9837695915,2,0,0
3bb5d6c4-17d0-4088-a616-11ce03dd3274,1480722337.314,85534.2,37.3972062333333,-121.983769598,2,0,0
3bb5d6c4-17d0-4088-a616-11ce03dd3274,1480722337.52,85534.4,37.3972062436667,-121.983769600667,2,0,0
3bb5d6c4-17d0-4088-a616-11ce03dd3274,1480722337.721,85534.6,37.3972062171667,-121.9837696125,2,0,0
3bb5d6c4-17d0-4088-a616-11ce03dd3274,1480722337.915,85534.8,37.3972062266667,-121.983769621,2,0,0
3bb5d6c4-17d0-4088-a616-11ce03dd3274,1480722338.113,85535,37.3972062176667,-121.983769618,2,0,0
3bb5d6c4-17d0-4088-a616-11ce03dd3274,1480722338.318,85535.2,37.3972062355,-121.983769621333,2,0,0
3bb5d6c4-17d0-4088-a616-11ce03dd3274,1480722338.521,85535.4,37.3972062245,-121.983769626667,2,0,0
3bb5d6c4-17d0-4088-a616-11ce03dd3274,1480722338.716,85535.6,37.397206212,-121.983769638333,2,0,0
3bb5d6c4-17d0-4088-a616-11ce03dd3274,1480722338.916,85535.8,37.3972062216667,-121.983769639833,2,0,0
3bb5d6c4-17d0-4088-a616-11ce03dd3274,1480722339.119,85536,37.3972062333333,-121.983769634833,2,0,0
3bb5d6c4-17d0-4088-a616-11ce03dd3274,1480722339.312,85536.2,37.3972062346667,-121.983769635833,2,0,0
3bb5d6c4-17d0-4088-a616-11ce03dd3274,1480722339.516,85536.4,37.3972062483333,-121.983769642833,2,0,0
3bb5d6c4-17d0-4088-a616-11ce03dd3274,1480722339.72,85536.6,37.3972062628333,-121.9837696405,2,0,0
3bb5d6c4-17d0-4088-a616-11ce03dd3274,1480722339.914,85536.8,37.3972062658333,-121.9837696485,2,0,0
3bb5d6c4-17d0-4088-a616-11ce03dd3274,1480722340.115,85537,37.397206283,-121.983769661333,2,0,0
3bb5d6c4-17d0-4088-a616-11ce03dd3274,1480722340.319,85537.2,37.3972062821667,-121.983769657667,2,0,0
3bb5d6c4-17d0-4088-a616-11ce03dd3274,1480722340.513,85537.4,37.3972062901667,-121.983769668667,2,0,0
3bb5d6c4-17d0-4088-a616-11ce03dd3274,1480722340.716,85537.6,37.3972063065,-121.983769659667,2,0,0
3bb5d6c4-17d0-4088-a616-11ce03dd3274,1480722340.921,85537.8,37.3972063218333,-121.983769663833,2,0,0
3bb5d6c4-17d0-4088-a616-11ce03dd3274,1480722341.113,85538,37.397206322,-121.983769670667,2,0,0
3bb5d6c4-17d0-4088-a616-11ce03dd3274,1480722341.32,85538.2,37.3972063365,-121.983769669,2,0,0
3bb5d6c4-17d0-4088-a616-11ce03dd3274,1480722341.512,85538.4,37.3972063245,-121.983769678333,2,0,0
3bb5d6c4-17d0-4088-a616-11ce03dd3274,1480722341.721,85538.6,37.397206334,-121.983769688167,2,0,0
3bb5d6c4-17d0-4088-a616-11ce03dd3274,1480722341.914,85538.8,37.3972063598333,-121.983769683833,2,0,0
3bb5d6c4-17d0-4088-a616-11ce03dd3274,1480722342.12,85539,37.3972063585,-121.983769683333,2,0,0
3bb5d6c4-17d0-4088-a616-11ce03dd3274,1480722342.319,85539.2,37.3972063698333,-121.983769686667,2,0,0
3bb5d6c4-17d0-4088-a616-11ce03dd3274,1480722342.517,85539.4,37.3972063975,-121.9837696895,2,0,0
3bb5d6c4-17d0-4088-a616-11ce03dd3274,1480722342.715,85539.6,37.3972064093333,-121.983769691333,2,0,0
3bb5d6c4-17d0-4088-a616-11ce03dd3274,1480722342.92,85539.8,37.3972064143333,-121.983769691167,2,0,0
3bb5d6c4-17d0-4088-a616-11ce03dd3274,1480722343.115,85540,37.3972064235,-121.9837696785,2,0,0
3bb5d6c4-17d0-4088-a616-11ce03dd3274,1480722343.318,85540.2,37.3972064446667,-121.983769681333,2,0,0
3bb5d6c4-17d0-4088-a616-11ce03dd3274,1480722343.519,85540.4,37.3972064345,-121.983769681333,2,0,0
3bb5d6c4-17d0-4088-a616-11ce03dd3274,1480722343.712,85540.6,37.3972064441667,-121.9837696875,2,0,0
3bb5d6c4-17d0-4088-a616-11ce03dd3274,1480722343.914,85540.8,37.3972064366667,-121.983769683167,2,0,0
3bb5d6c4-17d0-4088-a616-11ce03dd3274,1480722344.116,85541,37.397206457,-121.983769684167,2,0,0
3bb5d6c4-17d0-4088-a616-11ce03dd3274,1480722344.314,85541.2,37.3972064423333,-121.983769683,2,0,0
3bb5d6c4-17d0-4088-a616-11ce03dd3274,1480722344.519,85541.4,37.3972064388333,-121.9837696795,2,0,0
3bb5d6c4-17d0-4088-a616-11ce03dd3274,1480722344.717,85541.6,37.397206438,-121.983769673167,2,0,0
3bb5d6c4-17d0-4088-a616-11ce03dd3274,1480722344.92,85541.8,37.3972064285,-121.9837696735,2,0,0
3bb5d6c4-17d0-4088-a616-11ce03dd3274,1480722345.116,85542,37.3972064353333,-121.983769665167,2,0,0
3bb5d6c4-17d0-4088-a616-11ce03dd3274,1480722345.313,85542.2,37.3972064538333,-121.983769662333,2,0,0
3bb5d6c4-17d0-4088-a616-11ce03dd3274,1480722345.52,85542.4,37.3972064681667,-121.98376965,2,0,0
3bb5d6c4-17d0-4088-a616-11ce03dd3274,1480722345.721,85542.6,37.3972064741667,-121.983769643667,2,0,0
3bb5d6c4-17d0-4088-a616-11ce03dd3274,1480722345.921,85542.8,37.3972064265,-121.983769640667,2,0,0
3bb5d6c4-17d0-4088-a616-11ce03dd3274,1480722346.119,85543,37.3972064348333,-121.983769642667,2,0,0
3bb5d6c4-17d0-4088-a616-11ce03dd3274,1480722346.314,85543.2,37.397206431,-121.983769646,2,0,0
3bb5d6c4-17d0-4088-a616-11ce03dd3274,1480722346.52,85543.4,37.3972064293333,-121.9837696585,2,0,0
3bb5d6c4-17d0-4088-a616-11ce03dd3274,1480722346.712,85543.6,37.3972064018333,-121.9837696735,2,0,0
3bb5d6c4-17d0-4088-a616-11ce03dd3274,1480722346.916,85543.8,37.3972063923333,-121.983769675167,2,0,0
3bb5d6c4-17d0-4088-a616-11ce03dd3274,1480722347.115,85544,37.3972063758333,-121.983769668333,2,0,0
3bb5d6c4-17d0-4088-a616-11ce03dd3274,1480722347.317,85544.2,37.3972063786667,-121.983769681167,2,0,0
3bb5d6c4-17d0-4088-a616-11ce03dd3274,1480722347.513,85544.4,37.3972063683333,-121.983769699833,2,0,0
3bb5d6c4-17d0-4088-a616-11ce03dd3274,1480722347.718,85544.6,37.3972063715,-121.983769691667,2,0,0
3bb5d6c4-17d0-4088-a616-11ce03dd3274,1480722347.916,85544.8,37.3972063551667,-121.9837696955,2,0,0
3bb5d6c4-17d0-4088-a616-11ce03dd3274,1480722348.12,85545,37.3972063383333,-121.983769701333,2,0,0
3bb5d6c4-17d0-4088-a616-11ce03dd3274,1480722348.314,85545.2,37.3972063333333,-121.983769702667,2,0,0
3bb5d6c4-17d0-4088-a616-11ce03dd3274,1480722348.516,85545.4,37.3972063328333,-121.983769702667,2,0,0
3bb5d6c4-17d0-4088-a616-11ce03dd3274,1480722348.72,85545.6,37.3972063115,-121.983769719,2,0,0
3bb5d6c4-17d0-4088-a616-11ce03dd3274,1480722348.918,85545.8,37.3972063375,-121.9837697095,2,0,0
3bb5d6c4-17d0-4088-a616-11ce03dd3274,1480722349.121,85546,37.3972063348333,-121.983769710833,2,0,0
3bb5d6c4-17d0-4088-a616-11ce03dd3274,1480722349.319,85546.2,37.3972063406667,-121.983769717167,2,0,0
3bb5d6c4-17d0-4088-a616-11ce03dd3274,1480722349.521,85546.4,37.3972063501667,-121.9837697175,2,0,0
3bb5d6c4-17d0-4088-a616-11ce03dd3274,1480722349.716,85546.6,37.3972063636667,-121.983769722,2,0,0
3bb5d6c4-17d0-4088-a616-11ce03dd3274,1480722349.912,85546.8,37.397206366,-121.983769728833,2,0,0
3bb5d6c4-17d0-4088-a616-11ce03dd3274,1480722350.12,85547,37.3972063826667,-121.983769723833,2,0,0
3bb5d6c4-17d0-4088-a616-11ce03dd3274,1480722350.311,85547.2,37.397206385,-121.983769726167,2,0,0
3bb5d6c4-17d0-4088-a616-11ce03dd3274,1480722350.514,85547.4,37.3972063918333,-121.983769724167,2,0,0
3bb5d6c4-17d0-4088-a616-11ce03dd3274,1480722350.711,85547.6,37.397206372,-121.983769729833,2,0,0
3bb5d6c4-17d0-4088-a616-11ce03dd3274,1480722350.917,85547.8,37.3972063371667,-121.983769743667,2,0,0
3bb5d6c4-17d0-4088-a616-11ce03dd3274,1480722351.12,85548,37.3972063151667,-121.983769738833,2,0,0
3bb5d6c4-17d0-4088-a616-11ce03dd3274,1480722351.319,85548.2,37.3972062698333,-121.983769699333,2,0,0
3bb5d6c4-17d0-4088-a616-11ce03dd3274,1480722351.518,85548.4,37.3972062921667,-121.9837696775,2,0,0
3bb5d6c4-17d0-4088-a616-11ce03dd3274,1480722351.716,85548.6,37.3972062613333,-121.983769690833,2,0,0
3bb5d6c4-17d0-4088-a616-11ce03dd3274,1480722351.92,85548.8,37.3972062655,-121.983769700333,2,0,0
3bb5d6c4-17d0-4088-a616-11ce03dd3274,1480722352.114,85549,37.397206252,-121.983769701667,2,0,0
3bb5d6c4-17d0-4088-a616-11ce03dd3274,1480722352.317,85549.2,37.397206246,-121.983769695333,2,0,0
3bb5d6c4-17d0-4088-a616-11ce03dd3274,1480722352.519,85549.4,37.3972061946667,-121.983769681667,2,0,0
3bb5d6c4-17d0-4088-a616-11ce03dd3274,1480722352.717,85549.6,37.3972062205,-121.983769674833,2,0,0
3bb5d6c4-17d0-4088-a616-11ce03dd3274,1480722352.912,85549.8,37.3972062136667,-121.983769660667,2,0,0
3bb5d6c4-17d0-4088-a616-11ce03dd3274,1480722353.117,85550,37.3972062065,-121.983769668167,2,0,0
3bb5d6c4-17d0-4088-a616-11ce03dd3274,1480722353.318,85550.2,37.3972062071667,-121.9837696795,2,0,0
3bb5d6c4-17d0-4088-a616-11ce03dd3274,1480722353.519,85550.4,37.3972062125,-121.9837696785,2,0,0
3bb5d6c4-17d0-4088-a616-11ce03dd3274,1480722353.716,85550.6,37.3972062166667,-121.983769685667,2,0,0
3bb5d6c4-17d0-4088-a616-11ce03dd3274,1480722353.918,85550.8,37.3972061963333,-121.983769756833,2,0,0
3bb5d6c4-17d0-4088-a616-11ce03dd3274,1480722354.118,85551,37.397206234,-121.983769986167,2,0,0
3bb5d6c4-17d0-4088-a616-11ce03dd3274,1480722354.319,85551.2,37.3972062553333,-121.983770353667,2,0,0
3bb5d6c4-17d0-4088-a616-11ce03dd3274,1480722354.52,85551.4,37.3972062493333,-121.9837708775,2,0,0
3bb5d6c4-17d0-4088-a616-11ce03dd3274,1480722354.714,85551.6,37.397206372,-121.983771588667,2,0,0
3bb5d6c4-17d0-4088-a616-11ce03dd3274,1480722354.912,85551.8,37.39720638,-121.983772418,2,0,0
3bb5d6c4-17d0-4088-a616-11ce03dd3274,1480722355.114,85552,37.3972064561667,-121.983773410333,2,0,0
3bb5d6c4-17d0-4088-a616-11ce03dd3274,1480722355.311,85552.2,37.397206428,-121.983774716333,2,0,0
3bb5d6c4-17d0-4088-a616-11ce03dd3274,1480722355.519,85552.4,37.3972062836667,-121.983776440333,2,0,0
3bb5d6c4-17d0-4088-a616-11ce03dd3274,1480722355.715,85552.6,37.3972061665,-121.983778735167,2,0,0
3bb5d6c4-17d0-4088-a616-11ce03dd3274,1480722355.919,85552.8,37.3972058991667,-121.9837813085,2,0,0
3bb5d6c4-17d0-4088-a616-11ce03dd3274,1480722356.118,85553,37.397205724,-121.983784050833,2,0,0
3bb5d6c4-17d0-4088-a616-11ce03dd3274,1480722356.314,85553.2,37.3972053951667,-121.983787039833,2,0,0
3bb5d6c4-17d0-4088-a616-11ce03dd3274,1480722356.511,85553.4,37.3972049128333,-121.983790270833,2,0,0
3bb5d6c4-17d0-4088-a616-11ce03dd3274,1480722356.721,85553.6,37.3972046765,-121.983793590833,2,0,0
3bb5d6c4-17d0-4088-a616-11ce03dd3274,1480722356.914,85553.8,37.3972042773333,-121.983797025333,2,0,0
3bb5d6c4-17d0-4088-a616-11ce03dd3274,1480722357.121,85554,37.3972037898333,-121.983800751667,2,0,0
3bb5d6c4-17d0-4088-a616-11ce03dd3274,1480722357.312,85554.2,37.397203121,-121.983804783167,2,0,0
3bb5d6c4-17d0-4088-a616-11ce03dd3274,1480722357.518,85554.4,37.3972024768333,-121.983809096333,2,0,0
3bb5d6c4-17d0-4088-a616-11ce03dd3274,1480722357.714,85554.6,37.3972018721667,-121.983813463333,2,0,0
3bb5d6c4-17d0-4088-a616-11ce03dd3274,1480722357.915,85554.8,37.3972013431667,-121.983818062833,2,0,0
3bb5d6c4-17d0-4088-a616-11ce03dd3274,1480722358.122,85555,37.3972007048333,-121.983822721833,2,0,0
3bb5d6c4-17d0-4088-a616-11ce03dd3274,1480722358.313,85555.2,37.3972001281667,-121.983827552,2,0,0
3bb5d6c4-17d0-4088-a616-11ce03dd3274,1480722358.515,85555.4,37.3971994676667,-121.983832504,2,0,0
3bb5d6c4-17d0-4088-a616-11ce03dd3274,1480722358.713,85555.6,37.397198817,-121.983837491,2,0,0
3bb5d6c4-17d0-4088-a616-11ce03dd3274,1480722358.915,85555.8,37.3971981411667,-121.983842568833,2,0,0
3bb5d6c4-17d0-4088-a616-11ce03dd3274,1480722359.114,85556,37.3971976255,-121.98384781,2,0,0
3bb5d6c4-17d0-4088-a616-11ce03dd3274,1480722359.311,85556.2,37.3971969561667,-121.983853089333,2,0,0
3bb5d6c4-17d0-4088-a616-11ce03dd3274,1480722359.517,85556.4,37.3971963035,-121.983858413333,2,0,0
3bb5d6c4-17d0-4088-a616-11ce03dd3274,1480722359.714,85556.6,37.3971956511667,-121.983863841167,2,0,0
3bb5d6c4-17d0-4088-a616-11ce03dd3274,1480722359.912,85556.8,37.3971950305,-121.9838693545,2,0,0
3bb5d6c4-17d0-4088-a616-11ce03dd3274,1480722360.116,85557,37.3971943565,-121.983874925833,2,0,0
3bb5d6c4-17d0-4088-a616-11ce03dd3274,1480722360.32,85557.2,37.3971936625,-121.983880604167,2,0,0
3bb5d6c4-17d0-4088-a616-11ce03dd3274,1480722360.516,85557.4,37.3971930348333,-121.983886373333,2,0,0
3bb5d6c4-17d0-4088-a616-11ce03dd3274,1480722360.719,85557.6,37.3971923476667,-121.9838922395,2,0,0
3bb5d6c4-17d0-4088-a616-11ce03dd3274,1480722360.915,85557.8,37.3971917631667,-121.983898300333,2,0,0
3bb5d6c4-17d0-4088-a616-11ce03dd3274,1480722361.114,85558,37.397191139,-121.983904530667,2,0,0
3bb5d6c4-17d0-4088-a616-11ce03dd3274,1480722361.317,85558.2,37.3971904735,-121.983910972,2,0,0
3bb5d6c4-17d0-4088-a616-11ce03dd3274,1480722361.52,85558.4,37.3971898878333,-121.983917513833,2,0,0
3bb5d6c4-17d0-4088-a616-11ce03dd3274,1480722361.713,85558.6,37.3971891728333,-121.9839241485,2,0,0
3bb5d6c4-17d0-4088-a616-11ce03dd3274,1480722361.921,85558.8,37.3971884785,-121.983930754,2,0,0
3bb5d6c4-17d0-4088-a616-11ce03dd3274,1480722362.12,85559,37.3971877703333,-121.9839373255,2,0,0
3bb5d6c4-17d0-4088-a616-11ce03dd3274,1480722362.318,85559.2,37.397187176,-121.983943870167,2,0,0
3bb5d6c4-17d0-4088-a616-11ce03dd3274,1480722362.521,85559.4,37.3971864621667,-121.983950439833,2,0,0
3bb5d6c4-17d0-4088-a616-11ce03dd3274,1480722362.719,85559.6,37.3971858395,-121.983957018667,2,0,0
3bb5d6c4-17d0-4088-a616-11ce03dd3274,1480722362.912,85559.8,37.3971851195,-121.983963651333,2,0,0
3bb5d6c4-17d0-4088-a616-11ce03dd3274,1480722363.117,85560,37.3971844958333,-121.983970280333,2,0,0
3bb5d6c4-17d0-4088-a616-11ce03dd3274,1480722363.318,85560.2,37.3971837966667,-121.983976919167,2,0,0
3bb5d6c4-17d0-4088-a616-11ce03dd3274,1480722363.511,85560.4,37.3971830923333,-121.9839835935,2,0,0
3bb5d6c4-17d0-4088-a616-11ce03dd3274,1480722363.714,85560.6,37.3971824705,-121.983990444667,2,0,0
3bb5d6c4-17d0-4088-a616-11ce03dd3274,1480722363.914,85560.8,37.3971820581667,-121.983997447167,2,0,0
3bb5d6c4-17d0-4088-a616-11ce03dd3274,1480722364.122,85561,37.3971816691667,-121.984004565167,2,0,0
3bb5d6c4-17d0-4088-a616-11ce03dd3274,1480722364.313,85561.2,37.3971811865,-121.984011678833,2,0,0
3bb5d6c4-17d0-4088-a616-11ce03dd3274,1480722364.515,85561.4,37.397180876,-121.9840189015,2,0,0
3bb5d6c4-17d0-4088-a616-11ce03dd3274,1480722364.711,85561.6,37.3971805111667,-121.984026176,2,0,0
3bb5d6c4-17d0-4088-a616-11ce03dd3274,1480722364.912,85561.8,37.3971802555,-121.984033521333,2,0,0
3bb5d6c4-17d0-4088-a616-11ce03dd3274,1480722365.118,85562,37.3971800085,-121.984040889,2,0,0
3bb5d6c4-17d0-4088-a616-11ce03dd3274,1480722365.32,85562.2,37.3971798515,-121.984048220667,2,0,0
3bb5d6c4-17d0-4088-a616-11ce03dd3274,1480722365.521,85562.4,37.3971796888333,-121.984055452,2,0,0
3bb5d6c4-17d0-4088-a616-11ce03dd3274,1480722365.714,85562.6,37.3971795391667,-121.984062602333,2,0,0
3bb5d6c4-17d0-4088-a616-11ce03dd3274,1480722365.918,85562.8,37.3971794716667,-121.9840697205,2,0,0
3bb5d6c4-17d0-4088-a616-11ce03dd3274,1480722366.112,85563,37.3971794276667,-121.984076699167,2,0,0
3bb5d6c4-17d0-4088-a616-11ce03dd3274,1480722366.316,85563.2,37.3971794175,-121.984083655167,2,0,0
3bb5d6c4-17d0-4088-a616-11ce03dd3274,1480722366.516,85563.4,37.3971792588333,-121.984090591833,2,0,0
3bb5d6c4-17d0-4088-a616-11ce03dd3274,1480722366.715,85563.6,37.3971792308333,-121.984097459167,2,0,0
3bb5d6c4-17d0-4088-a616-11ce03dd3274,1480722366.916,85563.8,37.3971792076667,-121.984104251833,2,0,0
3bb5d6c4-17d0-4088-a616-11ce03dd3274,1480722367.12,85564,37.3971791781667,-121.984110978167,2,0,0
3bb5d6c4-17d0-4088-a616-11ce03dd3274,1480722367.311,85564.2,37.397179164,-121.984117661,2,0,0
3bb5d6c4-17d0-4088-a616-11ce03dd3274,1480722367.516,85564.4,37.397179149,-121.984124276833,2,0,0
3bb5d6c4-17d0-4088-a616-11ce03dd3274,1480722367.721,85564.6,37.3971791498333,-121.984130809833,2,0,0
3bb5d6c4-17d0-4088-a616-11ce03dd3274,1480722367.912,85564.8,37.3971791321667,-121.984137277,2,0,0
3bb5d6c4-17d0-4088-a616-11ce03dd3274,1480722368.115,85565,37.397179128,-121.984143699667,2,0,0
3bb5d6c4-17d0-4088-a616-11ce03dd3274,1480722368.317,85565.2,37.397179107,-121.984150074833,2,0,0
3bb5d6c4-17d0-4088-a616-11ce03dd3274,1480722368.515,85565.4,37.3971791241667,-121.984156361833,2,0,0
3bb5d6c4-17d0-4088-a616-11ce03dd3274,1480722368.712,85565.6,37.397179093,-121.984162604833,2,0,0
3bb5d6c4-17d0-4088-a616-11ce03dd3274,1480722368.915,85565.8,37.3971790745,-121.9841687795,2,0,0
3bb5d6c4-17d0-4088-a616-11ce03dd3274,1480722369.121,85566,37.3971790585,-121.984174886167,2,0,0
3bb5d6c4-17d0-4088-a616-11ce03dd3274,1480722369.316,85566.2,37.3971790408333,-121.984180957333,2,0,0
3bb5d6c4-17d0-4088-a616-11ce03dd3274,1480722369.514,85566.4,37.3971790738333,-121.984186971833,2,0,0
3bb5d6c4-17d0-4088-a616-11ce03dd3274,1480722369.712,85566.6,37.3971790368333,-121.9841929185,2,0,0
3bb5d6c4-17d0-4088-a616-11ce03dd3274,1480722369.917,85566.8,37.3971790495,-121.984198807833,2,0,0
3bb5d6c4-17d0-4088-a616-11ce03dd3274,1480722370.111,85567,37.3971790231667,-121.984204655167,2,0,0
3bb5d6c4-17d0-4088-a616-11ce03dd3274,1480722370.315,85567.2,37.3971790448333,-121.9842104935,2,0,0
3bb5d6c4-17d0-4088-a616-11ce03dd3274,1480722370.515,85567.4,37.3971790516667,-121.984216282833,2,0,0
3bb5d6c4-17d0-4088-a616-11ce03dd3274,1480722370.719,85567.6,37.3971789795,-121.984221835167,2,0,0
3bb5d6c4-17d0-4088-a616-11ce03dd3274,1480722370.92,85567.8,37.397179069,-121.984226892667,2,0,0
3bb5d6c4-17d0-4088-a616-11ce03dd3274,1480722371.116,85568,37.397179155,-121.984232473333,2,0,0
3bb5d6c4-17d0-4088-a616-11ce03dd3274,1480722371.312,85568.2,37.397178975,-121.9842385395,2,0,0
3bb5d6c4-17d0-4088-a616-11ce03dd3274,1480722371.518,85568.4,37.3971789966667,-121.984243978833,2,0,0
3bb5d6c4-17d0-4088-a616-11ce03dd3274,1480722371.714,85568.6,37.3971790605,-121.984249259,2,0,0
3bb5d6c4-17d0-4088-a616-11ce03dd3274,1480722371.911,85568.8,37.3971791303333,-121.98425496,2,0,0
3bb5d6c4-17d0-4088-a616-11ce03dd3274,1480722372.117,85569,37.3971791291667,-121.9842603915,2,0,0
3bb5d6c4-17d0-4088-a616-11ce03dd3274,1480722372.319,85569.2,37.3971789883333,-121.984265263167,2,0,0
3bb5d6c4-17d0-4088-a616-11ce03dd3274,1480722372.512,85569.4,37.3971789635,-121.984270743333,2,0,0
3bb5d6c4-17d0-4088-a616-11ce03dd3274,1480722372.715,85569.6,37.3971790451667,-121.984276414167,2,0,0
3bb5d6c4-17d0-4088-a616-11ce03dd3274,1480722372.913,85569.8,37.3971789933333,-121.984281864833,2,0,0
3bb5d6c4-17d0-4088-a616-11ce03dd3274,1480722373.117,85570,37.3971789776667,-121.984287410833,2,0,0
3bb5d6c4-17d0-4088-a616-11ce03dd3274,1480722373.317,85570.2,37.3971789511667,-121.984293039167,2,0,0
3bb5d6c4-17d0-4088-a616-11ce03dd3274,1480722373.511,85570.4,37.397178932,-121.984298649333,2,0,0
3bb5d6c4-17d0-4088-a616-11ce03dd3274,1480722373.72,85570.6,37.3971788815,-121.984304326,2,0,0
3bb5d6c4-17d0-4088-a616-11ce03dd3274,1480722373.913,85570.8,37.397178841,-121.984310041167,2,0,0
3bb5d6c4-17d0-4088-a616-11ce03dd3274,1480722374.119,85571,37.3971788651667,-121.984315838,2,0,0
3bb5d6c4-17d0-4088-a616-11ce03dd3274,1480722374.311,85571.2,37.3971787881667,-121.984321624333,2,0,0
3bb5d6c4-17d0-4088-a616-11ce03dd3274,1480722374.514,85571.4,37.3971787476667,-121.9843274745,2,0,0
3bb5d6c4-17d0-4088-a616-11ce03dd3274,1480722374.712,85571.6,37.3971786773333,-121.984333369,2,0,0
3bb5d6c4-17d0-4088-a616-11ce03dd3274,1480722374.916,85571.8,37.39717865,-121.984339255167,2,0,0
3bb5d6c4-17d0-4088-a616-11ce03dd3274,1480722375.121,85572,37.3971785725,-121.984345166,2,0,0
3bb5d6c4-17d0-4088-a616-11ce03dd3274,1480722375.313,85572.2,37.3971785501667,-121.984351083667,2,0,0
3bb5d6c4-17d0-4088-a616-11ce03dd3274,1480722375.513,85572.4,37.3971785105,-121.9843570315,2,0,0
3bb5d6c4-17d0-4088-a616-11ce03dd3274,1480722375.717,85572.6,37.3971784473333,-121.9843629755,2,0,0
3bb5d6c4-17d0-4088-a616-11ce03dd3274,1480722375.921,85572.8,37.3971783943333,-121.9843689125,2,0,0
3bb5d6c4-17d0-4088-a616-11ce03dd3274,1480722376.114,85573,37.3971783606667,-121.984374875167,2,0,0
3bb5d6c4-17d0-4088-a616-11ce03dd3274,1480722376.32,85573.2,37.3971783121667,-121.984380836833,2,0,0
3bb5d6c4-17d0-4088-a616-11ce03dd3274,1480722376.516,85573.4,37.3971782428333,-121.9843867985,2,0,0
3bb5d6c4-17d0-4088-a616-11ce03dd3274,1480722376.71,85573.6,37.3971781398333,-121.984392766,2,0,0
3bb5d6c4-17d0-4088-a616-11ce03dd3274,1480722376.914,85573.8,37.397178068,-121.9843987205,2,0,0
3bb5d6c4-17d0-4088-a616-11ce03dd3274,1480722377.119,85574,37.3971779986667,-121.984404699,2,0,0
3bb5d6c4-17d0-4088-a616-11ce03dd3274,1480722377.315,85574.2,37.3971778533333,-121.98441054,2,0,0
3bb5d6c4-17d0-4088-a616-11ce03dd3274,1480722377.515,85574.4,37.3971778356667,-121.9844160535,2,0,0
3bb5d6c4-17d0-4088-a616-11ce03dd3274,1480722377.718,85574.6,37.3971778621667,-121.9844220755,2,0,0
3bb5d6c4-17d0-4088-a616-11ce03dd3274,1480722377.913,85574.8,37.3971777055,-121.984428348667,2,0,0
3bb5d6c4-17d0-4088-a616-11ce03dd3274,1480722378.115,85575,37.3971775578333,-121.984434153333,2,0,0
3bb5d6c4-17d0-4088-a616-11ce03dd3274,1480722378.321,85575.2,37.3971774718333,-121.984439919833,2,0,0
3bb5d6c4-17d0-4088-a616-11ce03dd3274,1480722378.516,85575.4,37.3971774295,-121.9844460205,2,0,0
3bb5d6c4-17d0-4088-a616-11ce03dd3274,1480722378.713,85575.6,37.3971773665,-121.984451649833,2,0,0
3bb5d6c4-17d0-4088-a616-11ce03dd3274,1480722378.917,85575.8,37.39717713,-121.984457301,2,0,0
3bb5d6c4-17d0-4088-a616-11ce03dd3274,1480722379.12,85576,37.397177095,-121.9844634895,2,0,0
3bb5d6c4-17d0-4088-a616-11ce03dd3274,1480722379.31,85576.2,37.3971769925,-121.984469471167,2,0,0
3bb5d6c4-17d0-4088-a616-11ce03dd3274,1480722379.518,85576.4,37.3971768436667,-121.9844754525,2,0,0
3bb5d6c4-17d0-4088-a616-11ce03dd3274,1480722379.712,85576.6,37.3971767515,-121.984481491167,2,0,0
3bb5d6c4-17d0-4088-a616-11ce03dd3274,1480722379.915,85576.8,37.3971766628333,-121.984487524333,2,0,0
3bb5d6c4-17d0-4088-a616-11ce03dd3274,1480722380.119,85577,37.3971764945,-121.984493634333,2,0,0
3bb5d6c4-17d0-4088-a616-11ce03dd3274,1480722380.314,85577.2,37.3971763261667,-121.984499788167,2,0,0
3bb5d6c4-17d0-4088-a616-11ce03dd3274,1480722380.518,85577.4,37.3971762216667,-121.984505932833,2,0,0
3bb5d6c4-17d0-4088-a616-11ce03dd3274,1480722380.712,85577.6,37.397176086,-121.9845121105,2,0,0
3bb5d6c4-17d0-4088-a616-11ce03dd3274,1480722380.919,85577.8,37.3971759263333,-121.984518356333,2,0,0
3bb5d6c4-17d0-4088-a616-11ce03dd3274,1480722381.111,85578,37.3971757101667,-121.984524565167,2,0,0
3bb5d6c4-17d0-4088-a616-11ce03dd3274,1480722381.316,85578.2,37.3971755313333,-121.984530823667,2,0,0
3bb5d6c4-17d0-4088-a616-11ce03dd3274,1480722381.511,85578.4,37.397175396,-121.984537095833,2,0,0
3bb5d6c4-17d0-4088-a616-11ce03dd3274,1480722381.717,85578.6,37.3971751996667,-121.984543349333,2,0,0
3bb5d6c4-17d0-4088-a616-11ce03dd3274,1480722381.913,85578.8,37.3971751156667,-121.984549666333,2,0,0
3bb5d6c4-17d0-4088-a616-11ce03dd3274,1480722382.114,85579,37.3971750536667,-121.9845559405,2,0,0
3bb5d6c4-17d0-4088-a616-11ce03dd3274,1480722382.314,85579.2,37.397175085,-121.984562264833,2,0,0
3bb5d6c4-17d0-4088-a616-11ce03dd3274,1480722382.514,85579.4,37.3971751653333,-121.984568635167,2,0,0
3bb5d6c4-17d0-4088-a616-11ce03dd3274,1480722382.719,85579.6,37.3971752228333,-121.984575008667,2,0,0
3bb5d6c4-17d0-4088-a616-11ce03dd3274,1480722382.914,85579.8,37.3971753781667,-121.984581429667,2,0,0
3bb5d6c4-17d0-4088-a616-11ce03dd3274,1480722383.121,85580,37.3971755143333,-121.984587899667,2,0,0
3bb5d6c4-17d0-4088-a616-11ce03dd3274,1480722383.313,85580.2,37.3971756901667,-121.984594473167,2,0,0
3bb5d6c4-17d0-4088-a616-11ce03dd3274,1480722383.517,85580.4,37.3971758723333,-121.984601048,2,0,0
3bb5d6c4-17d0-4088-a616-11ce03dd3274,1480722383.715,85580.6,37.3971760383333,-121.984607734667,2,0,0
3bb5d6c4-17d0-4088-a616-11ce03dd3274,1480722383.92,85580.8,37.3971762365,-121.9846145295,2,0,0
3bb5d6c4-17d0-4088-a616-11ce03dd3274,1480722384.114,85581,37.3971764093333,-121.984621357,2,0,0
3bb5d6c4-17d0-4088-a616-11ce03dd3274,1480722384.318,85581.2,37.3971765516667,-121.984628275333,2,0,0
3bb5d6c4-17d0-4088-a616-11ce03dd3274,1480722384.518,85581.4,37.3971767263333,-121.984635318167,2,0,0
3bb5d6c4-17d0-4088-a616-11ce03dd3274,1480722384.711,85581.6,37.3971768011667,-121.984642433667,2,0,0
3bb5d6c4-17d0-4088-a616-11ce03dd3274,1480722384.911,85581.8,37.3971767048333,-121.984649521333,2,0,0
3bb5d6c4-17d0-4088-a616-11ce03dd3274,1480722385.116,85582,37.3971765245,-121.9846566035,2,0,0
3bb5d6c4-17d0-4088-a616-11ce03dd3274,1480722385.321,85582.2,37.3971761395,-121.984663617333,2,0,0
3bb5d6c4-17d0-4088-a616-11ce03dd3274,1480722385.52,85582.4,37.3971756108333,-121.984670569,2,0,0
3bb5d6c4-17d0-4088-a616-11ce03dd3274,1480722385.718,85582.6,37.3971748183333,-121.984677470167,2,0,0
3bb5d6c4-17d0-4088-a616-11ce03dd3274,1480722385.916,85582.8,37.3971738235,-121.9846840405,2,0,0
3bb5d6c4-17d0-4088-a616-11ce03dd3274,1480722386.121,85583,37.3971727333333,-121.984690444,2,0,0
3bb5d6c4-17d0-4088-a616-11ce03dd3274,1480722386.316,85583.2,37.397171219,-121.984696685667,2,0,0
3bb5d6c4-17d0-4088-a616-11ce03dd3274,1480722386.511,85583.4,37.3971693761667,-121.984702803,2,0,0
3bb5d6c4-17d0-4088-a616-11ce03dd3274,1480722386.716,85583.6,37.3971672251667,-121.9847087445,2,0,0
3bb5d6c4-17d0-4088-a616-11ce03dd3274,1480722386.911,85583.8,37.3971647136667,-121.984714489167,2,0,0
3bb5d6c4-17d0-4088-a616-11ce03dd3274,1480722387.118,85584,37.397161949,-121.984720020833,2,0,0
3bb5d6c4-17d0-4088-a616-11ce03dd3274,1480722387.312,85584.2,37.3971588343333,-121.984725103333,2,0,0
3bb5d6c4-17d0-4088-a616-11ce03dd3274,1480722387.517,85584.4,37.3971555141667,-121.9847299675,2,0,0
3bb5d6c4-17d0-4088-a616-11ce03dd3274,1480722387.712,85584.6,37.3971519653333,-121.984734514167,2,0,0
3bb5d6c4-17d0-4088-a616-11ce03dd3274,1480722387.914,85584.8,37.3971482211667,-121.984738709667,2,0,0
3bb5d6c4-17d0-4088-a616-11ce03dd3274,1480722388.118,85585,37.3971442786667,-121.984742634833,2,0,0
3bb5d6c4-17d0-4088-a616-11ce03dd3274,1480722388.321,85585.2,37.3971401896667,-121.984746398833,2,0,0
3bb5d6c4-17d0-4088-a616-11ce03dd3274,1480722388.514,85585.4,37.397136135,-121.984750100333,2,0,0
3bb5d6c4-17d0-4088-a616-11ce03dd3274,1480722388.717,85585.6,37.3971320313333,-121.984753574167,2,0,0
3bb5d6c4-17d0-4088-a616-11ce03dd3274,1480722388.921,85585.8,37.39712773,-121.984756726667,2,0,0
3bb5d6c4-17d0-4088-a616-11ce03dd3274,1480722389.116,85586,37.3971235143333,-121.9847598605,2,0,0
3bb5d6c4-17d0-4088-a616-11ce03dd3274,1480722389.312,85586.2,37.3971192996667,-121.9847628895,2,0,0
3bb5d6c4-17d0-4088-a616-11ce03dd3274,1480722389.518,85586.4,37.397115024,-121.984765867,2,0,0
3bb5d6c4-17d0-4088-a616-11ce03dd3274,1480722389.714,85586.6,37.397110671,-121.984768823,2,0,0
3bb5d6c4-17d0-4088-a616-11ce03dd3274,1480722389.921,85586.8,37.3971063866667,-121.984771836167,2,0,0
3bb5d6c4-17d0-4088-a616-11ce03dd3274,1480722390.111,85587,37.3971019905,-121.9847748775,2,0,0
3bb5d6c4-17d0-4088-a616-11ce03dd3274,1480722390.32,85587.2,37.3970975986667,-121.984777903167,2,0,0
3bb5d6c4-17d0-4088-a616-11ce03dd3274,1480722390.513,85587.4,37.3970931911667,-121.984780950667,2,0,0
3bb5d6c4-17d0-4088-a616-11ce03dd3274,1480722390.715,85587.6,37.3970890025,-121.984784205667,2,0,0
3bb5d6c4-17d0-4088-a616-11ce03dd3274,1480722390.913,85587.8,37.3970849181667,-121.984787388333,2,0,0
3bb5d6c4-17d0-4088-a616-11ce03dd3274,1480722391.114,85588,37.3970807121667,-121.984790364167,2,0,0
3bb5d6c4-17d0-4088-a616-11ce03dd3274,1480722391.317,85588.2,37.3970765776667,-121.9847932895,2,0,0
3bb5d6c4-17d0-4088-a616-11ce03dd3274,1480722391.513,85588.4,37.3970725733333,-121.984796423333,2,0,0
3bb5d6c4-17d0-4088-a616-11ce03dd3274,1480722391.715,85588.6,37.3970686738333,-121.984799687333,2,0,0
3bb5d6c4-17d0-4088-a616-11ce03dd3274,1480722391.921,85588.8,37.3970649375,-121.984802901667,2,0,0
3bb5d6c4-17d0-4088-a616-11ce03dd3274,1480722392.115,85589,37.3970611538333,-121.984805844,2,0,0
3bb5d6c4-17d0-4088-a616-11ce03dd3274,1480722392.314,85589.2,37.3970572931667,-121.9848086695,2,0,0
3bb5d6c4-17d0-4088-a616-11ce03dd3274,1480722392.517,85589.4,37.3970535908333,-121.984811648167,2,0,0
3bb5d6c4-17d0-4088-a616-11ce03dd3274,1480722392.721,85589.6,37.3970497891667,-121.984814463833,2,0,0
3bb5d6c4-17d0-4088-a616-11ce03dd3274,1480722392.917,85589.8,37.397045852,-121.984816831333,2,0,0
3bb5d6c4-17d0-4088-a616-11ce03dd3274,1480722393.111,85590,37.3970419675,-121.984818659167,2,0,0
3bb5d6c4-17d0-4088-a616-11ce03dd3274,1480722393.312,85590.2,37.397038154,-121.9848197975,2,0,0
3bb5d6c4-17d0-4088-a616-11ce03dd3274,1480722393.513,85590.4,37.3970343101667,-121.984820496667,2,0,0
3bb5d6c4-17d0-4088-a616-11ce03dd3274,1480722393.712,85590.6,37.3970304146667,-121.984820774167,2,0,0
3bb5d6c4-17d0-4088-a616-11ce03dd3274,1480722393.917,85590.8,37.3970265885,-121.9848203735,2,0,0
3bb5d6c4-17d0-4088-a616-11ce03dd3274,1480722394.111,85591,37.3970227716667,-121.984819509833,2,0,0
3bb5d6c4-17d0-4088-a616-11ce03dd3274,1480722394.32,85591.2,37.3970190188333,-121.984818225167,2,0,0
3bb5d6c4-17d0-4088-a616-11ce03dd3274,1480722394.512,85591.4,37.397015398,-121.9848165315,2,0,0
3bb5d6c4-17d0-4088-a616-11ce03dd3274,1480722394.718,85591.6,37.3970119538333,-121.984814439333,2,0,0
3bb5d6c4-17d0-4088-a616-11ce03dd3274,1480722394.92,85591.8,37.3970085831667,-121.9848118505,2,0,0
3bb5d6c4-17d0-4088-a616-11ce03dd3274,1480722395.113,85592,37.3970053685,-121.984808749833,2,0,0
3bb5d6c4-17d0-4088-a616-11ce03dd3274,1480722395.317,85592.2,37.3970023243333,-121.984805162333,2,0,0
3bb5d6c4-17d0-4088-a616-11ce03dd3274,1480722395.52,85592.4,37.3969994433333,-121.984800731833,2,0,0
3bb5d6c4-17d0-4088-a616-11ce03dd3274,1480722395.714,85592.6,37.3969969405,-121.984796046,2,0,0
3bb5d6c4-17d0-4088-a616-11ce03dd3274,1480722395.915,85592.8,37.3969948783333,-121.984791021333,2,0,0
3bb5d6c4-17d0-4088-a616-11ce03dd3274,1480722396.12,85593,37.3969933008333,-121.9847858805,2,0,0
3bb5d6c4-17d0-4088-a616-11ce03dd3274,1480722396.318,85593.2,37.3969923286667,-121.9847807675,2,0,0
3bb5d6c4-17d0-4088-a616-11ce03dd3274,1480722396.52,85593.4,37.3969918123333,-121.984775463167,2,0,0
3bb5d6c4-17d0-4088-a616-11ce03dd3274,1480722396.717,85593.6,37.3969916391667,-121.984770058833,2,0,0
3bb5d6c4-17d0-4088-a616-11ce03dd3274,1480722396.915,85593.8,37.3969920538333,-121.984764644667,2,0,0
3bb5d6c4-17d0-4088-a616-11ce03dd3274,1480722397.113,85594,37.3969929036667,-121.984759423,2,0,0
3bb5d6c4-17d0-4088-a616-11ce03dd3274,1480722397.314,85594.2,37.3969941991667,-121.984754299,2,0,0
3bb5d6c4-17d0-4088-a616-11ce03dd3274,1480722397.52,85594.4,37.396995966,-121.984749487167,2,0,0
3bb5d6c4-17d0-4088-a616-11ce03dd3274,1480722397.714,85594.6,37.3969981478333,-121.984744876667,2,0,0
3bb5d6c4-17d0-4088-a616-11ce03dd3274,1480722397.918,85594.8,37.3970006735,-121.984740555167,2,0,0
3bb5d6c4-17d0-4088-a616-11ce03dd3274,1480722398.111,85595,37.3970035593333,-121.984736491167,2,0,0
3bb5d6c4-17d0-4088-a616-11ce03dd3274,1480722398.315,85595.2,37.3970068273333,-121.984732781333,2,0,0
3bb5d6c4-17d0-4088-a616-11ce03dd3274,1480722398.513,85595.4,37.3970104676667,-121.984729690833,2,0,0
3bb5d6c4-17d0-4088-a616-11ce03dd3274,1480722398.715,85595.6,37.3970144343333,-121.984726878333,2,0,0
3bb5d6c4-17d0-4088-a616-11ce03dd3274,1480722398.917,85595.8,37.3970186681667,-121.984724498167,2,0,0
3bb5d6c4-17d0-4088-a616-11ce03dd3274,1480722399.115,85596,37.3970230588333,-121.9847229,2,0,0
3bb5d6c4-17d0-4088-a616-11ce03dd3274,1480722399.321,85596.2,37.3970276676667,-121.984722073,2,0,0
3bb5d6c4-17d0-4088-a616-11ce03dd3274,1480722399.514,85596.4,37.3970323696667,-121.9847217375,2,0,0
3bb5d6c4-17d0-4088-a616-11ce03dd3274,1480722399.719,85596.6,37.3970369778333,-121.984722022167,2,0,0
3bb5d6c4-17d0-4088-a616-11ce03dd3274,1480722399.912,85596.8,37.397041597,-121.984723235167,2,0,0
3bb5d6c4-17d0-4088-a616-11ce03dd3274,1480722400.12,85597,37.3970462101667,-121.984725017333,2,0,0
3bb5d6c4-17d0-4088-a616-11ce03dd3274,1480722400.316,85597.2,37.3970509638333,-121.984727055167,2,0,0
3bb5d6c4-17d0-4088-a616-11ce03dd3274,1480722400.52,85597.4,37.3970557446667,-121.984729191,2,0,0
3bb5d6c4-17d0-4088-a616-11ce03dd3274,1480722400.716,85597.6,37.3970603933333,-121.984731546833,2,0,0
3bb5d6c4-17d0-4088-a616-11ce03dd3274,1480722400.915,85597.8,37.3970651171667,-121.984734027667,2,0,0
3bb5d6c4-17d0-4088-a616-11ce03dd3274,1480722401.118,85598,37.3970698475,-121.9847363605,2,0,0
3bb5d6c4-17d0-4088-a616-11ce03dd3274,1480722401.312,85598.2,37.3970746343333,-121.984738584,2,0,0
3bb5d6c4-17d0-4088-a616-11ce03dd3274,1480722401.512,85598.4,37.3970793503333,-121.9847408855,2,0,0
3bb5d6c4-17d0-4088-a616-11ce03dd3274,1480722401.718,85598.6,37.397084172,-121.9847430355,2,0,0
3bb5d6c4-17d0-4088-a616-11ce03dd3274,1480722401.912,85598.8,37.3970891321667,-121.984744991167,2,0,0
3bb5d6c4-17d0-4088-a616-11ce03dd3274,1480722402.117,85599,37.3970942748333,-121.984746620833,2,0,0
3bb5d6c4-17d0-4088-a616-11ce03dd3274,1480722402.315,85599.2,37.3970995121667,-121.984747960667,2,0,0
3bb5d6c4-17d0-4088-a616-11ce03dd3274,1480722402.514,85599.4,37.397104897,-121.984748956333,2,0,0
3bb5d6c4-17d0-4088-a616-11ce03dd3274,1480722402.719,85599.6,37.3971103383333,-121.984749351667,2,0,0
3bb5d6c4-17d0-4088-a616-11ce03dd3274,1480722402.911,85599.8,37.397115742,-121.984749397,2,0,0
3bb5d6c4-17d0-4088-a616-11ce03dd3274,1480722403.114,85600,37.3971211025,-121.98474906,2,0,0
3bb5d6c4-17d0-4088-a616-11ce03dd3274,1480722403.321,85600.2,37.3971264326667,-121.984748194833,2,0,0
3bb5d6c4-17d0-4088-a616-11ce03dd3274,1480722403.514,85600.4,37.3971317413333,-121.984746877167,2,0,0
3bb5d6c4-17d0-4088-a616-11ce03dd3274,1480722403.721,85600.6,37.3971368521667,-121.984744974167,2,0,0
3bb5d6c4-17d0-4088-a616-11ce03dd3274,1480722403.913,85600.8,37.3971418363333,-121.9847425995,2,0,0
3bb5d6c4-17d0-4088-a616-11ce03dd3274,1480722404.111,85601,37.3971465476667,-121.9847397525,2,0,0
3bb5d6c4-17d0-4088-a616-11ce03dd3274,1480722404.311,85601.2,37.3971508956667,-121.984736378,2,0,0
3bb5d6c4-17d0-4088-a616-11ce03dd3274,1480722404.518,85601.4,37.3971549383333,-121.984732515,2,0,0
3bb5d6c4-17d0-4088-a616-11ce03dd3274,1480722404.72,85601.6,37.3971587993333,-121.984728283833,2,0,0
3bb5d6c4-17d0-4088-a616-11ce03dd3274,1480722404.918,85601.8,37.3971622456667,-121.9847235605,2,0,0
3bb5d6c4-17d0-4088-a616-11ce03dd3274,1480722405.118,85602,37.3971654708333,-121.984718656,2,0,0
3bb5d6c4-17d0-4088-a616-11ce03dd3274,1480722405.312,85602.2,37.3971683065,-121.984713565,2,0,0
3bb5d6c4-17d0-4088-a616-11ce03dd3274,1480722405.518,85602.4,37.3971708806667,-121.984708265167,2,0,0
3bb5d6c4-17d0-4088-a616-11ce03dd3274,1480722405.718,85602.6,37.3971728083333,-121.984702563333,2,0,0
3bb5d6c4-17d0-4088-a616-11ce03dd3274,1480722405.913,85602.8,37.3971745383333,-121.984696772333,2,0,0
3bb5d6c4-17d0-4088-a616-11ce03dd3274,1480722406.118,85603,37.397175954,-121.984690705667,2,0,0
3bb5d6c4-17d0-4088-a616-11ce03dd3274,1480722406.319,85603.2,37.3971771136667,-121.9846845525,2,0,0
3bb5d6c4-17d0-4088-a616-11ce03dd3274,1480722406.512,85603.4,37.397177977,-121.984678413333,2,0,0
3bb5d6c4-17d0-4088-a616-11ce03dd3274,1480722406.714,85603.6,37.3971786168333,-121.984672283833,2,0,0
3bb5d6c4-17d0-4088-a616-11ce03dd3274,1480722406.919,85603.8,37.397179123,-121.984666121,2,0,0
3bb5d6c4-17d0-4088-a616-11ce03dd3274,1480722407.112,85604,37.3971794766667,-121.984660007833,2,0,0
3bb5d6c4-17d0-4088-a616-11ce03dd3274,1480722407.315,85604.2,37.3971797493333,-121.984653817667,2,0,0
3bb5d6c4-17d0-4088-a616-11ce03dd3274,1480722407.51,85604.4,37.3971800026667,-121.9846475375,2,0,0
3bb5d6c4-17d0-4088-a616-11ce03dd3274,1480722407.716,85604.6,37.3971802146667,-121.984641187667,2,0,0
3bb5d6c4-17d0-4088-a616-11ce03dd3274,1480722407.917,85604.8,37.3971804033333,-121.984634692167,2,0,0
3bb5d6c4-17d0-4088-a616-11ce03dd3274,1480722408.11,85605,37.3971805145,-121.984628103667,2,0,0
3bb5d6c4-17d0-4088-a616-11ce03dd3274,1480722408.317,85605.2,37.3971805945,-121.9846214155,2,0,0
3bb5d6c4-17d0-4088-a616-11ce03dd3274,1480722408.519,85605.4,37.3971807336667,-121.984614701667,2,0,0
3bb5d6c4-17d0-4088-a616-11ce03dd3274,1480722408.715,85605.6,37.3971808675,-121.984607816167,2,0,0
3bb5d6c4-17d0-4088-a616-11ce03dd3274,1480722408.914,85605.8,37.3971810623333,-121.984600942167,2,0,0
3bb5d6c4-17d0-4088-a616-11ce03dd3274,1480722409.11,85606,37.3971812295,-121.984593984167,2,0,0
3bb5d6c4-17d0-4088-a616-11ce03dd3274,1480722409.315,85606.2,37.3971813798333,-121.984586949667,2,0,0
3bb5d6c4-17d0-4088-a616-11ce03dd3274,1480722409.511,85606.4,37.3971815528333,-121.984579968,2,0,0
3bb5d6c4-17d0-4088-a616-11ce03dd3274,1480722409.718,85606.6,37.3971816416667,-121.984572951667,2,0,0
3bb5d6c4-17d0-4088-a616-11ce03dd3274,1480722409.911,85606.8,37.3971817428333,-121.984566038667,2,0,0
3bb5d6c4-17d0-4088-a616-11ce03dd3274,1480722410.116,85607,37.3971818923333,-121.9845591065,2,0,0
3bb5d6c4-17d0-4088-a616-11ce03dd3274,1480722410.32,85607.2,37.397182056,-121.9845521295,2,0,0
3bb5d6c4-17d0-4088-a616-11ce03dd3274,1480722410.513,85607.4,37.3971821205,-121.984545236833,2,0,0
3bb5d6c4-17d0-4088-a616-11ce03dd3274,1480722410.717,85607.6,37.3971822135,-121.984538262667,2,0,0
3bb5d6c4-17d0-4088-a616-11ce03dd3274,1480722410.92,85607.8,37.3971822846667,-121.984531358333,2,0,0
3bb5d6c4-17d0-4088-a616-11ce03dd3274,1480722411.111,85608,37.3971824043333,-121.9845244215,2,0,0
3bb5d6c4-17d0-4088-a616-11ce03dd3274,1480722411.311,85608.2,37.3971823848333,-121.984517475167,2,0,0
3bb5d6c4-17d0-4088-a616-11ce03dd3274,1480722411.511,85608.4,37.3971823545,-121.984510553833,2,0,0
3bb5d6c4-17d0-4088-a616-11ce03dd3274,1480722411.716,85608.6,37.3971825013333,-121.984503702333,2,0,0
3bb5d6c4-17d0-4088-a616-11ce03dd3274,1480722411.911,85608.8,37.3971825023333,-121.984496799833,2,0,0
3bb5d6c4-17d0-4088-a616-11ce03dd3274,1480722412.115,85609,37.3971825528333,-121.984489936667,2,0,0
3bb5d6c4-17d0-4088-a616-11ce03dd3274,1480722412.317,85609.2,37.3971825766667,-121.984483075667,2,0,0
3bb5d6c4-17d0-4088-a616-11ce03dd3274,1480722412.514,85609.4,37.3971827171667,-121.9844762925,2,0,0
3bb5d6c4-17d0-4088-a616-11ce03dd3274,1480722412.716,85609.6,37.397182758,-121.984469449833,2,0,0
3bb5d6c4-17d0-4088-a616-11ce03dd3274,1480722412.91,85609.8,37.3971829136667,-121.9844626795,2,0,0
3bb5d6c4-17d0-4088-a616-11ce03dd3274,1480722413.116,85610,37.397183043,-121.9844563825,2,0,0
3bb5d6c4-17d0-4088-a616-11ce03dd3274,1480722413.319,85610.2,37.3971830851667,-121.9844497095,2,0,0
3bb5d6c4-17d0-4088-a616-11ce03dd3274,1480722413.515,85610.4,37.3971833695,-121.984442494667,2,0,0
3bb5d6c4-17d0-4088-a616-11ce03dd3274,1480722413.719,85610.6,37.3971836215,-121.984435817,2,0,0
3bb5d6c4-17d0-4088-a616-11ce03dd3274,1480722413.916,85610.8,37.3971837581667,-121.984429363333,2,0,0
3bb5d6c4-17d0-4088-a616-11ce03dd3274,1480722414.119,85611,37.397183734,-121.9844228075,2,0,0
3bb5d6c4-17d0-4088-a616-11ce03dd3274,1480722414.319,85611.2,37.3971838521667,-121.984416642333,2,0,0
3bb5d6c4-17d0-4088-a616-11ce03dd3274,1480722414.514,85611.4,37.3971840881667,-121.984410241833,2,0,0
3bb5d6c4-17d0-4088-a616-11ce03dd3274,1480722414.715,85611.6,37.3971842355,-121.984403615,2,0,0
3bb5d6c4-17d0-4088-a616-11ce03dd3274,1480722414.915,85611.8,37.3971842761667,-121.984397073333,2,0,0
3bb5d6c4-17d0-4088-a616-11ce03dd3274,1480722415.119,85612,37.3971843701667,-121.984390369667,2,0,0
3bb5d6c4-17d0-4088-a616-11ce03dd3274,1480722415.311,85612.2,37.3971844566667,-121.984383433333,2,0,0
3bb5d6c4-17d0-4088-a616-11ce03dd3274,1480722415.519,85612.4,37.397184496,-121.984376437333,2,0,0
3bb5d6c4-17d0-4088-a616-11ce03dd3274,1480722415.717,85612.6,37.39718455,-121.984369341667,2,0,0
3bb5d6c4-17d0-4088-a616-11ce03dd3274,1480722415.912,85612.8,37.3971846175,-121.9843622085,2,0,0
3bb5d6c4-17d0-4088-a616-11ce03dd3274,1480722416.114,85613,37.3971846411667,-121.9843550145,2,0,0
3bb5d6c4-17d0-4088-a616-11ce03dd3274,1480722416.313,85613.2,37.3971846825,-121.984347862167,2,0,0
3bb5d6c4-17d0-4088-a616-11ce03dd3274,1480722416.511,85613.4,37.3971847438333,-121.9843405405,2,0,0
3bb5d6c4-17d0-4088-a616-11ce03dd3274,1480722416.716,85613.6,37.3971847556667,-121.984333181,2,0,0
3bb5d6c4-17d0-4088-a616-11ce03dd3274,1480722416.911,85613.8,37.3971848131667,-121.9843258955,2,0,0
3bb5d6c4-17d0-4088-a616-11ce03dd3274,1480722417.12,85614,37.397184796,-121.9843185125,2,0,0
3bb5d6c4-17d0-4088-a616-11ce03dd3274,1480722417.311,85614.2,37.3971847821667,-121.984311205833,2,0,0
3bb5d6c4-17d0-4088-a616-11ce03dd3274,1480722417.517,85614.4,37.3971847608333,-121.9843039635,2,0,0
3bb5d6c4-17d0-4088-a616-11ce03dd3274,1480722417.713,85614.6,37.3971847716667,-121.984296748833,2,0,0
3bb5d6c4-17d0-4088-a616-11ce03dd3274,1480722417.919,85614.8,37.3971847023333,-121.984289651167,2,0,0
3bb5d6c4-17d0-4088-a616-11ce03dd3274,1480722418.114,85615,37.3971846515,-121.984282606167,2,0,0
3bb5d6c4-17d0-4088-a616-11ce03dd3274,1480722418.317,85615.2,37.3971846388333,-121.984275669667,2,0,0
3bb5d6c4-17d0-4088-a616-11ce03dd3274,1480722418.51,85615.4,37.3971846531667,-121.984269202833,2,0,0
3bb5d6c4-17d0-4088-a616-11ce03dd3274,1480722418.72,85615.6,37.3971845778333,-121.984262593333,2,0,0
3bb5d6c4-17d0-4088-a616-11ce03dd3274,1480722418.914,85615.8,37.397184509,-121.9842553335,2,0,0
3bb5d6c4-17d0-4088-a616-11ce03dd3274,1480722419.116,85616,37.3971845685,-121.984248516667,2,0,0
3bb5d6c4-17d0-4088-a616-11ce03dd3274,1480722419.315,85616.2,37.3971845671667,-121.9842419455,2,0,0
3bb5d6c4-17d0-4088-a616-11ce03dd3274,1480722419.518,85616.4,37.397184534,-121.984235040167,2,0,0
3bb5d6c4-17d0-4088-a616-11ce03dd3274,1480722419.71,85616.6,37.3971844968333,-121.984228333667,2,0,0
3bb5d6c4-17d0-4088-a616-11ce03dd3274,1480722419.916,85616.8,37.397184505,-121.984221261667,2,0,0
3bb5d6c4-17d0-4088-a616-11ce03dd3274,1480722420.11,85617,37.397184494,-121.9842139495,2,0,0
3bb5d6c4-17d0-4088-a616-11ce03dd3274,1480722420.312,85617.2,37.3971844725,-121.9842067295,2,0,0
3bb5d6c4-17d0-4088-a616-11ce03dd3274,1480722420.52,85617.4,37.3971844963333,-121.984199375667,2,0,0
3bb5d6c4-17d0-4088-a616-11ce03dd3274,1480722420.712,85617.6,37.3971845215,-121.984191820667,2,0,0
3bb5d6c4-17d0-4088-a616-11ce03dd3274,1480722420.919,85617.8,37.3971845918333,-121.984184169667,2,0,0
3bb5d6c4-17d0-4088-a616-11ce03dd3274,1480722421.111,85618,37.3971846583333,-121.984176449,2,0,0
3bb5d6c4-17d0-4088-a616-11ce03dd3274,1480722421.311,85618.2,37.3971847396667,-121.984168571,2,0,0
3bb5d6c4-17d0-4088-a616-11ce03dd3274,1480722421.515,85618.4,37.3971848368333,-121.9841606335,2,0,0
3bb5d6c4-17d0-4088-a616-11ce03dd3274,1480722421.71,85618.6,37.3971849306667,-121.9841526545,2,0,0
3bb5d6c4-17d0-4088-a616-11ce03dd3274,1480722421.912,85618.8,37.3971850501667,-121.984144702167,2,0,0
3bb5d6c4-17d0-4088-a616-11ce03dd3274,1480722422.116,85619,37.3971851133333,-121.9841367685,2,0,0
3bb5d6c4-17d0-4088-a616-11ce03dd3274,1480722422.312,85619.2,37.3971851915,-121.9841289115,2,0,0
3bb5d6c4-17d0-4088-a616-11ce03dd3274,1480722422.517,85619.4,37.3971852855,-121.984121075,2,0,0
3bb5d6c4-17d0-4088-a616-11ce03dd3274,1480722422.713,85619.6,37.397185322,-121.984113252,2,0,0
3bb5d6c4-17d0-4088-a616-11ce03dd3274,1480722422.913,85619.8,37.3971853941667,-121.984105364833,2,0,0
3bb5d6c4-17d0-4088-a616-11ce03dd3274,1480722423.116,85620,37.3971854485,-121.984097594333,2,0,0
3bb5d6c4-17d0-4088-a616-11ce03dd3274,1480722423.318,85620.2,37.3971856141667,-121.984089759,2,0,0
3bb5d6c4-17d0-4088-a616-11ce03dd3274,1480722423.52,85620.4,37.3971858251667,-121.984081916,2,0,0
3bb5d6c4-17d0-4088-a616-11ce03dd3274,1480722423.711,85620.6,37.3971860403333,-121.984074114833,2,0,0
3bb5d6c4-17d0-4088-a616-11ce03dd3274,1480722423.916,85620.8,37.3971861753333,-121.984066418,2,0,0
3bb5d6c4-17d0-4088-a616-11ce03dd3274,1480722424.111,85621,37.3971864581667,-121.984058624667,2,0,0
3bb5d6c4-17d0-4088-a616-11ce03dd3274,1480722424.315,85621.2,37.3971866988333,-121.984050886667,2,0,0
3bb5d6c4-17d0-4088-a616-11ce03dd3274,1480722424.509,85621.4,37.397186995,-121.984043189833,2,0,0
3bb5d6c4-17d0-4088-a616-11ce03dd3274,1480722424.717,85621.6,37.3971872525,-121.984035449333,2,0,0
3bb5d6c4-17d0-4088-a616-11ce03dd3274,1480722424.912,85621.8,37.3971875565,-121.984027686333,2,0,0
3bb5d6c4-17d0-4088-a616-11ce03dd3274,1480722425.114,85622,37.3971877811667,-121.9840199935,2,0,0
3bb5d6c4-17d0-4088-a616-11ce03dd3274,1480722425.31,85622.2,37.397187928,-121.984012324167,2,0,0
3bb5d6c4-17d0-4088-a616-11ce03dd3274,1480722425.517,85622.4,37.397188109,-121.984004660167,2,0,0
3bb5d6c4-17d0-4088-a616-11ce03dd3274,1480722425.714,85622.6,37.3971882648333,-121.983997009333,2,0,0
3bb5d6c4-17d0-4088-a616-11ce03dd3274,1480722425.918,85622.8,37.3971884268333,-121.983989390167,2,0,0
3bb5d6c4-17d0-4088-a616-11ce03dd3274,1480722426.113,85623,37.3971885313333,-121.983981734667,2,0,0
3bb5d6c4-17d0-4088-a616-11ce03dd3274,1480722426.316,85623.2,37.3971886708333,-121.983974080667,2,0,0
3bb5d6c4-17d0-4088-a616-11ce03dd3274,1480722426.516,85623.4,37.397188889,-121.9839663185,2,0,0
3bb5d6c4-17d0-4088-a616-11ce03dd3274,1480722426.711,85623.6,37.397189084,-121.983958657,2,0,0
3bb5d6c4-17d0-4088-a616-11ce03dd3274,1480722426.913,85623.8,37.3971892225,-121.9839510095,2,0,0
3bb5d6c4-17d0-4088-a616-11ce03dd3274,1480722427.117,85624,37.3971892845,-121.983943285333,2,0,0
3bb5d6c4-17d0-4088-a616-11ce03dd3274,1480722427.312,85624.2,37.39718934,-121.983935613,2,0,0
3bb5d6c4-17d0-4088-a616-11ce03dd3274,1480722427.514,85624.4,37.3971894041667,-121.983927936,2,0,0
3bb5d6c4-17d0-4088-a616-11ce03dd3274,1480722427.709,85624.6,37.3971894518333,-121.983920268167,2,0,0
3bb5d6c4-17d0-4088-a616-11ce03dd3274,1480722427.915,85624.8,37.3971894638333,-121.983912632333,2,0,0
3bb5d6c4-17d0-4088-a616-11ce03dd3274,1480722428.115,85625,37.3971893943333,-121.983905037,2,0,0
3bb5d6c4-17d0-4088-a616-11ce03dd3274,1480722428.316,85625.2,37.397189222,-121.983897390833,2,0,0
3bb5d6c4-17d0-4088-a616-11ce03dd3274,1480722428.515,85625.4,37.3971892106667,-121.983889744667,2,0,0
3bb5d6c4-17d0-4088-a616-11ce03dd3274,1480722428.718,85625.6,37.3971891266667,-121.983882125167,2,0,0
3bb5d6c4-17d0-4088-a616-11ce03dd3274,1480722428.917,85625.8,37.397188968,-121.983874366167,2,0,0
3bb5d6c4-17d0-4088-a616-11ce03dd3274,1480722429.109,85626,37.3971886105,-121.983866735833,2,0,0
3bb5d6c4-17d0-4088-a616-11ce03dd3274,1480722429.315,85626.2,37.3971882438333,-121.9838590535,2,0,0
3bb5d6c4-17d0-4088-a616-11ce03dd3274,1480722429.511,85626.4,37.3971876556667,-121.9838514065,2,0,0
3bb5d6c4-17d0-4088-a616-11ce03dd3274,1480722429.712,85626.6,37.3971868386667,-121.9838437785,2,0,0
3bb5d6c4-17d0-4088-a616-11ce03dd3274,1480722429.916,85626.8,37.3971857733333,-121.983836285333,2,0,0
3bb5d6c4-17d0-4088-a616-11ce03dd3274,1480722430.111,85627,37.3971845033333,-121.983828824667,2,0,0
3bb5d6c4-17d0-4088-a616-11ce03dd3274,1480722430.311,85627.2,37.397182813,-121.9838214855,2,0,0
3bb5d6c4-17d0-4088-a616-11ce03dd3274,1480722430.516,85627.4,37.3971807933333,-121.983814265167,2,0,0
3bb5d6c4-17d0-4088-a616-11ce03dd3274,1480722430.712,85627.6,37.3971782545,-121.9838073355,2,0,0
3bb5d6c4-17d0-4088-a616-11ce03dd3274,1480722430.912,85627.8,37.3971753245,-121.9838006875,2,0,0
3bb5d6c4-17d0-4088-a616-11ce03dd3274,1480722431.113,85628,37.397171982,-121.983794367333,2,0,0
3bb5d6c4-17d0-4088-a616-11ce03dd3274,1480722431.315,85628.2,37.3971681841667,-121.983788329667,2,0,0
3bb5d6c4-17d0-4088-a616-11ce03dd3274,1480722431.512,85628.4,37.397163999,-121.983782808667,2,0,0
3bb5d6c4-17d0-4088-a616-11ce03dd3274,1480722431.718,85628.6,37.3971594821667,-121.983777930333,2,0,0
3bb5d6c4-17d0-4088-a616-11ce03dd3274,1480722431.914,85628.8,37.3971545406667,-121.983773457333,2,0,0
3bb5d6c4-17d0-4088-a616-11ce03dd3274,1480722432.118,85629,37.3971492518333,-121.983769505333,2,0,0
3bb5d6c4-17d0-4088-a616-11ce03dd3274,1480722432.313,85629.2,37.3971437891667,-121.9837661945,2,0,0
3bb5d6c4-17d0-4088-a616-11ce03dd3274,1480722432.517,85629.4,37.3971379955,-121.983763686,2,0,0
3bb5d6c4-17d0-4088-a616-11ce03dd3274,1480722432.719,85629.6,37.3971320763333,-121.9837618145,2,0,0
3bb5d6c4-17d0-4088-a616-11ce03dd3274,1480722432.912,85629.8,37.3971258645,-121.9837607305,2,0,0
3bb5d6c4-17d0-4088-a616-11ce03dd3274,1480722433.112,85630,37.3971198825,-121.983760345333,2,0,0
3bb5d6c4-17d0-4088-a616-11ce03dd3274,1480722433.316,85630.2,37.3971138583333,-121.983760752333,2,0,0
3bb5d6c4-17d0-4088-a616-11ce03dd3274,1480722433.517,85630.4,37.3971078496667,-121.9837617855,2,0,0
3bb5d6c4-17d0-4088-a616-11ce03dd3274,1480722433.711,85630.6,37.3971020723333,-121.9837633865,2,0,0
3bb5d6c4-17d0-4088-a616-11ce03dd3274,1480722433.917,85630.8,37.3970963293333,-121.983765385,2,0,0
3bb5d6c4-17d0-4088-a616-11ce03dd3274,1480722434.11,85631,37.3970908843333,-121.983767987333,2,0,0
3bb5d6c4-17d0-4088-a616-11ce03dd3274,1480722434.312,85631.2,37.397085679,-121.983771177667,2,0,0
3bb5d6c4-17d0-4088-a616-11ce03dd3274,1480722434.519,85631.4,37.3970806368333,-121.983774752833,2,0,0
3bb5d6c4-17d0-4088-a616-11ce03dd3274,1480722434.713,85631.6,37.3970757375,-121.983778281333,2,0,0
3bb5d6c4-17d0-4088-a616-11ce03dd3274,1480722434.918,85631.8,37.3970710953333,-121.983781828833,2,0,0
3bb5d6c4-17d0-4088-a616-11ce03dd3274,1480722435.115,85632,37.397066685,-121.9837856175,2,0,0
3bb5d6c4-17d0-4088-a616-11ce03dd3274,1480722435.316,85632.2,37.3970622828333,-121.98378905,2,0,0
3bb5d6c4-17d0-4088-a616-11ce03dd3274,1480722435.512,85632.4,37.3970580928333,-121.983792304833,2,0,0
3bb5d6c4-17d0-4088-a616-11ce03dd3274,1480722435.715,85632.6,37.3970538096667,-121.983794877667,2,0,0
3bb5d6c4-17d0-4088-a616-11ce03dd3274,1480722435.911,85632.8,37.397049559,-121.9837972005,2,0,0
3bb5d6c4-17d0-4088-a616-11ce03dd3274,1480722436.116,85633,37.3970455438333,-121.983799156,2,0,0
3bb5d6c4-17d0-4088-a616-11ce03dd3274,1480722436.318,85633.2,37.3970415261667,-121.983800483167,2,0,0
3bb5d6c4-17d0-4088-a616-11ce03dd3274,1480722436.513,85633.4,37.3970375771667,-121.983801337667,2,0,0
3bb5d6c4-17d0-4088-a616-11ce03dd3274,1480722436.713,85633.6,37.3970335855,-121.983801728333,2,0,0
3bb5d6c4-17d0-4088-a616-11ce03dd3274,1480722436.92,85633.8,37.3970297835,-121.983801676,2,0,0
3bb5d6c4-17d0-4088-a616-11ce03dd3274,1480722437.112,85634,37.3970258646667,-121.983801094,2,0,0
3bb5d6c4-17d0-4088-a616-11ce03dd3274,1480722437.312,85634.2,37.3970219568333,-121.983799911667,2,0,0
3bb5d6c4-17d0-4088-a616-11ce03dd3274,1480722437.509,85634.4,37.3970180011667,-121.983798226333,2,0,0
3bb5d6c4-17d0-4088-a616-11ce03dd3274,1480722437.716,85634.6,37.3970142938333,-121.983796097667,2,0,0
3bb5d6c4-17d0-4088-a616-11ce03dd3274,1480722437.92,85634.8,37.3970108945,-121.983793527167,2,0,0
3bb5d6c4-17d0-4088-a616-11ce03dd3274,1480722438.114,85635,37.3970079108333,-121.983790653,2,0,0
3bb5d6c4-17d0-4088-a616-11ce03dd3274,1480722438.313,85635.2,37.3970051526667,-121.983787400333,2,0,0
3bb5d6c4-17d0-4088-a616-11ce03dd3274,1480722438.517,85635.4,37.3970027021667,-121.983783849667,2,0,0
3bb5d6c4-17d0-4088-a616-11ce03dd3274,1480722438.71,85635.6,37.3970004415,-121.9837801575,2,0,0
3bb5d6c4-17d0-4088-a616-11ce03dd3274,1480722438.914,85635.8,37.396998554,-121.983776186667,2,0,0
3bb5d6c4-17d0-4088-a616-11ce03dd3274,1480722439.116,85636,37.3969968585,-121.983771985333,2,0,0
3bb5d6c4-17d0-4088-a616-11ce03dd3274,1480722439.312,85636.2,37.3969955531667,-121.983767472,2,0,0
3bb5d6c4-17d0-4088-a616-11ce03dd3274,1480722439.519,85636.4,37.3969945595,-121.983762819167,2,0,0
3bb5d6c4-17d0-4088-a616-11ce03dd3274,1480722439.712,85636.6,37.3969939363333,-121.983757986333,2,0,0
3bb5d6c4-17d0-4088-a616-11ce03dd3274,1480722439.916,85636.8,37.396993629,-121.983753067167,2,0,0
3bb5d6c4-17d0-4088-a616-11ce03dd3274,1480722440.11,85637,37.3969937168333,-121.983748002,2,0,0
3bb5d6c4-17d0-4088-a616-11ce03dd3274,1480722440.318,85637.2,37.3969942498333,-121.983743037333,2,0,0
3bb5d6c4-17d0-4088-a616-11ce03dd3274,1480722440.519,85637.4,37.3969951026667,-121.983738066667,2,0,0
3bb5d6c4-17d0-4088-a616-11ce03dd3274,1480722440.714,85637.6,37.3969964965,-121.983733300333,2,0,0
3bb5d6c4-17d0-4088-a616-11ce03dd3274,1480722440.91,85637.8,37.3969982691667,-121.983728595667,2,0,0
3bb5d6c4-17d0-4088-a616-11ce03dd3274,1480722441.111,85638,37.3970003723333,-121.983724022167,2,0,0
3bb5d6c4-17d0-4088-a616-11ce03dd3274,1480722441.317,85638.2,37.397002931,-121.983719737333,2,0,0
3bb5d6c4-17d0-4088-a616-11ce03dd3274,1480722441.509,85638.4,37.3970057586667,-121.983715645167,2,0,0
3bb5d6c4-17d0-4088-a616-11ce03dd3274,1480722441.716,85638.6,37.3970090095,-121.983712032833,2,0,0
3bb5d6c4-17d0-4088-a616-11ce03dd3274,1480722441.92,85638.8,37.3970126111667,-121.983708864333,2,0,0
3bb5d6c4-17d0-4088-a616-11ce03dd3274,1480722442.113,85639,37.3970165861667,-121.983706349833,2,0,0
3bb5d6c4-17d0-4088-a616-11ce03dd3274,1480722442.317,85639.2,37.3970206673333,-121.9837042385,2,0,0
3bb5d6c4-17d0-4088-a616-11ce03dd3274,1480722442.515,85639.4,37.397024949,-121.983702649,2,0,0
3bb5d6c4-17d0-4088-a616-11ce03dd3274,1480722442.719,85639.6,37.3970294058333,-121.983701361333,2,0,0
3bb5d6c4-17d0-4088-a616-11ce03dd3274,1480722442.915,85639.8,37.3970340498333,-121.983700513333,2,0,0
3bb5d6c4-17d0-4088-a616-11ce03dd3274,1480722443.115,85640,37.3970389221667,-121.983699999333,2,0,0
3bb5d6c4-17d0-4088-a616-11ce03dd3274,1480722443.31,85640.2,37.3970438246667,-121.983699833333,2,0,0
3bb5d6c4-17d0-4088-a616-11ce03dd3274,1480722443.51,85640.4,37.3970487768333,-121.983699995667,2,0,0
3bb5d6c4-17d0-4088-a616-11ce03dd3274,1480722443.717,85640.6,37.3970537418333,-121.983700173,2,0,0
3bb5d6c4-17d0-4088-a616-11ce03dd3274,1480722443.913,85640.8,37.3970587188333,-121.983700563167,2,0,0
3bb5d6c4-17d0-4088-a616-11ce03dd3274,1480722444.116,85641,37.3970636756667,-121.983701131833,2,0,0
3bb5d6c4-17d0-4088-a616-11ce03dd3274,1480722444.313,85641.2,37.3970686463333,-121.983701810667,2,0,0
3bb5d6c4-17d0-4088-a616-11ce03dd3274,1480722444.519,85641.4,37.3970737353333,-121.983702595167,2,0,0
3bb5d6c4-17d0-4088-a616-11ce03dd3274,1480722444.715,85641.6,37.3970788705,-121.983703435,2,0,0
3bb5d6c4-17d0-4088-a616-11ce03dd3274,1480722444.919,85641.8,37.397083924,-121.983704476167,2,0,0
3bb5d6c4-17d0-4088-a616-11ce03dd3274,1480722445.112,85642,37.3970889295,-121.983705639833,2,0,0
3bb5d6c4-17d0-4088-a616-11ce03dd3274,1480722445.311,85642.2,37.3970938745,-121.983706882667,2,0,0
3bb5d6c4-17d0-4088-a616-11ce03dd3274,1480722445.518,85642.4,37.3970987443333,-121.9837082645,2,0,0
3bb5d6c4-17d0-4088-a616-11ce03dd3274,1480722445.717,85642.6,37.3971036161667,-121.983709897167,2,0,0
3bb5d6c4-17d0-4088-a616-11ce03dd3274,1480722445.909,85642.8,37.3971084641667,-121.983711834833,2,0,0
3bb5d6c4-17d0-4088-a616-11ce03dd3274,1480722446.118,85643,37.3971133413333,-121.983713863,2,0,0
3bb5d6c4-17d0-4088-a616-11ce03dd3274,1480722446.317,85643.2,37.3971181123333,-121.983716182333,2,0,0
3bb5d6c4-17d0-4088-a616-11ce03dd3274,1480722446.513,85643.4,37.3971228896667,-121.983718825,2,0,0
3bb5d6c4-17d0-4088-a616-11ce03dd3274,1480722446.719,85643.6,37.3971275426667,-121.983721884167,2,0,0
3bb5d6c4-17d0-4088-a616-11ce03dd3274,1480722446.914,85643.8,37.3971321613333,-121.983725212,2,0,0
3bb5d6c4-17d0-4088-a616-11ce03dd3274,1480722447.117,85644,37.3971366633333,-121.983728924333,2,0,0
3bb5d6c4-17d0-4088-a616-11ce03dd3274,1480722447.31,85644.2,37.3971411776667,-121.983733018333,2,0,0
3bb5d6c4-17d0-4088-a616-11ce03dd3274,1480722447.514,85644.4,37.3971454315,-121.9837374755,2,0,0
3bb5d6c4-17d0-4088-a616-11ce03dd3274,1480722447.717,85644.6,37.397149569,-121.983742339,2,0,0
3bb5d6c4-17d0-4088-a616-11ce03dd3274,1480722447.912,85644.8,37.3971536808333,-121.983747517,2,0,0
3bb5d6c4-17d0-4088-a616-11ce03dd3274,1480722448.114,85645,37.397157414,-121.983752969167,2,0,0
3bb5d6c4-17d0-4088-a616-11ce03dd3274,1480722448.312,85645.2,37.3971608876667,-121.9837585535,2,0,0
3bb5d6c4-17d0-4088-a616-11ce03dd3274,1480722448.51,85645.4,37.3971642013333,-121.9837642295,2,0,0
3bb5d6c4-17d0-4088-a616-11ce03dd3274,1480722448.713,85645.6,37.397167175,-121.983770034667,2,0,0
3bb5d6c4-17d0-4088-a616-11ce03dd3274,1480722448.918,85645.8,37.3971699111667,-121.983776101833,2,0,0
3bb5d6c4-17d0-4088-a616-11ce03dd3274,1480722449.119,85646,37.3971723643333,-121.983782274,2,0,0
3bb5d6c4-17d0-4088-a616-11ce03dd3274,1480722449.317,85646.2,37.397174658,-121.983788613667,2,0,0
3bb5d6c4-17d0-4088-a616-11ce03dd3274,1480722449.516,85646.4,37.3971767178333,-121.9837950205,2,0,0
3bb5d6c4-17d0-4088-a616-11ce03dd3274,1480722449.709,85646.6,37.3971784488333,-121.983801522833,2,0,0
3bb5d6c4-17d0-4088-a616-11ce03dd3274,1480722449.914,85646.8,37.3971800216667,-121.983808057167,2,0,0
3bb5d6c4-17d0-4088-a616-11ce03dd3274,1480722450.111,85647,37.3971813228333,-121.983814606,2,0,0
3bb5d6c4-17d0-4088-a616-11ce03dd3274,1480722450.312,85647.2,37.3971823686667,-121.9838211325,2,0,0
3bb5d6c4-17d0-4088-a616-11ce03dd3274,1480722450.513,85647.4,37.3971832695,-121.983827538333,2,0,0
3bb5d6c4-17d0-4088-a616-11ce03dd3274,1480722450.711,85647.6,37.3971839426667,-121.983833942167,2,0,0
3bb5d6c4-17d0-4088-a616-11ce03dd3274,1480722450.912,85647.8,37.3971844523333,-121.983840315833,2,0,0
3bb5d6c4-17d0-4088-a616-11ce03dd3274,1480722451.115,85648,37.3971848101667,-121.983846673833,2,0,0
3bb5d6c4-17d0-4088-a616-11ce03dd3274,1480722451.309,85648.2,37.397185042,-121.9838530495,2,0,0
3bb5d6c4-17d0-4088-a616-11ce03dd3274,1480722451.509,85648.4,37.3971852956667,-121.983859498333,2,0,0
3bb5d6c4-17d0-4088-a616-11ce03dd3274,1480722451.713,85648.6,37.3971856266667,-121.983865849833,2,0,0
3bb5d6c4-17d0-4088-a616-11ce03dd3274,1480722451.918,85648.8,37.3971858691667,-121.98387222,2,0,0
3bb5d6c4-17d0-4088-a616-11ce03dd3274,1480722452.111,85649,37.3971860571667,-121.983878560167,2,0,0
3bb5d6c4-17d0-4088-a616-11ce03dd3274,1480722452.319,85649.2,37.3971862481667,-121.983884894333,2,0,0
3bb5d6c4-17d0-4088-a616-11ce03dd3274,1480722452.51,85649.4,37.3971864008333,-121.983891307167,2,0,0
3bb5d6c4-17d0-4088-a616-11ce03dd3274,1480722452.716,85649.6,37.3971865806667,-121.9838977025,2,0,0
3bb5d6c4-17d0-4088-a616-11ce03dd3274,1480722452.91,85649.8,37.3971866976667,-121.983904155,2,0,0
3bb5d6c4-17d0-4088-a616-11ce03dd3274,1480722453.11,85650,37.3971867636667,-121.983910635667,2,0,0
3bb5d6c4-17d0-4088-a616-11ce03dd3274,1480722453.314,85650.2,37.3971868506667,-121.983917109667,2,0,0
3bb5d6c4-17d0-4088-a616-11ce03dd3274,1480722453.508,85650.4,37.397186868,-121.9839235795,2,0,0
3bb5d6c4-17d0-4088-a616-11ce03dd3274,1480722453.712,85650.6,37.397186897,-121.983930121667,2,0,0
3bb5d6c4-17d0-4088-a616-11ce03dd3274,1480722453.918,85650.8,37.3971869276667,-121.9839366475,2,0,0
3bb5d6c4-17d0-4088-a616-11ce03dd3274,1480722454.115,85651,37.3971869401667,-121.983943143667,2,0,0
3bb5d6c4-17d0-4088-a616-11ce03dd3274,1480722454.317,85651.2,37.397186893,-121.983949695,2,0,0
3bb5d6c4-17d0-4088-a616-11ce03dd3274,1480722454.511,85651.4,37.3971868331667,-121.983956248333,2,0,0
3bb5d6c4-17d0-4088-a616-11ce03dd3274,1480722454.714,85651.6,37.3971867928333,-121.9839628695,2,0,0
3bb5d6c4-17d0-4088-a616-11ce03dd3274,1480722454.916,85651.8,37.3971866548333,-121.9839694265,2,0,0
3bb5d6c4-17d0-4088-a616-11ce03dd3274,1480722455.11,85652,37.397186447,-121.983975968333,2,0,0
3bb5d6c4-17d0-4088-a616-11ce03dd3274,1480722455.31,85652.2,37.3971862346667,-121.983982541833,2,0,0
3bb5d6c4-17d0-4088-a616-11ce03dd3274,1480722455.516,85652.4,37.3971859966667,-121.983989171667,2,0,0
3bb5d6c4-17d0-4088-a616-11ce03dd3274,1480722455.71,85652.6,37.3971859168333,-121.983995771667,2,0,0
3bb5d6c4-17d0-4088-a616-11ce03dd3274,1480722455.914,85652.8,37.3971857486667,-121.984002379667,2,0,0
3bb5d6c4-17d0-4088-a616-11ce03dd3274,1480722456.116,85653,37.39718561,-121.984008984833,2,0,0
3bb5d6c4-17d0-4088-a616-11ce03dd3274,1480722456.314,85653.2,37.39718548,-121.984015619667,2,0,0
3bb5d6c4-17d0-4088-a616-11ce03dd3274,1480722456.517,85653.4,37.3971853591667,-121.984022242833,2,0,0
3bb5d6c4-17d0-4088-a616-11ce03dd3274,1480722456.712,85653.6,37.3971851936667,-121.984028930333,2,0,0
3bb5d6c4-17d0-4088-a616-11ce03dd3274,1480722456.908,85653.8,37.3971851626667,-121.984035575167,2,0,0
3bb5d6c4-17d0-4088-a616-11ce03dd3274,1480722457.109,85654,37.3971850966667,-121.984042225833,2,0,0
3bb5d6c4-17d0-4088-a616-11ce03dd3274,1480722457.317,85654.2,37.3971850306667,-121.9840489145,2,0,0
3bb5d6c4-17d0-4088-a616-11ce03dd3274,1480722457.519,85654.4,37.397184921,-121.984055591333,2,0,0
3bb5d6c4-17d0-4088-a616-11ce03dd3274,1480722457.715,85654.6,37.3971848908333,-121.984062323167,2,0,0
3bb5d6c4-17d0-4088-a616-11ce03dd3274,1480722457.919,85654.8,37.3971848455,-121.984069021333,2,0,0
3bb5d6c4-17d0-4088-a616-11ce03dd3274,1480722458.118,85655,37.3971848878333,-121.984075719833,2,0,0
3bb5d6c4-17d0-4088-a616-11ce03dd3274,1480722458.317,85655.2,37.3971848958333,-121.984082457,2,0,0
3bb5d6c4-17d0-4088-a616-11ce03dd3274,1480722458.519,85655.4,37.397184767,-121.9840892805,2,0,0
3bb5d6c4-17d0-4088-a616-11ce03dd3274,1480722458.712,85655.6,37.3971847255,-121.984096030667,2,0,0
3bb5d6c4-17d0-4088-a616-11ce03dd3274,1480722458.919,85655.8,37.3971846816667,-121.984102842,2,0,0
3bb5d6c4-17d0-4088-a616-11ce03dd3274,1480722459.113,85656,37.397184718,-121.984109585667,2,0,0
3bb5d6c4-17d0-4088-a616-11ce03dd3274,1480722459.317,85656.2,37.3971846638333,-121.984116359333,2,0,0
3bb5d6c4-17d0-4088-a616-11ce03dd3274,1480722459.516,85656.4,37.3971846788333,-121.984123149,2,0,0
3bb5d6c4-17d0-4088-a616-11ce03dd3274,1480722459.718,85656.6,37.3971847313333,-121.984129922,2,0,0
3bb5d6c4-17d0-4088-a616-11ce03dd3274,1480722459.919,85656.8,37.3971847271667,-121.984136672667,2,0,0
3bb5d6c4-17d0-4088-a616-11ce03dd3274,1480722460.117,85657,37.397184761,-121.984143433667,2,0,0
3bb5d6c4-17d0-4088-a616-11ce03dd3274,1480722460.315,85657.2,37.3971847488333,-121.9841501795,2,0,0
3bb5d6c4-17d0-4088-a616-11ce03dd3274,1480722460.51,85657.4,37.397184767,-121.9841569405,2,0,0
3bb5d6c4-17d0-4088-a616-11ce03dd3274,1480722460.714,85657.6,37.3971847845,-121.984163642833,2,0,0
3bb5d6c4-17d0-4088-a616-11ce03dd3274,1480722460.91,85657.8,37.3971848216667,-121.984170296,2,0,0
3bb5d6c4-17d0-4088-a616-11ce03dd3274,1480722461.112,85658,37.3971848011667,-121.984176885833,2,0,0
3bb5d6c4-17d0-4088-a616-11ce03dd3274,1480722461.31,85658.2,37.3971848128333,-121.984183410833,2,0,0
3bb5d6c4-17d0-4088-a616-11ce03dd3274,1480722461.517,85658.4,37.3971848111667,-121.9841899115,2,0,0
3bb5d6c4-17d0-4088-a616-11ce03dd3274,1480722461.713,85658.6,37.3971847551667,-121.984196303833,2,0,0
3bb5d6c4-17d0-4088-a616-11ce03dd3274,1480722461.919,85658.8,37.3971847265,-121.984202664833,2,0,0
3bb5d6c4-17d0-4088-a616-11ce03dd3274,1480722462.11,85659,37.3971847146667,-121.9842089785,2,0,0
3bb5d6c4-17d0-4088-a616-11ce03dd3274,1480722462.311,85659.2,37.3971846328333,-121.984215263333,2,0,0
3bb5d6c4-17d0-4088-a616-11ce03dd3274,1480722462.514,85659.4,37.3971845341667,-121.9842212945,2,0,0
3bb5d6c4-17d0-4088-a616-11ce03dd3274,1480722462.718,85659.6,37.3971845663333,-121.984226943167,2,0,0
3bb5d6c4-17d0-4088-a616-11ce03dd3274,1480722462.911,85659.8,37.3971845515,-121.984233152667,2,0,0
3bb5d6c4-17d0-4088-a616-11ce03dd3274,1480722463.114,85660,37.3971843411667,-121.984239612,2,0,0
3bb5d6c4-17d0-4088-a616-11ce03dd3274,1480722463.316,85660.2,37.397184287,-121.984245455167,2,0,0
3bb5d6c4-17d0-4088-a616-11ce03dd3274,1480722463.51,85660.4,37.397184313,-121.984251329667,2,0,0
3bb5d6c4-17d0-4088-a616-11ce03dd3274,1480722463.716,85660.6,37.3971843815,-121.984257473333,2,0,0
3bb5d6c4-17d0-4088-a616-11ce03dd3274,1480722463.912,85660.8,37.3971842443333,-121.984263026333,2,0,0
3bb5d6c4-17d0-4088-a616-11ce03dd3274,1480722464.115,85661,37.3971840963333,-121.9842687065,2,0,0
3bb5d6c4-17d0-4088-a616-11ce03dd3274,1480722464.317,85661.2,37.3971842565,-121.984274773167,2,0,0
3bb5d6c4-17d0-4088-a616-11ce03dd3274,1480722464.509,85661.4,37.397184274,-121.984280680167,2,0,0
3bb5d6c4-17d0-4088-a616-11ce03dd3274,1480722464.712,85661.6,37.3971841641667,-121.984286525667,2,0,0
3bb5d6c4-17d0-4088-a616-11ce03dd3274,1480722464.914,85661.8,37.3971841351667,-121.984292441833,2,0,0
3bb5d6c4-17d0-4088-a616-11ce03dd3274,1480722465.115,85662,37.39718413,-121.984298355667,2,0,0
3bb5d6c4-17d0-4088-a616-11ce03dd3274,1480722465.311,85662.2,37.3971840625,-121.984304342833,2,0,0
3bb5d6c4-17d0-4088-a616-11ce03dd3274,1480722465.511,85662.4,37.3971840476667,-121.984310470333,2,0,0
3bb5d6c4-17d0-4088-a616-11ce03dd3274,1480722465.718,85662.6,37.3971839766667,-121.9843167975,2,0,0
3bb5d6c4-17d0-4088-a616-11ce03dd3274,1480722465.911,85662.8,37.3971839243333,-121.984323228333,2,0,0
3bb5d6c4-17d0-4088-a616-11ce03dd3274,1480722466.111,85663,37.397183849,-121.9843297375,2,0,0
3bb5d6c4-17d0-4088-a616-11ce03dd3274,1480722466.31,85663.2,37.3971837713333,-121.9843363285,2,0,0
3bb5d6c4-17d0-4088-a616-11ce03dd3274,1480722466.508,85663.4,37.3971837053333,-121.984342939,2,0,0
3bb5d6c4-17d0-4088-a616-11ce03dd3274,1480722466.712,85663.6,37.3971836083333,-121.984349497167,2,0,0
3bb5d6c4-17d0-4088-a616-11ce03dd3274,1480722466.917,85663.8,37.3971835603333,-121.984356073,2,0,0
3bb5d6c4-17d0-4088-a616-11ce03dd3274,1480722467.114,85664,37.3971834656667,-121.984362613833,2,0,0
3bb5d6c4-17d0-4088-a616-11ce03dd3274,1480722467.315,85664.2,37.3971834055,-121.984369194,2,0,0
3bb5d6c4-17d0-4088-a616-11ce03dd3274,1480722467.517,85664.4,37.3971833633333,-121.984375726667,2,0,0
3bb5d6c4-17d0-4088-a616-11ce03dd3274,1480722467.718,85664.6,37.3971833148333,-121.984382282667,2,0,0
3bb5d6c4-17d0-4088-a616-11ce03dd3274,1480722467.917,85664.8,37.3971832156667,-121.98438882,2,0,0
3bb5d6c4-17d0-4088-a616-11ce03dd3274,1480722468.115,85665,37.3971831418333,-121.984395353833,2,0,0
3bb5d6c4-17d0-4088-a616-11ce03dd3274,1480722468.313,85665.2,37.3971830996667,-121.984401905167,2,0,0
3bb5d6c4-17d0-4088-a616-11ce03dd3274,1480722468.516,85665.4,37.3971829818333,-121.984408396833,2,0,0
3bb5d6c4-17d0-4088-a616-11ce03dd3274,1480722468.709,85665.6,37.3971828905,-121.984414461667,2,0,0
3bb5d6c4-17d0-4088-a616-11ce03dd3274,1480722468.917,85665.8,37.3971829101667,-121.984421018833,2,0,0
3bb5d6c4-17d0-4088-a616-11ce03dd3274,1480722469.117,85666,37.397182777,-121.984427885333,2,0,0
3bb5d6c4-17d0-4088-a616-11ce03dd3274,1480722469.311,85666.2,37.3971825735,-121.984434229667,2,0,0
3bb5d6c4-17d0-4088-a616-11ce03dd3274,1480722469.511,85666.4,37.3971825016667,-121.9844406335,2,0,0
3bb5d6c4-17d0-4088-a616-11ce03dd3274,1480722469.712,85666.6,37.3971824315,-121.984447182667,2,0,0
3bb5d6c4-17d0-4088-a616-11ce03dd3274,1480722469.909,85666.8,37.3971822813333,-121.984453316667,2,0,0
3bb5d6c4-17d0-4088-a616-11ce03dd3274,1480722470.111,85667,37.3971820676667,-121.984459793333,2,0,0
3bb5d6c4-17d0-4088-a616-11ce03dd3274,1480722470.318,85667.2,37.39718198,-121.984466444667,2,0,0
3bb5d6c4-17d0-4088-a616-11ce03dd3274,1480722470.512,85667.4,37.3971818243333,-121.984472916,2,0,0
3bb5d6c4-17d0-4088-a616-11ce03dd3274,1480722470.715,85667.6,37.397181652,-121.984479483333,2,0,0
3bb5d6c4-17d0-4088-a616-11ce03dd3274,1480722470.909,85667.8,37.3971815143333,-121.984486128833,2,0,0
3bb5d6c4-17d0-4088-a616-11ce03dd3274,1480722471.108,85668,37.3971813125,-121.9844927895,2,0,0
3bb5d6c4-17d0-4088-a616-11ce03dd3274,1480722471.315,85668.2,37.3971810611667,-121.984499575167,2,0,0
3bb5d6c4-17d0-4088-a616-11ce03dd3274,1480722471.513,85668.4,37.3971809211667,-121.984506327667,2,0,0
3bb5d6c4-17d0-4088-a616-11ce03dd3274,1480722471.711,85668.6,37.3971808398333,-121.984513170167,2,0,0
3bb5d6c4-17d0-4088-a616-11ce03dd3274,1480722471.912,85668.8,37.3971806518333,-121.98451996,2,0,0
3bb5d6c4-17d0-4088-a616-11ce03dd3274,1480722472.109,85669,37.3971805065,-121.984526749,2,0,0
3bb5d6c4-17d0-4088-a616-11ce03dd3274,1480722472.309,85669.2,37.3971804685,-121.984533613833,2,0,0
3bb5d6c4-17d0-4088-a616-11ce03dd3274,1480722472.515,85669.4,37.3971804303333,-121.984540438333,2,0,0
3bb5d6c4-17d0-4088-a616-11ce03dd3274,1480722472.71,85669.6,37.39718037,-121.984547316333,2,0,0
3bb5d6c4-17d0-4088-a616-11ce03dd3274,1480722472.911,85669.8,37.3971803413333,-121.984554168167,2,0,0
3bb5d6c4-17d0-4088-a616-11ce03dd3274,1480722473.115,85670,37.3971804385,-121.984561026667,2,0,0
3bb5d6c4-17d0-4088-a616-11ce03dd3274,1480722473.317,85670.2,37.3971804843333,-121.984567899333,2,0,0
3bb5d6c4-17d0-4088-a616-11ce03dd3274,1480722473.513,85670.4,37.3971805585,-121.9845747825,2,0,0
3bb5d6c4-17d0-4088-a616-11ce03dd3274,1480722473.708,85670.6,37.3971806736667,-121.9845816535,2,0,0
3bb5d6c4-17d0-4088-a616-11ce03dd3274,1480722473.91,85670.8,37.3971808413333,-121.984588559167,2,0,0
3bb5d6c4-17d0-4088-a616-11ce03dd3274,1480722474.11,85671,37.3971810598333,-121.984595407833,2,0,0
3bb5d6c4-17d0-4088-a616-11ce03dd3274,1480722474.311,85671.2,37.3971812445,-121.984602281833,2,0,0
3bb5d6c4-17d0-4088-a616-11ce03dd3274,1480722474.516,85671.4,37.3971815261667,-121.984609185833,2,0,0
3bb5d6c4-17d0-4088-a616-11ce03dd3274,1480722474.711,85671.6,37.3971818273333,-121.984616024833,2,0,0
3bb5d6c4-17d0-4088-a616-11ce03dd3274,1480722474.909,85671.8,37.397182108,-121.984622842,2,0,0
3bb5d6c4-17d0-4088-a616-11ce03dd3274,1480722475.113,85672,37.3971823091667,-121.984629676167,2,0,0
3bb5d6c4-17d0-4088-a616-11ce03dd3274,1480722475.318,85672.2,37.3971825126667,-121.984636495833,2,0,0
3bb5d6c4-17d0-4088-a616-11ce03dd3274,1480722475.516,85672.4,37.3971826641667,-121.9846432485,2,0,0
3bb5d6c4-17d0-4088-a616-11ce03dd3274,1480722475.713,85672.6,37.3971826613333,-121.984649981833,2,0,0
3bb5d6c4-17d0-4088-a616-11ce03dd3274,1480722475.914,85672.8,37.397182416,-121.984656609,2,0,0
3bb5d6c4-17d0-4088-a616-11ce03dd3274,1480722476.11,85673,37.3971820046667,-121.984663149333,2,0,0
3bb5d6c4-17d0-4088-a616-11ce03dd3274,1480722476.311,85673.2,37.3971813635,-121.984669610167,2,0,0
3bb5d6c4-17d0-4088-a616-11ce03dd3274,1480722476.515,85673.4,37.3971804595,-121.984675923333,2,0,0
3bb5d6c4-17d0-4088-a616-11ce03dd3274,1480722476.71,85673.6,37.3971791668333,-121.984682061833,2,0,0
3bb5d6c4-17d0-4088-a616-11ce03dd3274,1480722476.909,85673.8,37.3971776393333,-121.984687851333,2,0,0
3bb5d6c4-17d0-4088-a616-11ce03dd3274,1480722477.117,85674,37.3971757898333,-121.984693419833,2,0,0
3bb5d6c4-17d0-4088-a616-11ce03dd3274,1480722477.309,85674.2,37.3971737611667,-121.984698827333,2,0,0
3bb5d6c4-17d0-4088-a616-11ce03dd3274,1480722477.509,85674.4,37.3971713268333,-121.984703887167,2,0,0
3bb5d6c4-17d0-4088-a616-11ce03dd3274,1480722477.715,85674.6,37.3971685171667,-121.984708649333,2,0,0
3bb5d6c4-17d0-4088-a616-11ce03dd3274,1480722477.908,85674.8,37.3971653915,-121.984713036833,2,0,0
3bb5d6c4-17d0-4088-a616-11ce03dd3274,1480722478.116,85675,37.39716222,-121.984717322667,2,0,0
3bb5d6c4-17d0-4088-a616-11ce03dd3274,1480722478.312,85675.2,37.3971588525,-121.984721419833,2,0,0
3bb5d6c4-17d0-4088-a616-11ce03dd3274,1480722478.514,85675.4,37.3971551265,-121.9847253385,2,0,0
3bb5d6c4-17d0-4088-a616-11ce03dd3274,1480722478.718,85675.6,37.3971511883333,-121.984729422,2,0,0
3bb5d6c4-17d0-4088-a616-11ce03dd3274,1480722478.908,85675.8,37.3971470988333,-121.984733505333,2,0,0
3bb5d6c4-17d0-4088-a616-11ce03dd3274,1480722479.11,85676,37.3971427451667,-121.984737384333,2,0,0
3bb5d6c4-17d0-4088-a616-11ce03dd3274,1480722479.314,85676.2,37.3971382863333,-121.984741349833,2,0,0
3bb5d6c4-17d0-4088-a616-11ce03dd3274,1480722479.51,85676.4,37.39713379,-121.984745396333,2,0,0
3bb5d6c4-17d0-4088-a616-11ce03dd3274,1480722479.716,85676.6,37.3971293403333,-121.9847494595,2,0,0
3bb5d6c4-17d0-4088-a616-11ce03dd3274,1480722479.91,85676.8,37.397124845,-121.984753347,2,0,0
3bb5d6c4-17d0-4088-a616-11ce03dd3274,1480722480.111,85677,37.3971204368333,-121.984757253833,2,0,0
3bb5d6c4-17d0-4088-a616-11ce03dd3274,1480722480.319,85677.2,37.3971161395,-121.984761060167,2,0,0
3bb5d6c4-17d0-4088-a616-11ce03dd3274,1480722480.508,85677.4,37.3971119011667,-121.984764722833,2,0,0
3bb5d6c4-17d0-4088-a616-11ce03dd3274,1480722480.712,85677.6,37.3971077175,-121.98476826,2,0,0
3bb5d6c4-17d0-4088-a616-11ce03dd3274,1480722480.918,85677.8,37.397103725,-121.9847717435,2,0,0
3bb5d6c4-17d0-4088-a616-11ce03dd3274,1480722481.113,85678,37.3970997151667,-121.98477511,2,0,0
3bb5d6c4-17d0-4088-a616-11ce03dd3274,1480722481.317,85678.2,37.3970957588333,-121.984778458167,2,0,0
3bb5d6c4-17d0-4088-a616-11ce03dd3274,1480722481.517,85678.4,37.3970919535,-121.984781738833,2,0,0
3bb5d6c4-17d0-4088-a616-11ce03dd3274,1480722481.711,85678.6,37.3970882036667,-121.984785111667,2,0,0
3bb5d6c4-17d0-4088-a616-11ce03dd3274,1480722481.919,85678.8,37.3970843443333,-121.984788388,2,0,0
3bb5d6c4-17d0-4088-a616-11ce03dd3274,1480722482.112,85679,37.3970803626667,-121.984791652333,2,0,0
3bb5d6c4-17d0-4088-a616-11ce03dd3274,1480722482.317,85679.2,37.397076422,-121.9847951635,2,0,0
3bb5d6c4-17d0-4088-a616-11ce03dd3274,1480722482.518,85679.4,37.397072618,-121.984798901,2,0,0
3bb5d6c4-17d0-4088-a616-11ce03dd3274,1480722482.711,85679.6,37.3970687576667,-121.984802433833,2,0,0
3bb5d6c4-17d0-4088-a616-11ce03dd3274,1480722482.917,85679.8,37.3970648036667,-121.9848056,2,0,0
3bb5d6c4-17d0-4088-a616-11ce03dd3274,1480722483.118,85680,37.3970607445,-121.9848085055,2,0,0
3bb5d6c4-17d0-4088-a616-11ce03dd3274,1480722483.31,85680.2,37.3970566716667,-121.984811348333,2,0,0
3bb5d6c4-17d0-4088-a616-11ce03dd3274,1480722483.516,85680.4,37.397052579,-121.984813858667,2,0,0
3bb5d6c4-17d0-4088-a616-11ce03dd3274,1480722483.717,85680.6,37.3970483508333,-121.984815671,2,0,0
3bb5d6c4-17d0-4088-a616-11ce03dd3274,1480722483.911,85680.8,37.3970442281667,-121.984816826833,2,0,0
3bb5d6c4-17d0-4088-a616-11ce03dd3274,1480722484.115,85681,37.3970400963333,-121.984817367,2,0,0
3bb5d6c4-17d0-4088-a616-11ce03dd3274,1480722484.308,85681.2,37.3970359163333,-121.98481735,2,0,0
3bb5d6c4-17d0-4088-a616-11ce03dd3274,1480722484.518,85681.4,37.3970317928333,-121.9848166605,2,0,0
3bb5d6c4-17d0-4088-a616-11ce03dd3274,1480722484.708,85681.6,37.3970277101667,-121.9848153785,2,0,0
3bb5d6c4-17d0-4088-a616-11ce03dd3274,1480722484.91,85681.8,37.3970236555,-121.984813736833,2,0,0
3bb5d6c4-17d0-4088-a616-11ce03dd3274,1480722485.111,85682,37.3970198123333,-121.984811694667,2,0,0
3bb5d6c4-17d0-4088-a616-11ce03dd3274,1480722485.318,85682.2,37.3970163493333,-121.984809046333,2,0,0
3bb5d6c4-17d0-4088-a616-11ce03dd3274,1480722485.512,85682.4,37.3970130953333,-121.984806131333,2,0,0
3bb5d6c4-17d0-4088-a616-11ce03dd3274,1480722485.713,85682.6,37.3970100301667,-121.9848026065,2,0,0
3bb5d6c4-17d0-4088-a616-11ce03dd3274,1480722485.909,85682.8,37.3970072843333,-121.9847986695,2,0,0
3bb5d6c4-17d0-4088-a616-11ce03dd3274,1480722486.118,85683,37.3970048151667,-121.984794442,2,0,0
3bb5d6c4-17d0-4088-a616-11ce03dd3274,1480722486.311,85683.2,37.3970027543333,-121.984789970667,2,0,0
3bb5d6c4-17d0-4088-a616-11ce03dd3274,1480722486.514,85683.4,37.397001099,-121.984785215333,2,0,0
3bb5d6c4-17d0-4088-a616-11ce03dd3274,1480722486.71,85683.6,37.3969998323333,-121.984780279167,2,0,0
3bb5d6c4-17d0-4088-a616-11ce03dd3274,1480722486.911,85683.8,37.3969990036667,-121.9847753395,2,0,0
3bb5d6c4-17d0-4088-a616-11ce03dd3274,1480722487.111,85684,37.3969985686667,-121.9847701975,2,0,0
3bb5d6c4-17d0-4088-a616-11ce03dd3274,1480722487.314,85684.2,37.3969985718333,-121.984764824667,2,0,0
3bb5d6c4-17d0-4088-a616-11ce03dd3274,1480722487.518,85684.4,37.3969989278333,-121.984759588667,2,0,0
3bb5d6c4-17d0-4088-a616-11ce03dd3274,1480722487.717,85684.6,37.3969998295,-121.984754337333,2,0,0
3bb5d6c4-17d0-4088-a616-11ce03dd3274,1480722487.91,85684.8,37.3970012778333,-121.984749217,2,0,0
3bb5d6c4-17d0-4088-a616-11ce03dd3274,1480722488.112,85685,37.3970033495,-121.9847443485,2,0,0
3bb5d6c4-17d0-4088-a616-11ce03dd3274,1480722488.315,85685.2,37.3970056248333,-121.984739681333,2,0,0
3bb5d6c4-17d0-4088-a616-11ce03dd3274,1480722488.511,85685.4,37.3970083348333,-121.984735275,2,0,0
3bb5d6c4-17d0-4088-a616-11ce03dd3274,1480722488.718,85685.6,37.3970113578333,-121.98473111,2,0,0
3bb5d6c4-17d0-4088-a616-11ce03dd3274,1480722488.916,85685.8,37.3970147936667,-121.984727481333,2,0,0
3bb5d6c4-17d0-4088-a616-11ce03dd3274,1480722489.112,85686,37.3970186445,-121.984724276167,2,0,0
3bb5d6c4-17d0-4088-a616-11ce03dd3274,1480722489.312,85686.2,37.3970227668333,-121.9847214465,2,0,0
3bb5d6c4-17d0-4088-a616-11ce03dd3274,1480722489.511,85686.4,37.3970272023333,-121.984719417,2,0,0
3bb5d6c4-17d0-4088-a616-11ce03dd3274,1480722489.717,85686.6,37.3970317591667,-121.984718054,2,0,0
3bb5d6c4-17d0-4088-a616-11ce03dd3274,1480722489.916,85686.8,37.3970364356667,-121.9847171475,2,0,0
3bb5d6c4-17d0-4088-a616-11ce03dd3274,1480722490.113,85687,37.3970411861667,-121.984716950667,2,0,0
3bb5d6c4-17d0-4088-a616-11ce03dd3274,1480722490.314,85687.2,37.3970459641667,-121.984717543833,2,0,0
3bb5d6c4-17d0-4088-a616-11ce03dd3274,1480722490.514,85687.4,37.3970506055,-121.984718966667,2,0,0
3bb5d6c4-17d0-4088-a616-11ce03dd3274,1480722490.71,85687.6,37.397055229,-121.984721008833,2,0,0
3bb5d6c4-17d0-4088-a616-11ce03dd3274,1480722490.911,85687.8,37.3970599595,-121.984723328833,2,0,0
3bb5d6c4-17d0-4088-a616-11ce03dd3274,1480722491.109,85688,37.3970647371667,-121.984725638667,2,0,0
3bb5d6c4-17d0-4088-a616-11ce03dd3274,1480722491.313,85688.2,37.3970694166667,-121.984728160833,2,0,0
3bb5d6c4-17d0-4088-a616-11ce03dd3274,1480722491.512,85688.4,37.3970741195,-121.984730766333,2,0,0
3bb5d6c4-17d0-4088-a616-11ce03dd3274,1480722491.718,85688.6,37.397078853,-121.984733230833,2,0,0
3bb5d6c4-17d0-4088-a616-11ce03dd3274,1480722491.911,85688.8,37.3970836055,-121.984735471333,2,0,0
3bb5d6c4-17d0-4088-a616-11ce03dd3274,1480722492.116,85689,37.3970884533333,-121.984737614333,2,0,0
3bb5d6c4-17d0-4088-a616-11ce03dd3274,1480722492.311,85689.2,37.3970933143333,-121.9847394295,2,0,0
3bb5d6c4-17d0-4088-a616-11ce03dd3274,1480722492.516,85689.4,37.3970981856667,-121.984741020833,2,0,0
3bb5d6c4-17d0-4088-a616-11ce03dd3274,1480722492.709,85689.6,37.3971031646667,-121.984742259333,2,0,0
3bb5d6c4-17d0-4088-a616-11ce03dd3274,1480722492.918,85689.8,37.3971081491667,-121.9847431285,2,0,0
3bb5d6c4-17d0-4088-a616-11ce03dd3274,1480722493.109,85690,37.3971131371667,-121.984743529667,2,0,0
3bb5d6c4-17d0-4088-a616-11ce03dd3274,1480722493.31,85690.2,37.3971182211667,-121.984743599833,2,0,0
3bb5d6c4-17d0-4088-a616-11ce03dd3274,1480722493.509,85690.4,37.3971232858333,-121.984743368,2,0,0
3bb5d6c4-17d0-4088-a616-11ce03dd3274,1480722493.71,85690.6,37.3971282158333,-121.984742634,2,0,0
3bb5d6c4-17d0-4088-a616-11ce03dd3274,1480722493.918,85690.8,37.397133089,-121.984741504833,2,0,0
3bb5d6c4-17d0-4088-a616-11ce03dd3274,1480722494.11,85691,37.3971379163333,-121.984739875333,2,0,0
3bb5d6c4-17d0-4088-a616-11ce03dd3274,1480722494.315,85691.2,37.3971426148333,-121.9847377685,2,0,0
3bb5d6c4-17d0-4088-a616-11ce03dd3274,1480722494.517,85691.4,37.3971472311667,-121.98473533,2,0,0
3bb5d6c4-17d0-4088-a616-11ce03dd3274,1480722494.717,85691.6,37.3971515853333,-121.984732418333,2,0,0
3bb5d6c4-17d0-4088-a616-11ce03dd3274,1480722494.915,85691.8,37.3971557461667,-121.984729067833,2,0,0
3bb5d6c4-17d0-4088-a616-11ce03dd3274,1480722495.116,85692,37.3971597455,-121.9847252345,2,0,0
3bb5d6c4-17d0-4088-a616-11ce03dd3274,1480722495.31,85692.2,37.397163488,-121.984720934,2,0,0
3bb5d6c4-17d0-4088-a616-11ce03dd3274,1480722495.511,85692.4,37.3971671195,-121.9847164755,2,0,0
3bb5d6c4-17d0-4088-a616-11ce03dd3274,1480722495.712,85692.6,37.3971704251667,-121.9847116895,2,0,0
3bb5d6c4-17d0-4088-a616-11ce03dd3274,1480722495.917,85692.8,37.3971734531667,-121.984706586833,2,0,0
3bb5d6c4-17d0-4088-a616-11ce03dd3274,1480722496.109,85693,37.3971759156667,-121.984701060833,2,0,0
3bb5d6c4-17d0-4088-a616-11ce03dd3274,1480722496.314,85693.2,37.3971782331667,-121.984695290833,2,0,0
3bb5d6c4-17d0-4088-a616-11ce03dd3274,1480722496.509,85693.4,37.3971801868333,-121.9846892415,2,0,0
3bb5d6c4-17d0-4088-a616-11ce03dd3274,1480722496.714,85693.6,37.3971815815,-121.984682817667,2,0,0
3bb5d6c4-17d0-4088-a616-11ce03dd3274,1480722496.918,85693.8,37.3971826803333,-121.9846762615,2,0,0
3bb5d6c4-17d0-4088-a616-11ce03dd3274,1480722497.111,85694,37.397183657,-121.984669668167,2,0,0
3bb5d6c4-17d0-4088-a616-11ce03dd3274,1480722497.317,85694.2,37.3971844448333,-121.984662928833,2,0,0
3bb5d6c4-17d0-4088-a616-11ce03dd3274,1480722497.51,85694.4,37.3971849823333,-121.984656116,2,0,0
3bb5d6c4-17d0-4088-a616-11ce03dd3274,1480722497.713,85694.6,37.3971854041667,-121.984649186333,2,0,0
3bb5d6c4-17d0-4088-a616-11ce03dd3274,1480722497.918,85694.8,37.3971857991667,-121.984642252,2,0,0
3bb5d6c4-17d0-4088-a616-11ce03dd3274,1480722498.113,85695,37.3971861083333,-121.984635225,2,0,0
3bb5d6c4-17d0-4088-a616-11ce03dd3274,1480722498.31,85695.2,37.3971862398333,-121.9846281715,2,0,0
3bb5d6c4-17d0-4088-a616-11ce03dd3274,1480722498.512,85695.4,37.3971863291667,-121.984621070167,2,0,0
3bb5d6c4-17d0-4088-a616-11ce03dd3274,1480722498.716,85695.6,37.397186417,-121.9846138465,2,0,0
3bb5d6c4-17d0-4088-a616-11ce03dd3274,1480722498.909,85695.8,37.3971865063333,-121.984606449333,2,0,0
3bb5d6c4-17d0-4088-a616-11ce03dd3274,1480722499.114,85696,37.3971865115,-121.984598910333,2,0,0
3bb5d6c4-17d0-4088-a616-11ce03dd3274,1480722499.313,85696.2,37.3971865708333,-121.9845911705,2,0,0
3bb5d6c4-17d0-4088-a616-11ce03dd3274,1480722499.511,85696.4,37.3971866678333,-121.9845833135,2,0,0
3bb5d6c4-17d0-4088-a616-11ce03dd3274,1480722499.711,85696.6,37.3971867166667,-121.984575325833,2,0,0
3bb5d6c4-17d0-4088-a616-11ce03dd3274,1480722499.913,85696.8,37.3971866766667,-121.9845672655,2,0,0
3bb5d6c4-17d0-4088-a616-11ce03dd3274,1480722500.117,85697,37.3971867711667,-121.984559166167,2,0,0
3bb5d6c4-17d0-4088-a616-11ce03dd3274,1480722500.313,85697.2,37.3971868915,-121.984551051833,2,0,0
3bb5d6c4-17d0-4088-a616-11ce03dd3274,1480722500.51,85697.4,37.3971869411667,-121.984542876167,2,0,0
3bb5d6c4-17d0-4088-a616-11ce03dd3274,1480722500.714,85697.6,37.3971870451667,-121.984534707,2,0,0
3bb5d6c4-17d0-4088-a616-11ce03dd3274,1480722500.911,85697.8,37.3971871891667,-121.984526612333,2,0,0
3bb5d6c4-17d0-4088-a616-11ce03dd3274,1480722501.114,85698,37.3971873078333,-121.984518538,2,0,0
3bb5d6c4-17d0-4088-a616-11ce03dd3274,1480722501.317,85698.2,37.3971872553333,-121.984510590667,2,0,0
3bb5d6c4-17d0-4088-a616-11ce03dd3274,1480722501.51,85698.4,37.3971873806667,-121.984502674667,2,0,0
3bb5d6c4-17d0-4088-a616-11ce03dd3274,1480722501.711,85698.6,37.3971874938333,-121.984494830833,2,0,0
3bb5d6c4-17d0-4088-a616-11ce03dd3274,1480722501.917,85698.8,37.3971876175,-121.9844870225,2,0,0
3bb5d6c4-17d0-4088-a616-11ce03dd3274,1480722502.109,85699,37.3971877265,-121.984479219833,2,0,0
3bb5d6c4-17d0-4088-a616-11ce03dd3274,1480722502.313,85699.2,37.3971878985,-121.984471485833,2,0,0
3bb5d6c4-17d0-4088-a616-11ce03dd3274,1480722502.517,85699.4,37.3971880953333,-121.984463806167,2,0,0
3bb5d6c4-17d0-4088-a616-11ce03dd3274,1480722502.718,85699.6,37.3971883971667,-121.984456589667,2,0,0
3bb5d6c4-17d0-4088-a616-11ce03dd3274,1480722502.916,85699.8,37.39718844,-121.984449191667,2,0,0
3bb5d6c4-17d0-4088-a616-11ce03dd3274,1480722503.118,85700,37.3971887403333,-121.9844412835,2,0,0
3bb5d6c4-17d0-4088-a616-11ce03dd3274,1480722503.316,85700.2,37.3971890196667,-121.9844337465,2,0,0
3bb5d6c4-17d0-4088-a616-11ce03dd3274,1480722503.516,85700.4,37.3971891695,-121.984426425167,2,0,0
3bb5d6c4-17d0-4088-a616-11ce03dd3274,1480722503.717,85700.6,37.3971891228333,-121.984419261167,2,0,0
3bb5d6c4-17d0-4088-a616-11ce03dd3274,1480722503.915,85700.8,37.3971892908333,-121.984412195833,2,0,0
3bb5d6c4-17d0-4088-a616-11ce03dd3274,1480722504.111,85701,37.3971896076667,-121.984404767333,2,0,0
3bb5d6c4-17d0-4088-a616-11ce03dd3274,1480722504.314,85701.2,37.3971897816667,-121.984397476667,2,0,0
3bb5d6c4-17d0-4088-a616-11ce03dd3274,1480722504.515,85701.4,37.3971899256667,-121.984390215667,2,0,0
3bb5d6c4-17d0-4088-a616-11ce03dd3274,1480722504.71,85701.6,37.39719011,-121.984382770833,2,0,0
3bb5d6c4-17d0-4088-a616-11ce03dd3274,1480722504.913,85701.8,37.3971902978333,-121.9843752475,2,0,0
3bb5d6c4-17d0-4088-a616-11ce03dd3274,1480722505.114,85702,37.3971905413333,-121.984367638167,2,0,0
3bb5d6c4-17d0-4088-a616-11ce03dd3274,1480722505.316,85702.2,37.3971907871667,-121.984360012667,2,0,0
3bb5d6c4-17d0-4088-a616-11ce03dd3274,1480722505.509,85702.4,37.3971910408333,-121.984352359333,2,0,0
3bb5d6c4-17d0-4088-a616-11ce03dd3274,1480722505.709,85702.6,37.3971912561667,-121.984344652333,2,0,0
3bb5d6c4-17d0-4088-a616-11ce03dd3274,1480722505.918,85702.8,37.3971915325,-121.984336892167,2,0,0
3bb5d6c4-17d0-4088-a616-11ce03dd3274,1480722506.113,85703,37.3971917861667,-121.984329083,2,0,0
3bb5d6c4-17d0-4088-a616-11ce03dd3274,1480722506.318,85703.2,37.3971920866667,-121.984321293667,2,0,0
3bb5d6c4-17d0-4088-a616-11ce03dd3274,1480722506.512,85703.4,37.3971923193333,-121.984313431167,2,0,0
3bb5d6c4-17d0-4088-a616-11ce03dd3274,1480722506.709,85703.6,37.3971925458333,-121.984305596167,2,0,0
3bb5d6c4-17d0-4088-a616-11ce03dd3274,1480722506.918,85703.8,37.3971927706667,-121.984297743667,2,0,0
3bb5d6c4-17d0-4088-a616-11ce03dd3274,1480722507.112,85704,37.397193001,-121.9842898135,2,0,0
3bb5d6c4-17d0-4088-a616-11ce03dd3274,1480722507.313,85704.2,37.3971932563333,-121.984281907667,2,0,0
3bb5d6c4-17d0-4088-a616-11ce03dd3274,1480722507.514,85704.4,37.3971935346667,-121.984274036167,2,0,0
3bb5d6c4-17d0-4088-a616-11ce03dd3274,1480722507.713,85704.6,37.3971938103333,-121.984266534667,2,0,0
3bb5d6c4-17d0-4088-a616-11ce03dd3274,1480722507.911,85704.8,37.3971938775,-121.984258501833,2,0,0
3bb5d6c4-17d0-4088-a616-11ce03dd3274,1480722508.113,85705,37.3971942576667,-121.984250133167,2,0,0
3bb5d6c4-17d0-4088-a616-11ce03dd3274,1480722508.307,85705.2,37.3971946561667,-121.9842422765,2,0,0
3bb5d6c4-17d0-4088-a616-11ce03dd3274,1480722508.512,85705.4,37.39719483,-121.984234402667,2,0,0
3bb5d6c4-17d0-4088-a616-11ce03dd3274,1480722508.714,85705.6,37.397194864,-121.984226748833,2,0,0
3bb5d6c4-17d0-4088-a616-11ce03dd3274,1480722508.917,85705.8,37.3971952888333,-121.984218788,2,0,0
3bb5d6c4-17d0-4088-a616-11ce03dd3274,1480722509.114,85706,37.3971955781667,-121.9842106385,2,0,0
3bb5d6c4-17d0-4088-a616-11ce03dd3274,1480722509.314,85706.2,37.3971957801667,-121.984202685833,2,0,0
3bb5d6c4-17d0-4088-a616-11ce03dd3274,1480722509.508,85706.4,37.397196034,-121.9841946365,2,0,0
3bb5d6c4-17d0-4088-a616-11ce03dd3274,1480722509.713,85706.6,37.3971963526667,-121.984186422,2,0,0
3bb5d6c4-17d0-4088-a616-11ce03dd3274,1480722509.917,85706.8,37.3971966438333,-121.9841781775,2,0,0
3bb5d6c4-17d0-4088-a616-11ce03dd3274,1480722510.115,85707,37.3971970021667,-121.984169885167,2,0,0
3bb5d6c4-17d0-4088-a616-11ce03dd3274,1480722510.309,85707.2,37.397197273,-121.984161426833,2,0,0
3bb5d6c4-17d0-4088-a616-11ce03dd3274,1480722510.509,85707.4,37.3971975905,-121.984153003667,2,0,0
3bb5d6c4-17d0-4088-a616-11ce03dd3274,1480722510.717,85707.6,37.3971978988333,-121.984144497833,2,0,0
3bb5d6c4-17d0-4088-a616-11ce03dd3274,1480722510.914,85707.8,37.3971982995,-121.984135978833,2,0,0
3bb5d6c4-17d0-4088-a616-11ce03dd3274,1480722511.11,85708,37.3971987113333,-121.984127342833,2,0,0
3bb5d6c4-17d0-4088-a616-11ce03dd3274,1480722511.307,85708.2,37.3971991705,-121.984118701,2,0,0
3bb5d6c4-17d0-4088-a616-11ce03dd3274,1480722511.51,85708.4,37.3971995315,-121.984109991333,2,0,0
3bb5d6c4-17d0-4088-a616-11ce03dd3274,1480722511.708,85708.6,37.3971998825,-121.9841012235,2,0,0
3bb5d6c4-17d0-4088-a616-11ce03dd3274,1480722511.917,85708.8,37.397200243,-121.984092470833,2,0,0
3bb5d6c4-17d0-4088-a616-11ce03dd3274,1480722512.108,85709,37.3972005685,-121.984083672,2,0,0
3bb5d6c4-17d0-4088-a616-11ce03dd3274,1480722512.311,85709.2,37.3972009856667,-121.984074903,2,0,0
3bb5d6c4-17d0-4088-a616-11ce03dd3274,1480722512.515,85709.4,37.3972013521667,-121.98406601,2,0,0
3bb5d6c4-17d0-4088-a616-11ce03dd3274,1480722512.716,85709.6,37.3972016805,-121.984057097167,2,0,0
3bb5d6c4-17d0-4088-a616-11ce03dd3274,1480722512.918,85709.8,37.3972021136667,-121.984048127,2,0,0
3bb5d6c4-17d0-4088-a616-11ce03dd3274,1480722513.11,85710,37.397202429,-121.9840391915,2,0,0
3bb5d6c4-17d0-4088-a616-11ce03dd3274,1480722513.314,85710.2,37.397202718,-121.984030206833,2,0,0
3bb5d6c4-17d0-4088-a616-11ce03dd3274,1480722513.509,85710.4,37.3972031206667,-121.984021170833,2,0,0
3bb5d6c4-17d0-4088-a616-11ce03dd3274,1480722513.716,85710.6,37.397203525,-121.984012108,2,0,0
3bb5d6c4-17d0-4088-a616-11ce03dd3274,1480722513.908,85710.8,37.3972038385,-121.9840030345,2,0,0
3bb5d6c4-17d0-4088-a616-11ce03dd3274,1480722514.11,85711,37.397204105,-121.983993989667,2,0,0
3bb5d6c4-17d0-4088-a616-11ce03dd3274,1480722514.314,85711.2,37.3972042893333,-121.9839849395,2,0,0
3bb5d6c4-17d0-4088-a616-11ce03dd3274,1480722514.514,85711.4,37.3972043726667,-121.983975908833,2,0,0
3bb5d6c4-17d0-4088-a616-11ce03dd3274,1480722514.71,85711.6,37.3972044853333,-121.983966819,2,0,0
3bb5d6c4-17d0-4088-a616-11ce03dd3274,1480722514.913,85711.8,37.3972042911667,-121.9839579315,2,0,0
3bb5d6c4-17d0-4088-a616-11ce03dd3274,1480722515.111,85712,37.3972042256667,-121.983949058333,2,0,0
3bb5d6c4-17d0-4088-a616-11ce03dd3274,1480722515.308,85712.2,37.397204071,-121.9839402125,2,0,0
3bb5d6c4-17d0-4088-a616-11ce03dd3274,1480722515.51,85712.4,37.3972039206667,-121.983931288667,2,0,0
3bb5d6c4-17d0-4088-a616-11ce03dd3274,1480722515.717,85712.6,37.3972036926667,-121.983922395833,2,0,0
3bb5d6c4-17d0-4088-a616-11ce03dd3274,1480722515.915,85712.8,37.397203399,-121.983913524833,2,0,0
3bb5d6c4-17d0-4088-a616-11ce03dd3274,1480722516.117,85713,37.3972030175,-121.983904734167,2,0,0
3bb5d6c4-17d0-4088-a616-11ce03dd3274,1480722516.309,85713.2,37.3972025053333,-121.9838959485,2,0,0
3bb5d6c4-17d0-4088-a616-11ce03dd3274,1480722516.511,85713.4,37.3972020226667,-121.983887098,2,0,0
3bb5d6c4-17d0-4088-a616-11ce03dd3274,1480722516.712,85713.6,37.3972012133333,-121.983878355167,2,0,0
3bb5d6c4-17d0-4088-a616-11ce03dd3274,1480722516.91,85713.8,37.3972005155,-121.983869534667,2,0,0
3bb5d6c4-17d0-4088-a616-11ce03dd3274,1480722517.113,85714,37.3971995883333,-121.983860887,2,0,0
3bb5d6c4-17d0-4088-a616-11ce03dd3274,1480722517.312,85714.2,37.3971985346667,-121.9838523205,2,0,0
3bb5d6c4-17d0-4088-a616-11ce03dd3274,1480722517.507,85714.4,37.3971973453333,-121.983843902333,2,0,0
3bb5d6c4-17d0-4088-a616-11ce03dd3274,1480722517.711,85714.6,37.3971957926667,-121.983835629333,2,0,0
3bb5d6c4-17d0-4088-a616-11ce03dd3274,1480722517.908,85714.8,37.3971939383333,-121.983827604333,2,0,0
3bb5d6c4-17d0-4088-a616-11ce03dd3274,1480722518.114,85715,37.3971917583333,-121.983819637,2,0,0
3bb5d6c4-17d0-4088-a616-11ce03dd3274,1480722518.309,85715.2,37.3971893348333,-121.983811831167,2,0,0
3bb5d6c4-17d0-4088-a616-11ce03dd3274,1480722518.516,85715.4,37.3971864978333,-121.983804190833,2,0,0
3bb5d6c4-17d0-4088-a616-11ce03dd3274,1480722518.715,85715.6,37.3971834735,-121.983796625667,2,0,0
3bb5d6c4-17d0-4088-a616-11ce03dd3274,1480722518.907,85715.8,37.397180137,-121.983789236833,2,0,0
3bb5d6c4-17d0-4088-a616-11ce03dd3274,1480722519.11,85716,37.3971764651667,-121.983782038667,2,0,0
3bb5d6c4-17d0-4088-a616-11ce03dd3274,1480722519.311,85716.2,37.3971723138333,-121.983775146,2,0,0
3bb5d6c4-17d0-4088-a616-11ce03dd3274,1480722519.511,85716.4,37.3971676856667,-121.98376867,2,0,0
3bb5d6c4-17d0-4088-a616-11ce03dd3274,1480722519.714,85716.6,37.3971627963333,-121.983762701667,2,0,0
3bb5d6c4-17d0-4088-a616-11ce03dd3274,1480722519.911,85716.8,37.3971575421667,-121.983757043667,2,0,0
3bb5d6c4-17d0-4088-a616-11ce03dd3274,1480722520.116,85717,37.3971519996667,-121.983751836167,2,0,0
3bb5d6c4-17d0-4088-a616-11ce03dd3274,1480722520.313,85717.2,37.3971461408333,-121.983747504333,2,0,0
3bb5d6c4-17d0-4088-a616-11ce03dd3274,1480722520.515,85717.4,37.3971399528333,-121.983743626833,2,0,0
3bb5d6c4-17d0-4088-a616-11ce03dd3274,1480722520.708,85717.6,37.3971335105,-121.983740506,2,0,0
3bb5d6c4-17d0-4088-a616-11ce03dd3274,1480722520.912,85717.8,37.3971268341667,-121.983738156667,2,0,0
3bb5d6c4-17d0-4088-a616-11ce03dd3274,1480722521.115,85718,37.3971200685,-121.983736283833,2,0,0
3bb5d6c4-17d0-4088-a616-11ce03dd3274,1480722521.308,85718.2,37.3971134501667,-121.983734963833,2,0,0
3bb5d6c4-17d0-4088-a616-11ce03dd3274,1480722521.507,85718.4,37.3971067015,-121.9837346815,2,0,0
3bb5d6c4-17d0-4088-a616-11ce03dd3274,1480722521.715,85718.6,37.3971001776667,-121.983735371667,2,0,0
3bb5d6c4-17d0-4088-a616-11ce03dd3274,1480722521.909,85718.8,37.3970937206667,-121.983736443333,2,0,0
3bb5d6c4-17d0-4088-a616-11ce03dd3274,1480722522.115,85719,37.3970872751667,-121.983737978333,2,0,0
3bb5d6c4-17d0-4088-a616-11ce03dd3274,1480722522.31,85719.2,37.3970809681667,-121.983740386167,2,0,0
3bb5d6c4-17d0-4088-a616-11ce03dd3274,1480722522.51,85719.4,37.3970750526667,-121.983743626667,2,0,0
3bb5d6c4-17d0-4088-a616-11ce03dd3274,1480722522.708,85719.6,37.397069468,-121.983747218,2,0,0
3bb5d6c4-17d0-4088-a616-11ce03dd3274,1480722522.911,85719.8,37.3970640973333,-121.983751429667,2,0,0
3bb5d6c4-17d0-4088-a616-11ce03dd3274,1480722523.116,85720,37.397059223,-121.983756460833,2,0,0
3bb5d6c4-17d0-4088-a616-11ce03dd3274,1480722523.31,85720.2,37.397054587,-121.983761739833,2,0,0
3bb5d6c4-17d0-4088-a616-11ce03dd3274,1480722523.515,85720.4,37.3970503846667,-121.9837676425,2,0,0
3bb5d6c4-17d0-4088-a616-11ce03dd3274,1480722523.714,85720.6,37.3970467638333,-121.983773867333,2,0,0
3bb5d6c4-17d0-4088-a616-11ce03dd3274,1480722523.907,85720.8,37.3970434645,-121.9837802705,2,0,0
3bb5d6c4-17d0-4088-a616-11ce03dd3274,1480722524.11,85721,37.3970405723333,-121.983786999833,2,0,0
3bb5d6c4-17d0-4088-a616-11ce03dd3274,1480722524.313,85721.2,37.3970381758333,-121.983794034833,2,0,0
3bb5d6c4-17d0-4088-a616-11ce03dd3274,1480722524.508,85721.4,37.3970361396667,-121.983801250833,2,0,0
3bb5d6c4-17d0-4088-a616-11ce03dd3274,1480722524.708,85721.6,37.3970341496667,-121.983808440833,2,0,0
3bb5d6c4-17d0-4088-a616-11ce03dd3274,1480722524.915,85721.8,37.3970325248333,-121.983815816167,2,0,0
3bb5d6c4-17d0-4088-a616-11ce03dd3274,1480722525.107,85722,37.3970310956667,-121.983823341833,2,0,0
3bb5d6c4-17d0-4088-a616-11ce03dd3274,1480722525.309,85722.2,37.397029901,-121.983830945,2,0,0
3bb5d6c4-17d0-4088-a616-11ce03dd3274,1480722525.512,85722.4,37.3970288835,-121.9838386585,2,0,0
3bb5d6c4-17d0-4088-a616-11ce03dd3274,1480722525.717,85722.6,37.3970279353333,-121.983846362,2,0,0
3bb5d6c4-17d0-4088-a616-11ce03dd3274,1480722525.908,85722.8,37.397027097,-121.983854175667,2,0,0
3bb5d6c4-17d0-4088-a616-11ce03dd3274,1480722526.109,85723,37.3970263028333,-121.983862040333,2,0,0
3bb5d6c4-17d0-4088-a616-11ce03dd3274,1480722526.313,85723.2,37.397025586,-121.983869896,2,0,0
3bb5d6c4-17d0-4088-a616-11ce03dd3274,1480722526.509,85723.4,37.39702494,-121.983877794167,2,0,0
3bb5d6c4-17d0-4088-a616-11ce03dd3274,1480722526.708,85723.6,37.3970243075,-121.983885752667,2,0,0
3bb5d6c4-17d0-4088-a616-11ce03dd3274,1480722526.908,85723.8,37.3970235903333,-121.983893761,2,0,0
3bb5d6c4-17d0-4088-a616-11ce03dd3274,1480722527.11,85724,37.397022897,-121.9839017755,2,0,0
3bb5d6c4-17d0-4088-a616-11ce03dd3274,1480722527.309,85724.2,37.3970222408333,-121.983909861,2,0,0
3bb5d6c4-17d0-4088-a616-11ce03dd3274,1480722527.512,85724.4,37.3970216853333,-121.983918020167,2,0,0
3bb5d6c4-17d0-4088-a616-11ce03dd3274,1480722527.71,85724.6,37.3970210745,-121.983926167167,2,0,0
3bb5d6c4-17d0-4088-a616-11ce03dd3274,1480722527.913,85724.8,37.3970204613333,-121.9839341945,2,0,0
3bb5d6c4-17d0-4088-a616-11ce03dd3274,1480722528.108,85725,37.3970199196667,-121.983942202167,2,0,0
3bb5d6c4-17d0-4088-a616-11ce03dd3274,1480722528.311,85725.2,37.3970194531667,-121.983950086,2,0,0
3bb5d6c4-17d0-4088-a616-11ce03dd3274,1480722528.511,85725.4,37.3970189403333,-121.983957852333,2,0,0
3bb5d6c4-17d0-4088-a616-11ce03dd3274,1480722528.708,85725.6,37.3970184301667,-121.983965563667,2,0,0
3bb5d6c4-17d0-4088-a616-11ce03dd3274,1480722528.917,85725.8,37.3970180153333,-121.983973176667,2,0,0
3bb5d6c4-17d0-4088-a616-11ce03dd3274,1480722529.109,85726,37.3970174531667,-121.983980729667,2,0,0
3bb5d6c4-17d0-4088-a616-11ce03dd3274,1480722529.314,85726.2,37.3970168941667,-121.983988200833,2,0,0
3bb5d6c4-17d0-4088-a616-11ce03dd3274,1480722529.512,85726.4,37.3970164808333,-121.983995614833,2,0,0
3bb5d6c4-17d0-4088-a616-11ce03dd3274,1480722529.713,85726.6,37.3970159533333,-121.9840029755,2,0,0
3bb5d6c4-17d0-4088-a616-11ce03dd3274,1480722529.916,85726.8,37.3970154,-121.984010276667,2,0,0
3bb5d6c4-17d0-4088-a616-11ce03dd3274,1480722530.117,85727,37.3970148893333,-121.984017571833,2,0,0
3bb5d6c4-17d0-4088-a616-11ce03dd3274,1480722530.307,85727.2,37.3970143443333,-121.984024765667,2,0,0
3bb5d6c4-17d0-4088-a616-11ce03dd3274,1480722530.514,85727.4,37.3970138708333,-121.984031935167,2,0,0
3bb5d6c4-17d0-4088-a616-11ce03dd3274,1480722530.718,85727.6,37.3970134488333,-121.984039057167,2,0,0
3bb5d6c4-17d0-4088-a616-11ce03dd3274,1480722530.913,85727.8,37.3970130456667,-121.9840460785,2,0,0
3bb5d6c4-17d0-4088-a616-11ce03dd3274,1480722531.114,85728,37.3970126931667,-121.984053136833,2,0,0
3bb5d6c4-17d0-4088-a616-11ce03dd3274,1480722531.309,85728.2,37.397012353,-121.984060156,2,0,0
3bb5d6c4-17d0-4088-a616-11ce03dd3274,1480722531.517,85728.4,37.3970121361667,-121.984067159,2,0,0
3bb5d6c4-17d0-4088-a616-11ce03dd3274,1480722531.712,85728.6,37.397011924,-121.984074056667,2,0,0
3bb5d6c4-17d0-4088-a616-11ce03dd3274,1480722531.914,85728.8,37.397011681,-121.984080910333,2,0,0
3bb5d6c4-17d0-4088-a616-11ce03dd3274,1480722532.117,85729,37.3970114656667,-121.9840876935,2,0,0
3bb5d6c4-17d0-4088-a616-11ce03dd3274,1480722532.307,85729.2,37.3970112161667,-121.984094416333,2,0,0
3bb5d6c4-17d0-4088-a616-11ce03dd3274,1480722532.507,85729.4,37.3970111316667,-121.984101027333,2,0,0
3bb5d6c4-17d0-4088-a616-11ce03dd3274,1480722532.712,85729.6,37.3970109053333,-121.984107579333,2,0,0
3bb5d6c4-17d0-4088-a616-11ce03dd3274,1480722532.914,85729.8,37.3970106043333,-121.9841141015,2,0,0
3bb5d6c4-17d0-4088-a616-11ce03dd3274,1480722533.108,85730,37.397010371,-121.984120424333,2,0,0
3bb5d6c4-17d0-4088-a616-11ce03dd3274,1480722533.315,85730.2,37.3970101175,-121.984126775,2,0,0
3bb5d6c4-17d0-4088-a616-11ce03dd3274,1480722533.514,85730.4,37.397009785,-121.984132963667,2,0,0
3bb5d6c4-17d0-4088-a616-11ce03dd3274,1480722533.711,85730.6,37.3970094395,-121.9841390785,2,0,0
3bb5d6c4-17d0-4088-a616-11ce03dd3274,1480722533.907,85730.8,37.397009422,-121.984145224833,2,0,0
3bb5d6c4-17d0-4088-a616-11ce03dd3274,1480722534.112,85731,37.3970092898333,-121.984151192,2,0,0
3bb5d6c4-17d0-4088-a616-11ce03dd3274,1480722534.314,85731.2,37.3970093481667,-121.984157179,2,0,0
3bb5d6c4-17d0-4088-a616-11ce03dd3274,1480722534.515,85731.4,37.3970096208333,-121.984163070833,2,0,0
3bb5d6c4-17d0-4088-a616-11ce03dd3274,1480722534.707,85731.6,37.3970101718333,-121.984168707167,2,0,0
3bb5d6c4-17d0-4088-a616-11ce03dd3274,1480722534.914,85731.8,37.3970109605,-121.984174212333,2,0,0
3bb5d6c4-17d0-4088-a616-11ce03dd3274,1480722535.112,85732,37.3970119985,-121.984179634833,2,0,0
3bb5d6c4-17d0-4088-a616-11ce03dd3274,1480722535.31,85732.2,37.3970132703333,-121.984184966,2,0,0
3bb5d6c4-17d0-4088-a616-11ce03dd3274,1480722535.507,85732.4,37.3970148843333,-121.984190056833,2,0,0
3bb5d6c4-17d0-4088-a616-11ce03dd3274,1480722535.712,85732.6,37.3970169041667,-121.984194773167,2,0,0
3bb5d6c4-17d0-4088-a616-11ce03dd3274,1480722535.907,85732.8,37.3970190445,-121.984199278667,2,0,0
3bb5d6c4-17d0-4088-a616-11ce03dd3274,1480722536.11,85733,37.3970213296667,-121.984203615333,2,0,0
3bb5d6c4-17d0-4088-a616-11ce03dd3274,1480722536.311,85733.2,37.3970239171667,-121.984207699667,2,0,0
3bb5d6c4-17d0-4088-a616-11ce03dd3274,1480722536.515,85733.4,37.3970265425,-121.984211326667,2,0,0
3bb5d6c4-17d0-4088-a616-11ce03dd3274,1480722536.716,85733.6,37.397029407,-121.984214552833,2,0,0
3bb5d6c4-17d0-4088-a616-11ce03dd3274,1480722536.911,85733.8,37.3970323056667,-121.9842174905,2,0,0
3bb5d6c4-17d0-4088-a616-11ce03dd3274,1480722537.114,85734,37.3970354495,-121.9842199545,2,0,0
3bb5d6c4-17d0-4088-a616-11ce03dd3274,1480722537.315,85734.2,37.397038503,-121.984222054833,2,0,0
3bb5d6c4-17d0-4088-a616-11ce03dd3274,1480722537.508,85734.4,37.3970414536667,-121.9842242655,2,0,0
3bb5d6c4-17d0-4088-a616-11ce03dd3274,1480722537.713,85734.6,37.3970444533333,-121.984226533,2,0,0
3bb5d6c4-17d0-4088-a616-11ce03dd3274,1480722537.907,85734.8,37.3970475445,-121.984228779333,2,0,0
3bb5d6c4-17d0-4088-a616-11ce03dd3274,1480722538.113,85735,37.397050613,-121.9842304815,2,0,0
3bb5d6c4-17d0-4088-a616-11ce03dd3274,1480722538.316,85735.2,37.3970536335,-121.984231624167,2,0,0
3bb5d6c4-17d0-4088-a616-11ce03dd3274,1480722538.51,85735.4,37.3970566558333,-121.984232755333,2,0,0
3bb5d6c4-17d0-4088-a616-11ce03dd3274,1480722538.706,85735.6,37.397059601,-121.9842336685,2,0,0
3bb5d6c4-17d0-4088-a616-11ce03dd3274,1480722538.907,85735.8,37.3970625021667,-121.984234391833,2,0,0
3bb5d6c4-17d0-4088-a616-11ce03dd3274,1480722539.111,85736,37.3970650871667,-121.984234802667,2,0,0
3bb5d6c4-17d0-4088-a616-11ce03dd3274,1480722539.315,85736.2,37.3970674618333,-121.9842350335,2,0,0
3bb5d6c4-17d0-4088-a616-11ce03dd3274,1480722539.515,85736.4,37.3970696793333,-121.984235107167,2,0,0
3bb5d6c4-17d0-4088-a616-11ce03dd3274,1480722539.712,85736.6,37.3970713345,-121.984235129333,2,0,0
3bb5d6c4-17d0-4088-a616-11ce03dd3274,1480722539.914,85736.8,37.3970725811667,-121.984235255,2,0,0
3bb5d6c4-17d0-4088-a616-11ce03dd3274,1480722540.107,85737,37.3970737723333,-121.98423529,2,0,0
3bb5d6c4-17d0-4088-a616-11ce03dd3274,1480722540.307,85737.2,37.3970744883333,-121.984235296167,2,0,0
3bb5d6c4-17d0-4088-a616-11ce03dd3274,1480722540.51,85737.4,37.3970748328333,-121.984235327667,2,0,0
3bb5d6c4-17d0-4088-a616-11ce03dd3274,1480722540.716,85737.6,37.3970748391667,-121.984235345333,2,0,0
3bb5d6c4-17d0-4088-a616-11ce03dd3274,1480722540.909,85737.8,37.397074799,-121.984235384833,2,0,0
3bb5d6c4-17d0-4088-a616-11ce03dd3274,1480722541.11,85738,37.3970748221667,-121.984235370833,2,0,0
3bb5d6c4-17d0-4088-a616-11ce03dd3274,1480722541.311,85738.2,37.3970748591667,-121.9842353625,2,0,0
3bb5d6c4-17d0-4088-a616-11ce03dd3274,1480722541.509,85738.4,37.3970748675,-121.9842353635,2,0,0
3bb5d6c4-17d0-4088-a616-11ce03dd3274,1480722541.712,85738.6,37.3970748846667,-121.984235359833,2,0,0
3bb5d6c4-17d0-4088-a616-11ce03dd3274,1480722541.907,85738.8,37.397074899,-121.984235351167,2,0,0
3bb5d6c4-17d0-4088-a616-11ce03dd3274,1480722542.111,85739,37.3970749375,-121.984235358333,2,0,0
3bb5d6c4-17d0-4088-a616-11ce03dd3274,1480722542.315,85739.2,37.3970749621667,-121.984235356833,2,0,0
3bb5d6c4-17d0-4088-a616-11ce03dd3274,1480722542.51,85739.4,37.3970749575,-121.984235355167,2,0,0
3bb5d6c4-17d0-4088-a616-11ce03dd3274,1480722542.714,85739.6,37.3970750001667,-121.9842353645,2,0,0
3bb5d6c4-17d0-4088-a616-11ce03dd3274,1480722542.911,85739.8,37.3970749996667,-121.98423536,2,0,0
3bb5d6c4-17d0-4088-a616-11ce03dd3274,1480722543.114,85740,37.3970750198333,-121.9842353665,2,0,0
3bb5d6c4-17d0-4088-a616-11ce03dd3274,1480722543.313,85740.2,37.3970750405,-121.984235360667,2,0,0
3bb5d6c4-17d0-4088-a616-11ce03dd3274,1480722543.516,85740.4,37.3970750445,-121.9842353635,2,0,0
3bb5d6c4-17d0-4088-a616-11ce03dd3274,1480722543.707,85740.6,37.3970750761667,-121.984235365333,2,0,0
3bb5d6c4-17d0-4088-a616-11ce03dd3274,1480722543.914,85740.8,37.397075103,-121.984235375,2,0,0
3bb5d6c4-17d0-4088-a616-11ce03dd3274,1480722544.116,85741,37.3970751115,-121.984235382333,2,0,0
3bb5d6c4-17d0-4088-a616-11ce03dd3274,1480722544.308,85741.2,37.3970751106667,-121.984235378333,2,0,0
3bb5d6c4-17d0-4088-a616-11ce03dd3274,1480722544.51,85741.4,37.3970751288333,-121.9842353765,2,0,0
3bb5d6c4-17d0-4088-a616-11ce03dd3274,1480722544.71,85741.6,37.3970751466667,-121.984235381,2,0,0
3bb5d6c4-17d0-4088-a616-11ce03dd3274,1480722544.907,85741.8,37.3970751518333,-121.984235391167,2,0,0
3bb5d6c4-17d0-4088-a616-11ce03dd3274,1480722545.108,85742,37.3970751635,-121.984235385667,2,0,0
3bb5d6c4-17d0-4088-a616-11ce03dd3274,1480722545.306,85742.2,37.3970751961667,-121.984235397167,2,0,0
3bb5d6c4-17d0-4088-a616-11ce03dd3274,1480722545.506,85742.4,37.397075201,-121.984235386833,2,0,0
3bb5d6c4-17d0-4088-a616-11ce03dd3274,1480722545.711,85742.6,37.3970752115,-121.984235402833,2,0,0
3bb5d6c4-17d0-4088-a616-11ce03dd3274,1480722545.917,85742.8,37.3970752171667,-121.984235405667,2,0,0
3bb5d6c4-17d0-4088-a616-11ce03dd3274,1480722546.108,85743,37.3970752486667,-121.984235391,2,0,0
3bb5d6c4-17d0-4088-a616-11ce03dd3274,1480722546.311,85743.2,37.3970752816667,-121.984235400667,2,0,0
3bb5d6c4-17d0-4088-a616-11ce03dd3274,1480722546.506,85743.4,37.3970753443333,-121.984235401167,2,0,0
3bb5d6c4-17d0-4088-a616-11ce03dd3274,1480722546.706,85743.6,37.3970754021667,-121.984235410167,2,0,0
3bb5d6c4-17d0-4088-a616-11ce03dd3274,1480722546.913,85743.8,37.3970754533333,-121.984235421333,2,0,0
3bb5d6c4-17d0-4088-a616-11ce03dd3274,1480722547.116,85744,37.3970755046667,-121.984235434167,2,0,0
3bb5d6c4-17d0-4088-a616-11ce03dd3274,1480722547.316,85744.2,37.3970755228333,-121.984235445,2,0,0
3bb5d6c4-17d0-4088-a616-11ce03dd3274,1480722547.511,85744.4,37.3970755018333,-121.984235449167,2,0,0
3bb5d6c4-17d0-4088-a616-11ce03dd3274,1480722547.716,85744.6,37.3970754798333,-121.984235456833,2,0,0
3bb5d6c4-17d0-4088-a616-11ce03dd3274,1480722547.912,85744.8,37.3970754953333,-121.984235467667,2,0,0
3bb5d6c4-17d0-4088-a616-11ce03dd3274,1480722548.108,85745,37.3970755031667,-121.984235472,2,0,0
3bb5d6c4-17d0-4088-a616-11ce03dd3274,1480722548.308,85745.2,37.3970755383333,-121.984235478,2,0,0
3bb5d6c4-17d0-4088-a616-11ce03dd3274,1480722548.514,85745.4,37.3970755383333,-121.984235486,2,0,0
3bb5d6c4-17d0-4088-a616-11ce03dd3274,1480722548.716,85745.6,37.3970755553333,-121.984235507,2,0,0
3bb5d6c4-17d0-4088-a616-11ce03dd3274,1480722548.913,85745.8,37.397075529,-121.984235511333,2,0,0
3bb5d6c4-17d0-4088-a616-11ce03dd3274,1480722549.115,85746,37.397075536,-121.984235514833,2,0,0
3bb5d6c4-17d0-4088-a616-11ce03dd3274,1480722549.316,85746.2,37.397075535,-121.984235528167,2,0,0
3bb5d6c4-17d0-4088-a616-11ce03dd3274,1480722549.514,85746.4,37.3970755355,-121.984235539333,2,0,0
3bb5d6c4-17d0-4088-a616-11ce03dd3274,1480722549.706,85746.6,37.3970755076667,-121.984235521667,2,0,0
3bb5d6c4-17d0-4088-a616-11ce03dd3274,1480722549.91,85746.8,37.3970755281667,-121.984235484,2,0,0
3bb5d6c4-17d0-4088-a616-11ce03dd3274,1480722550.11,85747,37.3970755191667,-121.984235485333,2,0,0
3bb5d6c4-17d0-4088-a616-11ce03dd3274,1480722550.313,85747.2,37.3970754976667,-121.984235495833,2,0,0
3bb5d6c4-17d0-4088-a616-11ce03dd3274,1480722550.514,85747.4,37.397075485,-121.9842354925,2,0,0
3bb5d6c4-17d0-4088-a616-11ce03dd3274,1480722550.711,85747.6,37.3970754623333,-121.984235489833,2,0,0
3bb5d6c4-17d0-4088-a616-11ce03dd3274,1480722550.91,85747.8,37.3970754571667,-121.9842354975,2,0,0
3bb5d6c4-17d0-4088-a616-11ce03dd3274,1480722551.114,85748,37.3970754473333,-121.984235473,2,0,0
3bb5d6c4-17d0-4088-a616-11ce03dd3274,1480722551.308,85748.2,37.3970754283333,-121.984235463,2,0,0
3bb5d6c4-17d0-4088-a616-11ce03dd3274,1480722551.509,85748.4,37.397075423,-121.984235469667,2,0,0
3bb5d6c4-17d0-4088-a616-11ce03dd3274,1480722551.711,85748.6,37.3970754098333,-121.9842354595,2,0,0
3bb5d6c4-17d0-4088-a616-11ce03dd3274,1480722551.915,85748.8,37.3970754075,-121.984235464,2,0,0
3bb5d6c4-17d0-4088-a616-11ce03dd3274,1480722552.11,85749,37.3970754003333,-121.984235459,2,0,0
3bb5d6c4-17d0-4088-a616-11ce03dd3274,1480722552.306,85749.2,37.3970754003333,-121.98423543,2,0,0
3bb5d6c4-17d0-4088-a616-11ce03dd3274,1480722552.514,85749.4,37.397075381,-121.984235444667,2,0,0
3bb5d6c4-17d0-4088-a616-11ce03dd3274,1480722552.715,85749.6,37.3970753681667,-121.984235428,2,0,0
3bb5d6c4-17d0-4088-a616-11ce03dd3274,1480722552.912,85749.8,37.3970753658333,-121.98423544,2,0,0
3bb5d6c4-17d0-4088-a616-11ce03dd3274,1480722553.107,85750,37.3970753645,-121.984235450833,2,0,0
3bb5d6c4-17d0-4088-a616-11ce03dd3274,1480722553.308,85750.2,37.3970753663333,-121.984235447,2,0,0
3bb5d6c4-17d0-4088-a616-11ce03dd3274,1480722553.511,85750.4,37.3970753571667,-121.984235430667,2,0,0
3bb5d6c4-17d0-4088-a616-11ce03dd3274,1480722553.714,85750.6,37.3970753528333,-121.984235446667,2,0,0
3bb5d6c4-17d0-4088-a616-11ce03dd3274,1480722553.908,85750.8,37.397075363,-121.984235451,2,0,0
3bb5d6c4-17d0-4088-a616-11ce03dd3274,1480722554.113,85751,37.39707535,-121.984235441833,2,0,0
3bb5d6c4-17d0-4088-a616-11ce03dd3274,1480722554.307,85751.2,37.3970753345,-121.984235440167,2,0,0
3bb5d6c4-17d0-4088-a616-11ce03dd3274,1480722554.511,85751.4,37.3970753343333,-121.984235433333,2,0,0
3bb5d6c4-17d0-4088-a616-11ce03dd3274,1480722554.713,85751.6,37.3970753198333,-121.9842354365,2,0,0
3bb5d6c4-17d0-4088-a616-11ce03dd3274,1480722554.909,85751.8,37.39707533,-121.98423543,2,0,0
3bb5d6c4-17d0-4088-a616-11ce03dd3274,1480722555.112,85752,37.397075324,-121.984235417667,2,0,0
3bb5d6c4-17d0-4088-a616-11ce03dd3274,1480722555.312,85752.2,37.3970753088333,-121.984235412333,2,0,0
3bb5d6c4-17d0-4088-a616-11ce03dd3274,1480722555.507,85752.4,37.3970753075,-121.984235402667,2,0,0
3bb5d6c4-17d0-4088-a616-11ce03dd3274,1480722555.708,85752.6,37.3970753098333,-121.9842354035,2,0,0
3bb5d6c4-17d0-4088-a616-11ce03dd3274,1480722555.916,85752.8,37.3970753031667,-121.984235397,2,0,0
3bb5d6c4-17d0-4088-a616-11ce03dd3274,1480722556.11,85753,37.3970753115,-121.984235405,2,0,0
3bb5d6c4-17d0-4088-a616-11ce03dd3274,1480722556.316,85753.2,37.3970752783333,-121.984235382,2,0,0
3bb5d6c4-17d0-4088-a616-11ce03dd3274,1480722556.511,85753.4,37.3970752773333,-121.984235378333,2,0,0
3bb5d6c4-17d0-4088-a616-11ce03dd3274,1480722556.714,85753.6,37.397075291,-121.984235387,2,0,0
3bb5d6c4-17d0-4088-a616-11ce03dd3274,1480722556.91,85753.8,37.3970752883333,-121.9842353875,2,0,0
3bb5d6c4-17d0-4088-a616-11ce03dd3274,1480722557.114,85754,37.3970752735,-121.984235389,2,0,0
3bb5d6c4-17d0-4088-a616-11ce03dd3274,1480722557.315,85754.2,37.3970752801667,-121.984235383667,2,0,0
3bb5d6c4-17d0-4088-a616-11ce03dd3274,1480722557.512,85754.4,37.3970752713333,-121.984235389,2,0,0
3bb5d6c4-17d0-4088-a616-11ce03dd3274,1480722557.708,85754.6,37.3970752753333,-121.984235383,2,0,0
3bb5d6c4-17d0-4088-a616-11ce03dd3274,1480722557.914,85754.8,37.3970752725,-121.984235378333,2,0,0
3bb5d6c4-17d0-4088-a616-11ce03dd3274,1480722558.116,85755,37.3970752826667,-121.984235381333,2,0,0
3bb5d6c4-17d0-4088-a616-11ce03dd3274,1480722558.312,85755.2,37.3970752781667,-121.984235382333,2,0,0
3bb5d6c4-17d0-4088-a616-11ce03dd3274,1480722558.509,85755.4,37.3970752891667,-121.984235378333,2,0,0
3bb5d6c4-17d0-4088-a616-11ce03dd3274,1480722558.713,85755.6,37.3970752718333,-121.9842353775,2,0,0
3bb5d6c4-17d0-4088-a616-11ce03dd3274,1480722558.91,85755.8,37.3970753013333,-121.984235393,2,0,0
3bb5d6c4-17d0-4088-a616-11ce03dd3274,1480722559.114,85756,37.3970752873333,-121.984235373167,2,0,0
3bb5d6c4-17d0-4088-a616-11ce03dd3274,1480722559.314,85756.2,37.3970752936667,-121.984235383167,2,0,0
3bb5d6c4-17d0-4088-a616-11ce03dd3274,1480722559.516,85756.4,37.3970753078333,-121.9842353865,2,0,0
3bb5d6c4-17d0-4088-a616-11ce03dd3274,1480722559.715,85756.6,37.3970753201667,-121.984235389333,2,0,0
3bb5d6c4-17d0-4088-a616-11ce03dd3274,1480722559.911,85756.8,37.3970753166667,-121.984235371833,2,0,0
3bb5d6c4-17d0-4088-a616-11ce03dd3274,1480722560.106,85757,37.3970753313333,-121.9842353675,2,0,0
3bb5d6c4-17d0-4088-a616-11ce03dd3274,1480722560.313,85757.2,37.397075325,-121.9842353615,2,0,0
3bb5d6c4-17d0-4088-a616-11ce03dd3274,1480722560.515,85757.4,37.3970753325,-121.984235361333,2,0,0
3bb5d6c4-17d0-4088-a616-11ce03dd3274,1480722560.709,85757.6,37.3970753515,-121.984235359167,2,0,0
3bb5d6c4-17d0-4088-a616-11ce03dd3274,1480722560.912,85757.8,37.3970753585,-121.984235348667,2,0,0
3bb5d6c4-17d0-4088-a616-11ce03dd3274,1480722561.115,85758,37.3970753803333,-121.9842353595,2,0,0
3bb5d6c4-17d0-4088-a616-11ce03dd3274,1480722561.309,85758.2,37.3970754015,-121.984235368167,2,0,0
3bb5d6c4-17d0-4088-a616-11ce03dd3274,1480722561.51,85758.4,37.3970754321667,-121.984235369333,2,0,0
3bb5d6c4-17d0-4088-a616-11ce03dd3274,1480722561.715,85758.6,37.3970754505,-121.984235367833,2,0,0
3bb5d6c4-17d0-4088-a616-11ce03dd3274,1480722561.909,85758.8,37.3970754788333,-121.984235384167,2,0,0
3bb5d6c4-17d0-4088-a616-11ce03dd3274,1480722562.111,85759,37.3970755011667,-121.984235399167,2,0,0
3bb5d6c4-17d0-4088-a616-11ce03dd3274,1480722562.307,85759.2,37.3970755296667,-121.984235408667,2,0,0
3bb5d6c4-17d0-4088-a616-11ce03dd3274,1480722562.509,85759.4,37.3970755538333,-121.984235408167,2,0,0
3bb5d6c4-17d0-4088-a616-11ce03dd3274,1480722562.714,85759.6,37.3970755738333,-121.984235413,2,0,0
3bb5d6c4-17d0-4088-a616-11ce03dd3274,1480722562.909,85759.8,37.3970755855,-121.984235430167,2,0,0
3bb5d6c4-17d0-4088-a616-11ce03dd3274,1480722563.109,85760,37.3970756011667,-121.9842354145,2,0,0
3bb5d6c4-17d0-4088-a616-11ce03dd3274,1480722563.313,85760.2,37.3970756195,-121.984235421,2,0,0
3bb5d6c4-17d0-4088-a616-11ce03dd3274,1480722563.51,85760.4,37.3970756403333,-121.984235424833,2,0,0
3bb5d6c4-17d0-4088-a616-11ce03dd3274,1480722563.713,85760.6,37.3970756488333,-121.984235431333,2,0,0
3bb5d6c4-17d0-4088-a616-11ce03dd3274,1480722563.912,85760.8,37.3970756793333,-121.984235429167,2,0,0
3bb5d6c4-17d0-4088-a616-11ce03dd3274,1480722564.116,85761,37.397075678,-121.9842354265,2,0,0
3bb5d6c4-17d0-4088-a616-11ce03dd3274,1480722564.311,85761.2,37.3970756948333,-121.984235429167,2,0,0
3bb5d6c4-17d0-4088-a616-11ce03dd3274,1480722564.515,85761.4,37.3970756941667,-121.984235436167,2,0,0
3bb5d6c4-17d0-4088-a616-11ce03dd3274,1480722564.712,85761.6,37.3970757161667,-121.984235422167,2,0,0
3bb5d6c4-17d0-4088-a616-11ce03dd3274,1480722564.91,85761.8,37.397075721,-121.984235423333,2,0,0
3bb5d6c4-17d0-4088-a616-11ce03dd3274,1480722565.108,85762,37.3970757103333,-121.9842354135,2,0,0
3bb5d6c4-17d0-4088-a616-11ce03dd3274,1480722565.315,85762.2,37.3970757198333,-121.984235418667,2,0,0
3bb5d6c4-17d0-4088-a616-11ce03dd3274,1480722565.513,85762.4,37.3970757253333,-121.984235405,2,0,0
3bb5d6c4-17d0-4088-a616-11ce03dd3274,1480722565.707,85762.6,37.3970757346667,-121.984235409333,2,0,0
3bb5d6c4-17d0-4088-a616-11ce03dd3274,1480722565.911,85762.8,37.3970757481667,-121.984235417667,2,0,0
3bb5d6c4-17d0-4088-a616-11ce03dd3274,1480722566.114,85763,37.3970757581667,-121.9842354225,2,0,0
3bb5d6c4-17d0-4088-a616-11ce03dd3274,1480722566.306,85763.2,37.397075755,-121.984235424167,2,0,0
3bb5d6c4-17d0-4088-a616-11ce03dd3274,1480722566.505,85763.4,37.397075771,-121.984235440333,2,0,0
3bb5d6c4-17d0-4088-a616-11ce03dd3274,1480722566.71,85763.6,37.3970757818333,-121.984235436167,2,0,0
3bb5d6c4-17d0-4088-a616-11ce03dd3274,1480722566.905,85763.8,37.3970757738333,-121.984235419167,2,0,0
3bb5d6c4-17d0-4088-a616-11ce03dd3274,1480722567.106,85764,37.3970757658333,-121.984235422167,2,0,0
3bb5d6c4-17d0-4088-a616-11ce03dd3274,1480722567.314,85764.2,37.3970757746667,-121.9842354145,2,0,0
3bb5d6c4-17d0-4088-a616-11ce03dd3274,1480722567.515,85764.4,37.3970757635,-121.9842354255,2,0,0
3bb5d6c4-17d0-4088-a616-11ce03dd3274,1480722567.707,85764.6,37.3970757643333,-121.9842354155,2,0,0
3bb5d6c4-17d0-4088-a616-11ce03dd3274,1480722567.908,85764.8,37.3970757596667,-121.984235414167,2,0,0
3bb5d6c4-17d0-4088-a616-11ce03dd3274,1480722568.11,85765,37.3970757576667,-121.984235414167,2,0,0
3bb5d6c4-17d0-4088-a616-11ce03dd3274,1480722568.307,85765.2,37.3970757418333,-121.984235409333,2,0,0
3bb5d6c4-17d0-4088-a616-11ce03dd3274,1480722568.514,85765.4,37.397075728,-121.984235398833,2,0,0
3bb5d6c4-17d0-4088-a616-11ce03dd3274,1480722568.706,85765.6,37.3970757155,-121.984235387333,2,0,0
3bb5d6c4-17d0-4088-a616-11ce03dd3274,1480722568.914,85765.8,37.3970757151667,-121.984235378833,2,0,0
3bb5d6c4-17d0-4088-a616-11ce03dd3274,1480722569.106,85766,37.3970757028333,-121.984235361667,2,0,0
3bb5d6c4-17d0-4088-a616-11ce03dd3274,1480722569.307,85766.2,37.397075689,-121.984235357167,2,0,0
3bb5d6c4-17d0-4088-a616-11ce03dd3274,1480722569.508,85766.4,37.3970756791667,-121.984235352833,2,0,0
3bb5d6c4-17d0-4088-a616-11ce03dd3274,1480722569.706,85766.6,37.3970756581667,-121.984235340667,2,0,0
3bb5d6c4-17d0-4088-a616-11ce03dd3274,1480722569.91,85766.8,37.3970756583333,-121.984235347833,2,0,0
3bb5d6c4-17d0-4088-a616-11ce03dd3274,1480722570.106,85767,37.3970756341667,-121.984235335333,2,0,0
3bb5d6c4-17d0-4088-a616-11ce03dd3274,1480722570.308,85767.2,37.397075631,-121.9842353335,2,0,0
3bb5d6c4-17d0-4088-a616-11ce03dd3274,1480722570.515,85767.4,37.3970756258333,-121.984235328667,2,0,0
3bb5d6c4-17d0-4088-a616-11ce03dd3274,1480722570.711,85767.6,37.3970756176667,-121.984235327167,2,0,0
3bb5d6c4-17d0-4088-a616-11ce03dd3274,1480722570.905,85767.8,37.3970756248333,-121.984235327333,2,0,0
3bb5d6c4-17d0-4088-a616-11ce03dd3274,1480722571.108,85768,37.397075612,-121.984235321667,2,0,0
3bb5d6c4-17d0-4088-a616-11ce03dd3274,1480722571.314,85768.2,37.3970756178333,-121.984235335833,2,0,0
3bb5d6c4-17d0-4088-a616-11ce03dd3274,1480722571.51,85768.4,37.3970756201667,-121.984235323667,2,0,0
3bb5d6c4-17d0-4088-a616-11ce03dd3274,1480722571.713,85768.6,37.3970756138333,-121.984235327667,2,0,0
3bb5d6c4-17d0-4088-a616-11ce03dd3274,1480722571.907,85768.8,37.3970756106667,-121.984235331667,2,0,0
3bb5d6c4-17d0-4088-a616-11ce03dd3274,1480722572.108,85769,37.3970756098333,-121.984235322167,2,0,0
3bb5d6c4-17d0-4088-a616-11ce03dd3274,1480722572.315,85769.2,37.397075601,-121.984235322167,2,0,0
3bb5d6c4-17d0-4088-a616-11ce03dd3274,1480722572.507,85769.4,37.3970755806667,-121.984235321333,2,0,0
3bb5d6c4-17d0-4088-a616-11ce03dd3274,1480722572.71,85769.6,37.3970755885,-121.9842353155,2,0,0
3bb5d6c4-17d0-4088-a616-11ce03dd3274,1480722572.916,85769.8,37.3970755526667,-121.984235308333,2,0,0
3bb5d6c4-17d0-4088-a616-11ce03dd3274,1480722573.11,85770,37.397075516,-121.984235302667,2,0,0
3bb5d6c4-17d0-4088-a616-11ce03dd3274,1480722573.316,85770.2,37.3970754751667,-121.9842352805,2,0,0
3bb5d6c4-17d0-4088-a616-11ce03dd3274,1480722573.507,85770.4,37.3970754348333,-121.984235262833,2,0,0
3bb5d6c4-17d0-4088-a616-11ce03dd3274,1480722573.71,85770.6,37.3970754041667,-121.984235258833,2,0,0
3bb5d6c4-17d0-4088-a616-11ce03dd3274,1480722573.913,85770.8,37.3970753868333,-121.984235249167,2,0,0
3bb5d6c4-17d0-4088-a616-11ce03dd3274,1480722574.114,85771,37.3970753593333,-121.984235245167,2,0,0
3bb5d6c4-17d0-4088-a616-11ce03dd3274,1480722574.31,85771.2,37.3970753513333,-121.984235239667,2,0,0
3bb5d6c4-17d0-4088-a616-11ce03dd3274,1480722574.51,85771.4,37.3970753271667,-121.984235227333,2,0,0
3bb5d6c4-17d0-4088-a616-11ce03dd3274,1480722574.711,85771.6,37.397075312,-121.984235230833,2,0,0
3bb5d6c4-17d0-4088-a616-11ce03dd3274,1480722574.914,85771.8,37.3970752913333,-121.984235212833,2,0,0
3bb5d6c4-17d0-4088-a616-11ce03dd3274,1480722575.11,85772,37.3970752811667,-121.984235222,2,0,0
3bb5d6c4-17d0-4088-a616-11ce03dd3274,1480722575.312,85772.2,37.3970752476667,-121.984235198667,2,0,0
3bb5d6c4-17d0-4088-a616-11ce03dd3274,1480722575.509,85772.4,37.3970752421667,-121.984235202333,2,0,0
3bb5d6c4-17d0-4088-a616-11ce03dd3274,1480722575.71,85772.6,37.3970752295,-121.984235195167,2,0,0
3bb5d6c4-17d0-4088-a616-11ce03dd3274,1480722575.916,85772.8,37.3970752015,-121.984235184167,2,0,0
3bb5d6c4-17d0-4088-a616-11ce03dd3274,1480722576.111,85773,37.397075183,-121.984235172333,2,0,0
3bb5d6c4-17d0-4088-a616-11ce03dd3274,1480722576.313,85773.2,37.3970751721667,-121.9842351725,2,0,0
3bb5d6c4-17d0-4088-a616-11ce03dd3274,1480722576.508,85773.4,37.3970751636667,-121.9842351705,2,0,0
3bb5d6c4-17d0-4088-a616-11ce03dd3274,1480722576.707,85773.6,37.3970751528333,-121.984235166833,2,0,0
3bb5d6c4-17d0-4088-a616-11ce03dd3274,1480722576.913,85773.8,37.397075125,-121.984235153667,2,0,0
3bb5d6c4-17d0-4088-a616-11ce03dd3274,1480722577.107,85774,37.397075096,-121.9842351575,2,0,0
3bb5d6c4-17d0-4088-a616-11ce03dd3274,1480722577.313,85774.2,37.3970750816667,-121.9842351515,2,0,0
3bb5d6c4-17d0-4088-a616-11ce03dd3274,1480722577.51,85774.4,37.3970750713333,-121.984235153667,2,0,0
3bb5d6c4-17d0-4088-a616-11ce03dd3274,1480722577.713,85774.6,37.397075076,-121.984235156833,2,0,0
3bb5d6c4-17d0-4088-a616-11ce03dd3274,1480722577.906,85774.8,37.397075044,-121.98423514,2,0,0
3bb5d6c4-17d0-4088-a616-11ce03dd3274,1480722578.107,85775,37.397075048,-121.984235135,2,0,0
3bb5d6c4-17d0-4088-a616-11ce03dd3274,1480722578.309,85775.2,37.3970750306667,-121.984235138167,2,0,0
3bb5d6c4-17d0-4088-a616-11ce03dd3274,1480722578.512,85775.4,37.3970750218333,-121.984235133667,2,0,0
3bb5d6c4-17d0-4088-a616-11ce03dd3274,1480722578.708,85775.6,37.3970750138333,-121.9842351275,2,0,0
3bb5d6c4-17d0-4088-a616-11ce03dd3274,1480722578.912,85775.8,37.3970750258333,-121.984235141333,2,0,0
3bb5d6c4-17d0-4088-a616-11ce03dd3274,1480722579.109,85776,37.3970750356667,-121.9842351365,2,0,0
3bb5d6c4-17d0-4088-a616-11ce03dd3274,1480722579.305,85776.2,37.3970750483333,-121.984235141167,2,0,0
3bb5d6c4-17d0-4088-a616-11ce03dd3274,1480722579.509,85776.4,37.3970750466667,-121.9842351405,2,0,0
3bb5d6c4-17d0-4088-a616-11ce03dd3274,1480722579.714,85776.6,37.397075081,-121.984235164,2,0,0
3bb5d6c4-17d0-4088-a616-11ce03dd3274,1480722579.908,85776.8,37.3970750983333,-121.984235160667,2,0,0
3bb5d6c4-17d0-4088-a616-11ce03dd3274,1480722580.109,85777,37.3970751165,-121.984235171833,2,0,0
3bb5d6c4-17d0-4088-a616-11ce03dd3274,1480722580.316,85777.2,37.3970751403333,-121.984235187833,2,0,0
3bb5d6c4-17d0-4088-a616-11ce03dd3274,1480722580.506,85777.4,37.3970751653333,-121.984235197833,2,0,0
3bb5d6c4-17d0-4088-a616-11ce03dd3274,1480722580.711,85777.6,37.3970751968333,-121.984235214667,2,0,0
3bb5d6c4-17d0-4088-a616-11ce03dd3274,1480722580.913,85777.8,37.3970752168333,-121.984235214,2,0,0
3bb5d6c4-17d0-4088-a616-11ce03dd3274,1480722581.112,85778,37.3970752301667,-121.984235224333,2,0,0
3bb5d6c4-17d0-4088-a616-11ce03dd3274,1480722581.309,85778.2,37.3970752578333,-121.984235236,2,0,0
3bb5d6c4-17d0-4088-a616-11ce03dd3274,1480722581.512,85778.4,37.3970752835,-121.984235243833,2,0,0
3bb5d6c4-17d0-4088-a616-11ce03dd3274,1480722581.707,85778.6,37.3970752988333,-121.984235244333,2,0,0
3bb5d6c4-17d0-4088-a616-11ce03dd3274,1480722581.911,85778.8,37.3970753246667,-121.984235248167,2,0,0
3bb5d6c4-17d0-4088-a616-11ce03dd3274,1480722582.112,85779,37.3970753373333,-121.984235249167,2,0,0
3bb5d6c4-17d0-4088-a616-11ce03dd3274,1480722582.307,85779.2,37.397075389,-121.984235272333,2,0,0
3bb5d6c4-17d0-4088-a616-11ce03dd3274,1480722582.507,85779.4,37.3970753761667,-121.984235265833,2,0,0
3bb5d6c4-17d0-4088-a616-11ce03dd3274,1480722582.713,85779.6,37.3970754095,-121.984235281,2,0,0
3bb5d6c4-17d0-4088-a616-11ce03dd3274,1480722582.908,85779.8,37.397075416,-121.984235288167,2,0,0
3bb5d6c4-17d0-4088-a616-11ce03dd3274,1480722583.108,85780,37.3970754236667,-121.9842352795,2,0,0
3bb5d6c4-17d0-4088-a616-11ce03dd3274,1480722583.307,85780.2,37.3970754413333,-121.984235297167,2,0,0
3bb5d6c4-17d0-4088-a616-11ce03dd3274,1480722583.51,85780.4,37.397075455,-121.984235294833,2,0,0
3bb5d6c4-17d0-4088-a616-11ce03dd3274,1480722583.713,85780.6,37.3970754776667,-121.984235308667,2,0,0
3bb5d6c4-17d0-4088-a616-11ce03dd3274,1480722583.909,85780.8,37.397075497,-121.984235312333,2,0,0
3bb5d6c4-17d0-4088-a616-11ce03dd3274,1480722584.113,85781,37.3970755155,-121.984235319667,2,0,0
3bb5d6c4-17d0-4088-a616-11ce03dd3274,1480722584.309,85781.2,37.3970755298333,-121.984235318833,2,0,0
3bb5d6c4-17d0-4088-a616-11ce03dd3274,1480722584.513,85781.4,37.3970755413333,-121.984235329167,2,0,0
3bb5d6c4-17d0-4088-a616-11ce03dd3274,1480722584.713,85781.6,37.3970755686667,-121.984235332,2,0,0
3bb5d6c4-17d0-4088-a616-11ce03dd3274,1480722584.911,85781.8,37.3970755828333,-121.984235342667,2,0,0
3bb5d6c4-17d0-4088-a616-11ce03dd3274,1480722585.105,85782,37.3970756186667,-121.9842353545,2,0,0
3bb5d6c4-17d0-4088-a616-11ce03dd3274,1480722585.307,85782.2,37.3970756541667,-121.984235355,2,0,0
3bb5d6c4-17d0-4088-a616-11ce03dd3274,1480722585.515,85782.4,37.3970756668333,-121.984235355667,2,0,0
3bb5d6c4-17d0-4088-a616-11ce03dd3274,1480722585.711,85782.6,37.3970756761667,-121.984235358,2,0,0
3bb5d6c4-17d0-4088-a616-11ce03dd3274,1480722585.906,85782.8,37.3970756895,-121.984235360167,2,0,0
3bb5d6c4-17d0-4088-a616-11ce03dd3274,1480722586.107,85783,37.3970757006667,-121.984235358833,2,0,0
3bb5d6c4-17d0-4088-a616-11ce03dd3274,1480722586.309,85783.2,37.3970757028333,-121.984235360833,2,0,0
3bb5d6c4-17d0-4088-a616-11ce03dd3274,1480722586.511,85783.4,37.3970757178333,-121.984235369667,2,0,0
3bb5d6c4-17d0-4088-a616-11ce03dd3274,1480722586.705,85783.6,37.3970757365,-121.984235386167,2,0,0
3bb5d6c4-17d0-4088-a616-11ce03dd3274,1480722586.911,85783.8,37.39707574,-121.984235383667,2,0,0
3bb5d6c4-17d0-4088-a616-11ce03dd3274,1480722587.11,85784,37.3970757413333,-121.984235381,2,0,0
3bb5d6c4-17d0-4088-a616-11ce03dd3274,1480722587.315,85784.2,37.3970757503333,-121.984235383833,2,0,0
3bb5d6c4-17d0-4088-a616-11ce03dd3274,1480722587.506,85784.4,37.3970757618333,-121.9842353885,2,0,0
3bb5d6c4-17d0-4088-a616-11ce03dd3274,1480722587.71,85784.6,37.3970757591667,-121.984235383,2,0,0
3bb5d6c4-17d0-4088-a616-11ce03dd3274,1480722587.905,85784.8,37.3970757626667,-121.9842353835,2,0,0
3bb5d6c4-17d0-4088-a616-11ce03dd3274,1480722588.105,85785,37.39707578,-121.984235393833,2,0,0
3bb5d6c4-17d0-4088-a616-11ce03dd3274,1480722588.312,85785.2,37.3970757846667,-121.984235379667,2,0,0
3bb5d6c4-17d0-4088-a616-11ce03dd3274,1480722588.515,85785.4,37.3970757941667,-121.984235402667,2,0,0
3bb5d6c4-17d0-4088-a616-11ce03dd3274,1480722588.712,85785.6,37.3970757996667,-121.984235405667,2,0,0
3bb5d6c4-17d0-4088-a616-11ce03dd3274,1480722588.91,85785.8,37.3970758031667,-121.984235404667,2,0,0
3bb5d6c4-17d0-4088-a616-11ce03dd3274,1480722589.111,85786,37.397075819,-121.9842354035,2,0,0
3bb5d6c4-17d0-4088-a616-11ce03dd3274,1480722589.307,85786.2,37.3970758208333,-121.984235392167,2,0,0
3bb5d6c4-17d0-4088-a616-11ce03dd3274,1480722589.512,85786.4,37.3970758283333,-121.984235400333,2,0,0
3bb5d6c4-17d0-4088-a616-11ce03dd3274,1480722589.714,85786.6,37.397075838,-121.984235412167,2,0,0
3bb5d6c4-17d0-4088-a616-11ce03dd3274,1480722589.909,85786.8,37.3970758506667,-121.9842354245,2,0,0
3bb5d6c4-17d0-4088-a616-11ce03dd3274,1480722590.11,85787,37.3970758463333,-121.984235432,2,0,0
3bb5d6c4-17d0-4088-a616-11ce03dd3274,1480722590.308,85787.2,37.3970758625,-121.984235443,2,0,0
3bb5d6c4-17d0-4088-a616-11ce03dd3274,1480722590.512,85787.4,37.3970758618333,-121.984235451,2,0,0
3bb5d6c4-17d0-4088-a616-11ce03dd3274,1480722590.705,85787.6,37.3970758701667,-121.984235460833,2,0,0
3bb5d6c4-17d0-4088-a616-11ce03dd3274,1480722590.913,85787.8,37.3970758651667,-121.984235467,2,0,0
3bb5d6c4-17d0-4088-a616-11ce03dd3274,1480722591.105,85788,37.3970758415,-121.984235443833,2,0,0
3bb5d6c4-17d0-4088-a616-11ce03dd3274,1480722591.308,85788.2,37.3970758166667,-121.984235445,2,0,0
3bb5d6c4-17d0-4088-a616-11ce03dd3274,1480722591.505,85788.4,37.3970757981667,-121.984235433333,2,0,0
3bb5d6c4-17d0-4088-a616-11ce03dd3274,1480722591.71,85788.6,37.3970757791667,-121.9842354335,2,0,0
3bb5d6c4-17d0-4088-a616-11ce03dd3274,1480722591.916,85788.8,37.397075756,-121.9842354355,2,0,0
3bb5d6c4-17d0-4088-a616-11ce03dd3274,1480722592.109,85789,37.3970757218333,-121.9842354165,2,0,0
3bb5d6c4-17d0-4088-a616-11ce03dd3274,1480722592.31,85789.2,37.3970757115,-121.9842354215,2,0,0
3bb5d6c4-17d0-4088-a616-11ce03dd3274,1480722592.514,85789.4,37.3970756946667,-121.984235414833,2,0,0
3bb5d6c4-17d0-4088-a616-11ce03dd3274,1480722592.708,85789.6,37.397075685,-121.984235413,2,0,0
3bb5d6c4-17d0-4088-a616-11ce03dd3274,1480722592.915,85789.8,37.3970756558333,-121.9842353985,2,0,0
3bb5d6c4-17d0-4088-a616-11ce03dd3274,1480722593.109,85790,37.3970756423333,-121.984235404,2,0,0
3bb5d6c4-17d0-4088-a616-11ce03dd3274,1480722593.31,85790.2,37.3970756161667,-121.984235392833,2,0,0
3bb5d6c4-17d0-4088-a616-11ce03dd3274,1480722593.506,85790.4,37.3970755931667,-121.9842353905,2,0,0
3bb5d6c4-17d0-4088-a616-11ce03dd3274,1480722593.707,85790.6,37.3970755841667,-121.984235390667,2,0,0
3bb5d6c4-17d0-4088-a616-11ce03dd3274,1480722593.913,85790.8,37.397075577,-121.984235376333,2,0,0
3bb5d6c4-17d0-4088-a616-11ce03dd3274,1480722594.108,85791,37.3970755435,-121.984235371,2,0,0
3bb5d6c4-17d0-4088-a616-11ce03dd3274,1480722594.309,85791.2,37.397075529,-121.984235368333,2,0,0
3bb5d6c4-17d0-4088-a616-11ce03dd3274,1480722594.514,85791.4,37.3970755146667,-121.984235367833,2,0,0
3bb5d6c4-17d0-4088-a616-11ce03dd3274,1480722594.714,85791.6,37.3970754941667,-121.984235358833,2,0,0
3bb5d6c4-17d0-4088-a616-11ce03dd3274,1480722594.912,85791.8,37.3970754863333,-121.984235364833,2,0,0
3bb5d6c4-17d0-4088-a616-11ce03dd3274,1480722595.11,85792,37.3970754753333,-121.984235355167,2,0,0
3bb5d6c4-17d0-4088-a616-11ce03dd3274,1480722595.305,85792.2,37.3970754573333,-121.984235348,2,0,0
3bb5d6c4-17d0-4088-a616-11ce03dd3274,1480722595.507,85792.4,37.3970754381667,-121.984235340167,2,0,0
3bb5d6c4-17d0-4088-a616-11ce03dd3274,1480722595.712,85792.6,37.3970754241667,-121.984235333167,2,0,0
3bb5d6c4-17d0-4088-a616-11ce03dd3274,1480722595.907,85792.8,37.3970754101667,-121.984235333833,2,0,0
3bb5d6c4-17d0-4088-a616-11ce03dd3274,1480722596.112,85793,37.3970753908333,-121.984235327333,2,0,0
3bb5d6c4-17d0-4088-a616-11ce03dd3274,1480722596.308,85793.2,37.397075378,-121.984235313833,2,0,0
3bb5d6c4-17d0-4088-a616-11ce03dd3274,1480722596.507,85793.4,37.3970753745,-121.984235312,2,0,0
3bb5d6c4-17d0-4088-a616-11ce03dd3274,1480722596.713,85793.6,37.3970753648333,-121.984235314167,2,0,0
3bb5d6c4-17d0-4088-a616-11ce03dd3274,1480722596.908,85793.8,37.3970753725,-121.984235317667,2,0,0
3bb5d6c4-17d0-4088-a616-11ce03dd3274,1480722597.106,85794,37.3970753643333,-121.9842353035,2,0,0
3bb5d6c4-17d0-4088-a616-11ce03dd3274,1480722597.309,85794.2,37.3970753536667,-121.984235303167,2,0,0
3bb5d6c4-17d0-4088-a616-11ce03dd3274,1480722597.511,85794.4,37.3970753633333,-121.984235306167,2,0,0
3bb5d6c4-17d0-4088-a616-11ce03dd3274,1480722597.712,85794.6,37.3970753426667,-121.984235313167,2,0,0
3bb5d6c4-17d0-4088-a616-11ce03dd3274,1480722597.907,85794.8,37.3970753395,-121.984235309667,2,0,0
3bb5d6c4-17d0-4088-a616-11ce03dd3274,1480722598.11,85795,37.3970753393333,-121.984235312167,2,0,0
3bb5d6c4-17d0-4088-a616-11ce03dd3274,1480722598.305,85795.2,37.3970753201667,-121.984235314333,2,0,0
3bb5d6c4-17d0-4088-a616-11ce03dd3274,1480722598.507,85795.4,37.397075323,-121.984235308667,2,0,0
3bb5d6c4-17d0-4088-a616-11ce03dd3274,1480722598.712,85795.6,37.3970753136667,-121.984235298833,2,0,0
3bb5d6c4-17d0-4088-a616-11ce03dd3274,1480722598.905,85795.8,37.3970753115,-121.984235301667,2,0,0
3bb5d6c4-17d0-4088-a616-11ce03dd3274,1480722599.108,85796,37.3970753075,-121.9842352945,2,0,0
3bb5d6c4-17d0-4088-a616-11ce03dd3274,1480722599.307,85796.2,37.3970753271667,-121.984235301667,2,0,0
3bb5d6c4-17d0-4088-a616-11ce03dd3274,1480722599.514,85796.4,37.397075308,-121.984235293,2,0,0
3bb5d6c4-17d0-4088-a616-11ce03dd3274,1480722599.708,85796.6,37.3970753065,-121.984235291833,2,0,0
3bb5d6c4-17d0-4088-a616-11ce03dd3274,1480722599.913,85796.8,37.3970753108333,-121.984235302833,2,0,0
3bb5d6c4-17d0-4088-a616-11ce03dd3274,1480722600.111,85797,37.3970753176667,-121.984235310833,2,0,0
3bb5d6c4-17d0-4088-a616-11ce03dd3274,1480722600.313,85797.2,37.3970753048333,-121.984235287,2,0,0
3bb5d6c4-17d0-4088-a616-11ce03dd3274,1480722600.506,85797.4,37.3970753085,-121.984235292333,2,0,0
3bb5d6c4-17d0-4088-a616-11ce03dd3274,1480722600.706,85797.6,37.3970753258333,-121.9842352995,2,0,0
3bb5d6c4-17d0-4088-a616-11ce03dd3274,1480722600.91,85797.8,37.3970753521667,-121.984235316,2,0,0
3bb5d6c4-17d0-4088-a616-11ce03dd3274,1480722601.107,85798,37.3970753505,-121.984235316,2,0,0
3bb5d6c4-17d0-4088-a616-11ce03dd3274,1480722601.308,85798.2,37.397075351,-121.98423533,2,0,0
3bb5d6c4-17d0-4088-a616-11ce03dd3274,1480722601.512,85798.4,37.3970753426667,-121.984235327833,2,0,0
3bb5d6c4-17d0-4088-a616-11ce03dd3274,1480722601.713,85798.6,37.3970753558333,-121.984235330167,2,0,0
3bb5d6c4-17d0-4088-a616-11ce03dd3274,1480722601.904,85798.8,37.3970753576667,-121.984235339333,2,0,0
3bb5d6c4-17d0-4088-a616-11ce03dd3274,1480722602.114,85799,37.3970753688333,-121.984235326667,2,0,0
3bb5d6c4-17d0-4088-a616-11ce03dd3274,1480722602.306,85799.2,37.3970753616667,-121.984235332333,2,0,0
3bb5d6c4-17d0-4088-a616-11ce03dd3274,1480722602.514,85799.4,37.3970753763333,-121.984235342667,2,0,0
3bb5d6c4-17d0-4088-a616-11ce03dd3274,1480722602.708,85799.6,37.397075388,-121.984235338667,2,0,0
3bb5d6c4-17d0-4088-a616-11ce03dd3274,1480722602.913,85799.8,37.3970753971667,-121.984235339833,2,0,0
3bb5d6c4-17d0-4088-a616-11ce03dd3274,1480722603.105,85800,37.3970754056667,-121.984235349,2,0,0
3bb5d6c4-17d0-4088-a616-11ce03dd3274,1480722603.312,85800.2,37.3970754156667,-121.984235353333,2,0,0
3bb5d6c4-17d0-4088-a616-11ce03dd3274,1480722603.513,85800.4,37.3970754296667,-121.9842353585,2,0,0
3bb5d6c4-17d0-4088-a616-11ce03dd3274,1480722603.705,85800.6,37.3970754531667,-121.984235359667,2,0,0
3bb5d6c4-17d0-4088-a616-11ce03dd3274,1480722603.912,85800.8,37.3970754675,-121.984235380667,2,0,0
3bb5d6c4-17d0-4088-a616-11ce03dd3274,1480722604.11,85801,37.3970754713333,-121.984235374167,2,0,0
3bb5d6c4-17d0-4088-a616-11ce03dd3274,1480722604.313,85801.2,37.397075476,-121.984235385167,2,0,0
3bb5d6c4-17d0-4088-a616-11ce03dd3274,1480722604.513,85801.4,37.397075489,-121.9842353775,2,0,0
3bb5d6c4-17d0-4088-a616-11ce03dd3274,1480722604.705,85801.6,37.3970754956667,-121.984235391667,2,0,0
3bb5d6c4-17d0-4088-a616-11ce03dd3274,1480722604.913,85801.8,37.3970755131667,-121.984235388167,2,0,0
3bb5d6c4-17d0-4088-a616-11ce03dd3274,1480722605.111,85802,37.3970755298333,-121.984235395167,2,0,0
3bb5d6c4-17d0-4088-a616-11ce03dd3274,1480722605.309,85802.2,37.3970755291667,-121.984235395167,2,0,0
3bb5d6c4-17d0-4088-a616-11ce03dd3274,1480722605.511,85802.4,37.397075544,-121.984235389833,2,0,0
3bb5d6c4-17d0-4088-a616-11ce03dd3274,1480722605.711,85802.6,37.3970755561667,-121.984235392833,2,0,0
3bb5d6c4-17d0-4088-a616-11ce03dd3274,1480722605.913,85802.8,37.3970755605,-121.984235392167,2,0,0
3bb5d6c4-17d0-4088-a616-11ce03dd3274,1480722606.112,85803,37.397075587,-121.984235405,2,0,0
3bb5d6c4-17d0-4088-a616-11ce03dd3274,1480722606.304,85803.2,37.3970755843333,-121.984235393667,2,0,0
3bb5d6c4-17d0-4088-a616-11ce03dd3274,1480722606.509,85803.4,37.3970756008333,-121.984235393333,2,0,0
3bb5d6c4-17d0-4088-a616-11ce03dd3274,1480722606.711,85803.6,37.3970756158333,-121.9842354125,2,0,0
3bb5d6c4-17d0-4088-a616-11ce03dd3274,1480722606.914,85803.8,37.3970756076667,-121.984235403333,2,0,0
3bb5d6c4-17d0-4088-a616-11ce03dd3274,1480722607.113,85804,37.3970756213333,-121.984235397833,2,0,0
3bb5d6c4-17d0-4088-a616-11ce03dd3274,1480722607.311,85804.2,37.3970756386667,-121.9842354075,2,0,0
3bb5d6c4-17d0-4088-a616-11ce03dd3274,1480722607.509,85804.4,37.3970756566667,-121.9842354085,2,0,0
3bb5d6c4-17d0-4088-a616-11ce03dd3274,1480722607.713,85804.6,37.3970756716667,-121.984235410833,2,0,0
3bb5d6c4-17d0-4088-a616-11ce03dd3274,1480722607.91,85804.8,37.3970756823333,-121.984235407833,2,0,0
3bb5d6c4-17d0-4088-a616-11ce03dd3274,1480722608.11,85805,37.3970756805,-121.984235402167,2,0,0
3bb5d6c4-17d0-4088-a616-11ce03dd3274,1480722608.314,85805.2,37.3970756976667,-121.984235398333,2,0,0
3bb5d6c4-17d0-4088-a616-11ce03dd3274,1480722608.504,85805.4,37.3970756916667,-121.984235395333,2,0,0
3bb5d6c4-17d0-4088-a616-11ce03dd3274,1480722608.705,85805.6,37.397075713,-121.9842353945,2,0,0
3bb5d6c4-17d0-4088-a616-11ce03dd3274,1480722608.912,85805.8,37.3970757156667,-121.984235399667,2,0,0
3bb5d6c4-17d0-4088-a616-11ce03dd3274,1480722609.113,85806,37.3970757248333,-121.984235390667,2,0,0
3bb5d6c4-17d0-4088-a616-11ce03dd3274,1480722609.309,85806.2,37.397075739,-121.9842353955,2,0,0
3bb5d6c4-17d0-4088-a616-11ce03dd3274,1480722609.512,85806.4,37.3970757331667,-121.984235384833,2,0,0
3bb5d6c4-17d0-4088-a616-11ce03dd3274,1480722609.715,85806.6,37.3970757531667,-121.984235395667,2,0,0
3bb5d6c4-17d0-4088-a616-11ce03dd3274,1480722609.91,85806.8,37.3970757696667,-121.984235382833,2,0,0
3bb5d6c4-17d0-4088-a616-11ce03dd3274,1480722610.111,85807,37.397075776,-121.98423538,2,0,0
3bb5d6c4-17d0-4088-a616-11ce03dd3274,1480722610.307,85807.2,37.3970757851667,-121.984235386833,2,0,0
3bb5d6c4-17d0-4088-a616-11ce03dd3274,1480722610.512,85807.4,37.397075783,-121.984235375667,2,0,0
3bb5d6c4-17d0-4088-a616-11ce03dd3274,1480722610.713,85807.6,37.3970757885,-121.984235373333,2,0,0
3bb5d6c4-17d0-4088-a616-11ce03dd3274,1480722610.906,85807.8,37.3970757926667,-121.984235373833,2,0,0
3bb5d6c4-17d0-4088-a616-11ce03dd3274,1480722611.108,85808,37.3970758003333,-121.984235374167,2,0,0
3bb5d6c4-17d0-4088-a616-11ce03dd3274,1480722611.312,85808.2,37.3970758038333,-121.984235360167,2,0,0
3bb5d6c4-17d0-4088-a616-11ce03dd3274,1480722611.512,85808.4,37.3970757963333,-121.984235356667,2,0,0
3bb5d6c4-17d0-4088-a616-11ce03dd3274,1480722611.704,85808.6,37.3970758055,-121.984235357,2,0,0
3bb5d6c4-17d0-4088-a616-11ce03dd3274,1480722611.906,85808.8,37.397075795,-121.984235345333,2,0,0
3bb5d6c4-17d0-4088-a616-11ce03dd3274,1480722612.109,85809,37.3970758151667,-121.984235345667,2,0,0
3bb5d6c4-17d0-4088-a616-11ce03dd3274,1480722612.308,85809.2,37.3970758028333,-121.984235336,2,0,0
3bb5d6c4-17d0-4088-a616-11ce03dd3274,1480722612.507,85809.4,37.3970758131667,-121.984235339833,2,0,0
3bb5d6c4-17d0-4088-a616-11ce03dd3274,1480722612.712,85809.6,37.3970758111667,-121.984235344833,2,0,0
3bb5d6c4-17d0-4088-a616-11ce03dd3274,1480722612.905,85809.8,37.3970758148333,-121.984235336667,2,0,0
3bb5d6c4-17d0-4088-a616-11ce03dd3274,1480722613.11,85810,37.3970758176667,-121.9842353475,2,0,0
3bb5d6c4-17d0-4088-a616-11ce03dd3274,1480722613.306,85810.2,37.397075807,-121.984235335,2,0,0
3bb5d6c4-17d0-4088-a616-11ce03dd3274,1480722613.512,85810.4,37.3970758123333,-121.984235334,2,0,0
3bb5d6c4-17d0-4088-a616-11ce03dd3274,1480722613.705,85810.6,37.3970758056667,-121.984235333,2,0,0
3bb5d6c4-17d0-4088-a616-11ce03dd3274,1480722613.909,85810.8,37.3970758006667,-121.984235325833,2,0,0
3bb5d6c4-17d0-4088-a616-11ce03dd3274,1480722614.111,85811,37.3970757903333,-121.984235322333,2,0,0
3bb5d6c4-17d0-4088-a616-11ce03dd3274,1480722614.31,85811.2,37.3970757855,-121.984235316333,2,0,0
3bb5d6c4-17d0-4088-a616-11ce03dd3274,1480722614.514,85811.4,37.3970757686667,-121.984235320667,2,0,0
3bb5d6c4-17d0-4088-a616-11ce03dd3274,1480722614.709,85811.6,37.3970757835,-121.984235324667,2,0,0
3bb5d6c4-17d0-4088-a616-11ce03dd3274,1480722614.904,85811.8,37.3970757711667,-121.984235315,2,0,0
3bb5d6c4-17d0-4088-a616-11ce03dd3274,1480722615.108,85812,37.3970757478333,-121.984235302167,2,0,0
3bb5d6c4-17d0-4088-a616-11ce03dd3274,1480722615.304,85812.2,37.39707575,-121.984235311167,2,0,0
3bb5d6c4-17d0-4088-a616-11ce03dd3274,1480722615.506,85812.4,37.3970757315,-121.984235286,2,0,0
3bb5d6c4-17d0-4088-a616-11ce03dd3274,1480722615.706,85812.6,37.3970757231667,-121.984235283833,2,0,0
3bb5d6c4-17d0-4088-a616-11ce03dd3274,1480722615.913,85812.8,37.3970757138333,-121.984235275333,2,0,0
3bb5d6c4-17d0-4088-a616-11ce03dd3274,1480722616.105,85813,37.3970757036667,-121.984235271167,2,0,0
3bb5d6c4-17d0-4088-a616-11ce03dd3274,1480722616.309,85813.2,37.3970756915,-121.984235269667,2,0,0
3bb5d6c4-17d0-4088-a616-11ce03dd3274,1480722616.509,85813.4,37.39707568,-121.984235267667,2,0,0
3bb5d6c4-17d0-4088-a616-11ce03dd3274,1480722616.706,85813.6,37.397075673,-121.9842352595,2,0,0
3bb5d6c4-17d0-4088-a616-11ce03dd3274,1480722616.908,85813.8,37.397075659,-121.984235256833,2,0,0
3bb5d6c4-17d0-4088-a616-11ce03dd3274,1480722617.109,85814,37.397075659,-121.984235254667,2,0,0
3bb5d6c4-17d0-4088-a616-11ce03dd3274,1480722617.314,85814.2,37.3970756581667,-121.9842352485,2,0,0
3bb5d6c4-17d0-4088-a616-11ce03dd3274,1480722617.512,85814.4,37.39707566,-121.984235249167,2,0,0
3bb5d6c4-17d0-4088-a616-11ce03dd3274,1480722617.713,85814.6,37.3970756398333,-121.9842352395,2,0,0
3bb5d6c4-17d0-4088-a616-11ce03dd3274,1480722617.913,85814.8,37.3970756393333,-121.984235236333,2,0,0
3bb5d6c4-17d0-4088-a616-11ce03dd3274,1480722618.111,85815,37.3970756376667,-121.984235243667,2,0,0
3bb5d6c4-17d0-4088-a616-11ce03dd3274,1480722618.304,85815.2,37.397075626,-121.984235234167,2,0,0
3bb5d6c4-17d0-4088-a616-11ce03dd3274,1480722618.508,85815.4,37.3970756291667,-121.984235232167,2,0,0
3bb5d6c4-17d0-4088-a616-11ce03dd3274,1480722618.706,85815.6,37.3970756035,-121.984235225333,2,0,0
3bb5d6c4-17d0-4088-a616-11ce03dd3274,1480722618.91,85815.8,37.3970756111667,-121.984235215167,2,0,0
3bb5d6c4-17d0-4088-a616-11ce03dd3274,1480722619.108,85816,37.3970756068333,-121.98423522,2,0,0
3bb5d6c4-17d0-4088-a616-11ce03dd3274,1480722619.309,85816.2,37.397075592,-121.98423521,2,0,0
3bb5d6c4-17d0-4088-a616-11ce03dd3274,1480722619.505,85816.4,37.3970755843333,-121.984235204167,2,0,0
3bb5d6c4-17d0-4088-a616-11ce03dd3274,1480722619.707,85816.6,37.397075577,-121.9842351955,2,0,0
3bb5d6c4-17d0-4088-a616-11ce03dd3274,1480722619.91,85816.8,37.3970755675,-121.984235194333,2,0,0
3bb5d6c4-17d0-4088-a616-11ce03dd3274,1480722620.106,85817,37.3970755426667,-121.984235181333,2,0,0
3bb5d6c4-17d0-4088-a616-11ce03dd3274,1480722620.308,85817.2,37.3970755413333,-121.984235169667,2,0,0
3bb5d6c4-17d0-4088-a616-11ce03dd3274,1480722620.515,85817.4,37.3970755385,-121.984235174167,2,0,0
3bb5d6c4-17d0-4088-a616-11ce03dd3274,1480722620.707,85817.6,37.3970755318333,-121.984235157667,2,0,0
3bb5d6c4-17d0-4088-a616-11ce03dd3274,1480722620.913,85817.8,37.397075544,-121.984235171333,2,0,0
3bb5d6c4-17d0-4088-a616-11ce03dd3274,1480722621.105,85818,37.397075555,-121.984235175,2,0,0
3bb5d6c4-17d0-4088-a616-11ce03dd3274,1480722621.305,85818.2,37.397075586,-121.9842351815,2,0,0
3bb5d6c4-17d0-4088-a616-11ce03dd3274,1480722621.51,85818.4,37.3970756221667,-121.984235194667,2,0,0
3bb5d6c4-17d0-4088-a616-11ce03dd3274,1480722621.713,85818.6,37.3970756283333,-121.984235201667,2,0,0
3bb5d6c4-17d0-4088-a616-11ce03dd3274,1480722621.905,85818.8,37.3970756625,-121.984235216167,2,0,0
3bb5d6c4-17d0-4088-a616-11ce03dd3274,1480722622.104,85819,37.3970756898333,-121.984235230167,2,0,0
3bb5d6c4-17d0-4088-a616-11ce03dd3274,1480722622.306,85819.2,37.3970757066667,-121.984235240667,2,0,0
3bb5d6c4-17d0-4088-a616-11ce03dd3274,1480722622.509,85819.4,37.3970757298333,-121.9842352405,2,0,0
3bb5d6c4-17d0-4088-a616-11ce03dd3274,1480722622.712,85819.6,37.3970757563333,-121.9842352575,2,0,0
3bb5d6c4-17d0-4088-a616-11ce03dd3274,1480722622.914,85819.8,37.3970757806667,-121.984235261167,2,0,0
3bb5d6c4-17d0-4088-a616-11ce03dd3274,1480722623.107,85820,37.3970758105,-121.984235282333,2,0,0
3bb5d6c4-17d0-4088-a616-11ce03dd3274,1480722623.305,85820.2,37.3970758376667,-121.984235276667,2,0,0
3bb5d6c4-17d0-4088-a616-11ce03dd3274,1480722623.508,85820.4,37.3970758446667,-121.984235288333,2,0,0
3bb5d6c4-17d0-4088-a616-11ce03dd3274,1480722623.704,85820.6,37.3970758678333,-121.9842352855,2,0,0
3bb5d6c4-17d0-4088-a616-11ce03dd3274,1480722623.911,85820.8,37.3970759095,-121.984235290667,2,0,0
3bb5d6c4-17d0-4088-a616-11ce03dd3274,1480722624.104,85821,37.3970759165,-121.984235302,2,0,0
3bb5d6c4-17d0-4088-a616-11ce03dd3274,1480722624.313,85821.2,37.3970759201667,-121.984235301167,2,0,0
3bb5d6c4-17d0-4088-a616-11ce03dd3274,1480722624.507,85821.4,37.3970759446667,-121.984235306333,2,0,0
3bb5d6c4-17d0-4088-a616-11ce03dd3274,1480722624.712,85821.6,37.3970759631667,-121.984235313,2,0,0
3bb5d6c4-17d0-4088-a616-11ce03dd3274,1480722624.91,85821.8,37.3970759631667,-121.9842353065,2,0,0
3bb5d6c4-17d0-4088-a616-11ce03dd3274,1480722625.109,85822,37.3970759681667,-121.984235320333,2,0,0
3bb5d6c4-17d0-4088-a616-11ce03dd3274,1480722625.306,85822.2,37.3970759816667,-121.9842353235,2,0,0
3bb5d6c4-17d0-4088-a616-11ce03dd3274,1480722625.511,85822.4,37.397075995,-121.984235324333,2,0,0
3bb5d6c4-17d0-4088-a616-11ce03dd3274,1480722625.712,85822.6,37.3970759846667,-121.984235328833,2,0,0
3bb5d6c4-17d0-4088-a616-11ce03dd3274,1480722625.907,85822.8,37.397076022,-121.984235333833,2,0,0
3bb5d6c4-17d0-4088-a616-11ce03dd3274,1480722626.107,85823,37.3970760143333,-121.984235326833,2,0,0
3bb5d6c4-17d0-4088-a616-11ce03dd3274,1480722626.314,85823.2,37.3970760278333,-121.984235334667,2,0,0
3bb5d6c4-17d0-4088-a616-11ce03dd3274,1480722626.51,85823.4,37.3970760366667,-121.9842353435,2,0,0
3bb5d6c4-17d0-4088-a616-11ce03dd3274,1480722626.708,85823.6,37.3970760433333,-121.984235345833,2,0,0
3bb5d6c4-17d0-4088-a616-11ce03dd3274,1480722626.912,85823.8,37.3970760435,-121.984235343,2,0,0
3bb5d6c4-17d0-4088-a616-11ce03dd3274,1480722627.103,85824,37.3970760411667,-121.984235340333,2,0,0
3bb5d6c4-17d0-4088-a616-11ce03dd3274,1480722627.307,85824.2,37.3970760508333,-121.9842353375,2,0,0
3bb5d6c4-17d0-4088-a616-11ce03dd3274,1480722627.514,85824.4,37.3970760448333,-121.984235329333,2,0,0
3bb5d6c4-17d0-4088-a616-11ce03dd3274,1480722627.707,85824.6,37.397076049,-121.9842353325,2,0,0
3bb5d6c4-17d0-4088-a616-11ce03dd3274,1480722627.91,85824.8,37.3970760375,-121.984235319833,2,0,0
3bb5d6c4-17d0-4088-a616-11ce03dd3274,1480722628.114,85825,37.3970760388333,-121.984235317667,2,0,0
3bb5d6c4-17d0-4088-a616-11ce03dd3274,1480722628.308,85825.2,37.3970760238333,-121.9842353085,2,0,0
3bb5d6c4-17d0-4088-a616-11ce03dd3274,1480722628.51,85825.4,37.3970760308333,-121.984235310667,2,0,0
3bb5d6c4-17d0-4088-a616-11ce03dd3274,1480722628.705,85825.6,37.397076031,-121.984235313167,2,0,0
3bb5d6c4-17d0-4088-a616-11ce03dd3274,1480722628.906,85825.8,37.3970760243333,-121.9842353165,2,0,0
3bb5d6c4-17d0-4088-a616-11ce03dd3274,1480722629.104,85826,37.397076017,-121.984235301667,2,0,0
3bb5d6c4-17d0-4088-a616-11ce03dd3274,1480722629.307,85826.2,37.3970760176667,-121.984235302833,2,0,0
3bb5d6c4-17d0-4088-a616-11ce03dd3274,1480722629.51,85826.4,37.3970760248333,-121.9842353035,2,0,0
3bb5d6c4-17d0-4088-a616-11ce03dd3274,1480722629.712,85826.6,37.3970760333333,-121.984235313667,2,0,0
3bb5d6c4-17d0-4088-a616-11ce03dd3274,1480722629.906,85826.8,37.397076037,-121.984235308,2,0,0
3bb5d6c4-17d0-4088-a616-11ce03dd3274,1480722630.113,85827,37.3970760333333,-121.984235308833,2,0,0
3bb5d6c4-17d0-4088-a616-11ce03dd3274,1480722630.304,85827.2,37.397076041,-121.984235325167,2,0,0
3bb5d6c4-17d0-4088-a616-11ce03dd3274,1480722630.507,85827.4,37.3970760601667,-121.984235326,2,0,0
3bb5d6c4-17d0-4088-a616-11ce03dd3274,1480722630.713,85827.6,37.3970760641667,-121.984235325167,2,0,0
3bb5d6c4-17d0-4088-a616-11ce03dd3274,1480722630.905,85827.8,37.3970760716667,-121.9842353215,2,0,0
3bb5d6c4-17d0-4088-a616-11ce03dd3274,1480722631.111,85828,37.3970760716667,-121.984235315333,2,0,0
3bb5d6c4-17d0-4088-a616-11ce03dd3274,1480722631.312,85828.2,37.3970760706667,-121.984235316167,2,0,0
3bb5d6c4-17d0-4088-a616-11ce03dd3274,1480722631.511,85828.4,37.3970760616667,-121.984235298667,2,0,0
3bb5d6c4-17d0-4088-a616-11ce03dd3274,1480722631.711,85828.6,37.3970760681667,-121.984235300333,2,0,0
3bb5d6c4-17d0-4088-a616-11ce03dd3274,1480722631.905,85828.8,37.3970760636667,-121.98423529,2,0,0
3bb5d6c4-17d0-4088-a616-11ce03dd3274,1480722632.112,85829,37.3970760678333,-121.984235280333,2,0,0
3bb5d6c4-17d0-4088-a616-11ce03dd3274,1480722632.307,85829.2,37.397076067,-121.98423529,2,0,0
3bb5d6c4-17d0-4088-a616-11ce03dd3274,1480722632.514,85829.4,37.3970760755,-121.984235279333,2,0,0
3bb5d6c4-17d0-4088-a616-11ce03dd3274,1480722632.705,85829.6,37.3970760585,-121.984235272833,2,0,0
3bb5d6c4-17d0-4088-a616-11ce03dd3274,1480722632.911,85829.8,37.3970760571667,-121.9842352715,2,0,0
3bb5d6c4-17d0-4088-a616-11ce03dd3274,1480722633.112,85830,37.3970760456667,-121.984235266167,2,0,0
3bb5d6c4-17d0-4088-a616-11ce03dd3274,1480722633.314,85830.2,37.3970760358333,-121.984235259,2,0,0
3bb5d6c4-17d0-4088-a616-11ce03dd3274,1480722633.507,85830.4,37.3970760218333,-121.984235255833,2,0,0
3bb5d6c4-17d0-4088-a616-11ce03dd3274,1480722633.711,85830.6,37.3970760018333,-121.984235247833,2,0,0
3bb5d6c4-17d0-4088-a616-11ce03dd3274,1480722633.906,85830.8,37.3970759925,-121.984235245,2,0,0
3bb5d6c4-17d0-4088-a616-11ce03dd3274,1480722634.104,85831,37.3970759841667,-121.984235249833,2,0,0
3bb5d6c4-17d0-4088-a616-11ce03dd3274,1480722634.305,85831.2,37.397075986,-121.984235249833,2,0,0
3bb5d6c4-17d0-4088-a616-11ce03dd3274,1480722634.509,85831.4,37.397075954,-121.984235231333,2,0,0
3bb5d6c4-17d0-4088-a616-11ce03dd3274,1480722634.709,85831.6,37.3970759505,-121.984235231333,2,0,0
3bb5d6c4-17d0-4088-a616-11ce03dd3274,1480722634.912,85831.8,37.3970759325,-121.984235221333,2,0,0
3bb5d6c4-17d0-4088-a616-11ce03dd3274,1480722635.108,85832,37.3970759273333,-121.984235223833,2,0,0
3bb5d6c4-17d0-4088-a616-11ce03dd3274,1480722635.307,85832.2,37.397075918,-121.984235225,2,0,0
3bb5d6c4-17d0-4088-a616-11ce03dd3274,1480722635.513,85832.4,37.3970759213333,-121.9842352325,2,0,0
3bb5d6c4-17d0-4088-a616-11ce03dd3274,1480722635.705,85832.6,37.3970759123333,-121.984235220833,2,0,0
3bb5d6c4-17d0-4088-a616-11ce03dd3274,1480722635.909,85832.8,37.397075909,-121.98423523,2,0,0
3bb5d6c4-17d0-4088-a616-11ce03dd3274,1480722636.104,85833,37.3970759068333,-121.984235229167,2,0,0
3bb5d6c4-17d0-4088-a616-11ce03dd3274,1480722636.306,85833.2,37.3970759025,-121.984235229,2,0,0
3bb5d6c4-17d0-4088-a616-11ce03dd3274,1480722636.508,85833.4,37.3970759106667,-121.984235231,2,0,0
3bb5d6c4-17d0-4088-a616-11ce03dd3274,1480722636.71,85833.6,37.3970759123333,-121.984235235,2,0,0
3bb5d6c4-17d0-4088-a616-11ce03dd3274,1480722636.903,85833.8,37.3970759163333,-121.984235243167,2,0,0
3bb5d6c4-17d0-4088-a616-11ce03dd3274,1480722637.11,85834,37.397075921,-121.984235252167,2,0,0
3bb5d6c4-17d0-4088-a616-11ce03dd3274,1480722637.311,85834.2,37.3970759291667,-121.984235253,2,0,0
3bb5d6c4-17d0-4088-a616-11ce03dd3274,1480722637.507,85834.4,37.3970759338333,-121.984235259333,2,0,0
3bb5d6c4-17d0-4088-a616-11ce03dd3274,1480722637.709,85834.6,37.397075946,-121.984235266333,2,0,0
3bb5d6c4-17d0-4088-a616-11ce03dd3274,1480722637.904,85834.8,37.397075951,-121.984235262,2,0,0
3bb5d6c4-17d0-4088-a616-11ce03dd3274,1480722638.11,85835,37.3970759366667,-121.9842352635,2,0,0
3bb5d6c4-17d0-4088-a616-11ce03dd3274,1480722638.314,85835.2,37.3970759481667,-121.9842352735,2,0,0
3bb5d6c4-17d0-4088-a616-11ce03dd3274,1480722638.509,85835.4,37.3970759443333,-121.984235272333,2,0,0
3bb5d6c4-17d0-4088-a616-11ce03dd3274,1480722638.704,85835.6,37.3970759423333,-121.984235279333,2,0,0
3bb5d6c4-17d0-4088-a616-11ce03dd3274,1480722638.909,85835.8,37.3970759091667,-121.984235263833,2,0,0
3bb5d6c4-17d0-4088-a616-11ce03dd3274,1480722639.113,85836,37.397075905,-121.984235263833,2,0,0
3bb5d6c4-17d0-4088-a616-11ce03dd3274,1480722639.305,85836.2,37.3970758825,-121.984235253833,2,0,0
3bb5d6c4-17d0-4088-a616-11ce03dd3274,1480722639.51,85836.4,37.3970758768333,-121.984235258167,2,0,0
3bb5d6c4-17d0-4088-a616-11ce03dd3274,1480722639.705,85836.6,37.3970758516667,-121.984235261167,2,0,0
3bb5d6c4-17d0-4088-a616-11ce03dd3274,1480722639.911,85836.8,37.3970758503333,-121.984235261667,2,0,0
3bb5d6c4-17d0-4088-a616-11ce03dd3274,1480722640.114,85837,37.3970758436667,-121.9842352645,2,0,0
3bb5d6c4-17d0-4088-a616-11ce03dd3274,1480722640.31,85837.2,37.3970758183333,-121.984235255333,2,0,0
3bb5d6c4-17d0-4088-a616-11ce03dd3274,1480722640.511,85837.4,37.3970758056667,-121.984235257167,2,0,0
3bb5d6c4-17d0-4088-a616-11ce03dd3274,1480722640.711,85837.6,37.3970758061667,-121.984235258833,2,0,0
3bb5d6c4-17d0-4088-a616-11ce03dd3274,1480722640.908,85837.8,37.3970757793333,-121.984235248167,2,0,0
3bb5d6c4-17d0-4088-a616-11ce03dd3274,1480722641.106,85838,37.397075768,-121.984235242167,2,0,0
3bb5d6c4-17d0-4088-a616-11ce03dd3274,1480722641.313,85838.2,37.3970757563333,-121.984235229,2,0,0
3bb5d6c4-17d0-4088-a616-11ce03dd3274,1480722641.506,85838.4,37.397075732,-121.984235224167,2,0,0
3bb5d6c4-17d0-4088-a616-11ce03dd3274,1480722641.712,85838.6,37.397075733,-121.984235232333,2,0,0
3bb5d6c4-17d0-4088-a616-11ce03dd3274,1480722641.91,85838.8,37.3970757193333,-121.984235220167,2,0,0
3bb5d6c4-17d0-4088-a616-11ce03dd3274,1480722642.109,85839,37.3970757066667,-121.984235216667,2,0,0
3bb5d6c4-17d0-4088-a616-11ce03dd3274,1480722642.311,85839.2,37.3970756925,-121.984235207833,2,0,0
3bb5d6c4-17d0-4088-a616-11ce03dd3274,1480722642.505,85839.4,37.3970756935,-121.9842352155,2,0,0
3bb5d6c4-17d0-4088-a616-11ce03dd3274,1480722642.703,85839.6,37.3970756896667,-121.984235216833,2,0,0
3bb5d6c4-17d0-4088-a616-11ce03dd3274,1480722642.913,85839.8,37.3970756788333,-121.984235212667,2,0,0
3bb5d6c4-17d0-4088-a616-11ce03dd3274,1480722643.106,85840,37.3970756585,-121.984235201667,2,0,0
3bb5d6c4-17d0-4088-a616-11ce03dd3274,1480722643.311,85840.2,37.3970756568333,-121.984235200333,2,0,0
3bb5d6c4-17d0-4088-a616-11ce03dd3274,1480722643.507,85840.4,37.3970756586667,-121.984235209833,2,0,0
3bb5d6c4-17d0-4088-a616-11ce03dd3274,1480722643.71,85840.6,37.397075663,-121.984235194667,2,0,0
3bb5d6c4-17d0-4088-a616-11ce03dd3274,1480722643.903,85840.8,37.397075631,-121.984235175333,2,0,0
3bb5d6c4-17d0-4088-a616-11ce03dd3274,1480722644.11,85841,37.3970756315,-121.984235178833,2,0,0
3bb5d6c4-17d0-4088-a616-11ce03dd3274,1480722644.303,85841.2,37.3970756381667,-121.984235177333,2,0,0
3bb5d6c4-17d0-4088-a616-11ce03dd3274,1480722644.508,85841.4,37.3970756358333,-121.984235174667,2,0,0
3bb5d6c4-17d0-4088-a616-11ce03dd3274,1480722644.712,85841.6,37.3970756366667,-121.984235172833,2,0,0
3bb5d6c4-17d0-4088-a616-11ce03dd3274,1480722644.905,85841.8,37.3970756403333,-121.984235170167,2,0,0
3bb5d6c4-17d0-4088-a616-11ce03dd3274,1480722645.111,85842,37.3970756328333,-121.984235167333,2,0,0
3bb5d6c4-17d0-4088-a616-11ce03dd3274,1480722645.314,85842.2,37.3970756426667,-121.984235165833,2,0,0
3bb5d6c4-17d0-4088-a616-11ce03dd3274,1480722645.51,85842.4,37.3970756465,-121.984235165833,2,0,0
3bb5d6c4-17d0-4088-a616-11ce03dd3274,1480722645.71,85842.6,37.3970756426667,-121.984235161667,2,0,0
3bb5d6c4-17d0-4088-a616-11ce03dd3274,1480722645.907,85842.8,37.3970756441667,-121.984235155333,2,0,0
3bb5d6c4-17d0-4088-a616-11ce03dd3274,1480722646.103,85843,37.3970756565,-121.9842351625,2,0,0
3bb5d6c4-17d0-4088-a616-11ce03dd3274,1480722646.307,85843.2,37.397075655,-121.9842351575,2,0,0
3bb5d6c4-17d0-4088-a616-11ce03dd3274,1480722646.504,85843.4,37.3970756731667,-121.984235164333,2,0,0
3bb5d6c4-17d0-4088-a616-11ce03dd3274,1480722646.713,85843.6,37.3970756726667,-121.9842351615,2,0,0
3bb5d6c4-17d0-4088-a616-11ce03dd3274,1480722646.906,85843.8,37.3970756883333,-121.9842351575,2,0,0
3bb5d6c4-17d0-4088-a616-11ce03dd3274,1480722647.105,85844,37.3970756791667,-121.9842351465,2,0,0
3bb5d6c4-17d0-4088-a616-11ce03dd3274,1480722647.308,85844.2,37.3970756973333,-121.984235148833,2,0,0
3bb5d6c4-17d0-4088-a616-11ce03dd3274,1480722647.51,85844.4,37.3970757035,-121.984235161667,2,0,0
3bb5d6c4-17d0-4088-a616-11ce03dd3274,1480722647.71,85844.6,37.3970757225,-121.984235151667,2,0,0
3bb5d6c4-17d0-4088-a616-11ce03dd3274,1480722647.907,85844.8,37.3970757365,-121.9842351575,2,0,0
3bb5d6c4-17d0-4088-a616-11ce03dd3274,1480722648.111,85845,37.397075747,-121.984235156167,2,0,0
3bb5d6c4-17d0-4088-a616-11ce03dd3274,1480722648.305,85845.2,37.3970757608333,-121.9842351655,2,0,0
3bb5d6c4-17d0-4088-a616-11ce03dd3274,1480722648.505,85845.4,37.3970757833333,-121.984235164167,2,0,0
3bb5d6c4-17d0-4088-a616-11ce03dd3274,1480722648.706,85845.6,37.3970757981667,-121.984235167667,2,0,0
3bb5d6c4-17d0-4088-a616-11ce03dd3274,1480722648.903,85845.8,37.3970758133333,-121.984235164833,2,0,0
3bb5d6c4-17d0-4088-a616-11ce03dd3274,1480722649.104,85846,37.3970758238333,-121.984235177833,2,0,0
3bb5d6c4-17d0-4088-a616-11ce03dd3274,1480722649.309,85846.2,37.3970758366667,-121.9842351675,2,0,0
3bb5d6c4-17d0-4088-a616-11ce03dd3274,1480722649.505,85846.4,37.3970758443333,-121.984235177833,2,0,0
3bb5d6c4-17d0-4088-a616-11ce03dd3274,1480722649.708,85846.6,37.3970758555,-121.984235178833,2,0,0
3bb5d6c4-17d0-4088-a616-11ce03dd3274,1480722649.905,85846.8,37.3970758625,-121.9842351855,2,0,0
3bb5d6c4-17d0-4088-a616-11ce03dd3274,1480722650.109,85847,37.3970758763333,-121.9842351855,2,0,0
3bb5d6c4-17d0-4088-a616-11ce03dd3274,1480722650.313,85847.2,37.3970758838333,-121.984235198167,2,0,0
3bb5d6c4-17d0-4088-a616-11ce03dd3274,1480722650.51,85847.4,37.3970758936667,-121.984235196333,2,0,0
3bb5d6c4-17d0-4088-a616-11ce03dd3274,1480722650.712,85847.6,37.3970759025,-121.98423521,2,0,0
3bb5d6c4-17d0-4088-a616-11ce03dd3274,1480722650.907,85847.8,37.397075913,-121.984235214167,2,0,0
3bb5d6c4-17d0-4088-a616-11ce03dd3274,1480722651.105,85848,37.397075933,-121.984235213,2,0,0
3bb5d6c4-17d0-4088-a616-11ce03dd3274,1480722651.307,85848.2,37.3970759613333,-121.984235220667,2,0,0
3bb5d6c4-17d0-4088-a616-11ce03dd3274,1480722651.509,85848.4,37.3970759841667,-121.984235238833,2,0,0
3bb5d6c4-17d0-4088-a616-11ce03dd3274,1480722651.713,85848.6,37.3970759981667,-121.984235237667,2,0,0
3bb5d6c4-17d0-4088-a616-11ce03dd3274,1480722651.907,85848.8,37.3970760138333,-121.984235232,2,0,0
3bb5d6c4-17d0-4088-a616-11ce03dd3274,1480722652.113,85849,37.3970760405,-121.984235245167,2,0,0
3bb5d6c4-17d0-4088-a616-11ce03dd3274,1480722652.304,85849.2,37.3970760545,-121.984235249,2,0,0
3bb5d6c4-17d0-4088-a616-11ce03dd3274,1480722652.508,85849.4,37.3970760828333,-121.984235259833,2,0,0
3bb5d6c4-17d0-4088-a616-11ce03dd3274,1480722652.712,85849.6,37.3970760931667,-121.984235262167,2,0,0
3bb5d6c4-17d0-4088-a616-11ce03dd3274,1480722652.907,85849.8,37.397076119,-121.984235264667,2,0,0
3bb5d6c4-17d0-4088-a616-11ce03dd3274,1480722653.113,85850,37.3970761396667,-121.984235250333,2,0,0
3bb5d6c4-17d0-4088-a616-11ce03dd3274,1480722653.311,85850.2,37.3970761661667,-121.984235253167,2,0,0
3bb5d6c4-17d0-4088-a616-11ce03dd3274,1480722653.512,85850.4,37.3970761925,-121.984235242833,2,0,0
3bb5d6c4-17d0-4088-a616-11ce03dd3274,1480722653.703,85850.6,37.3970761918333,-121.984235236167,2,0,0
3bb5d6c4-17d0-4088-a616-11ce03dd3274,1480722653.91,85850.8,37.3970762246667,-121.984235238667,2,0,0
3bb5d6c4-17d0-4088-a616-11ce03dd3274,1480722654.108,85851,37.3970762253333,-121.984235228,2,0,0
3bb5d6c4-17d0-4088-a616-11ce03dd3274,1480722654.314,85851.2,37.3970762493333,-121.984235227333,2,0,0
3bb5d6c4-17d0-4088-a616-11ce03dd3274,1480722654.505,85851.4,37.3970762721667,-121.984235224667,2,0,0
3bb5d6c4-17d0-4088-a616-11ce03dd3274,1480722654.71,85851.6,37.3970762681667,-121.984235211333,2,0,0
3bb5d6c4-17d0-4088-a616-11ce03dd3274,1480722654.912,85851.8,37.3970762731667,-121.984235205833,2,0,0
3bb5d6c4-17d0-4088-a616-11ce03dd3274,1480722655.105,85852,37.3970762768333,-121.984235206667,2,0,0
3bb5d6c4-17d0-4088-a616-11ce03dd3274,1480722655.305,85852.2,37.3970763023333,-121.984235209167,2,0,0
3bb5d6c4-17d0-4088-a616-11ce03dd3274,1480722655.508,85852.4,37.397076282,-121.984235193667,2,0,0
3bb5d6c4-17d0-4088-a616-11ce03dd3274,1480722655.711,85852.6,37.3970762821667,-121.984235184,2,0,0
3bb5d6c4-17d0-4088-a616-11ce03dd3274,1480722655.905,85852.8,37.397076285,-121.984235171667,2,0,0
3bb5d6c4-17d0-4088-a616-11ce03dd3274,1480722656.107,85853,37.397076297,-121.984235157333,2,0,0
3bb5d6c4-17d0-4088-a616-11ce03dd3274,1480722656.312,85853.2,37.3970762908333,-121.984235159833,2,0,0
3bb5d6c4-17d0-4088-a616-11ce03dd3274,1480722656.504,85853.4,37.3970762851667,-121.984235148,2,0,0
3bb5d6c4-17d0-4088-a616-11ce03dd3274,1480722656.704,85853.6,37.3970762873333,-121.984235139167,2,0,0
3bb5d6c4-17d0-4088-a616-11ce03dd3274,1480722656.913,85853.8,37.3970762723333,-121.984235127,2,0,0
3bb5d6c4-17d0-4088-a616-11ce03dd3274,1480722657.104,85854,37.3970762793333,-121.984235107667,2,0,0
3bb5d6c4-17d0-4088-a616-11ce03dd3274,1480722657.31,85854.2,37.3970762766667,-121.984235100833,2,0,0
3bb5d6c4-17d0-4088-a616-11ce03dd3274,1480722657.503,85854.4,37.3970762556667,-121.984235086333,2,0,0
3bb5d6c4-17d0-4088-a616-11ce03dd3274,1480722657.704,85854.6,37.3970762475,-121.984235070167,2,0,0
3bb5d6c4-17d0-4088-a616-11ce03dd3274,1480722657.91,85854.8,37.3970762331667,-121.984235069833,2,0,0
3bb5d6c4-17d0-4088-a616-11ce03dd3274,1480722658.111,85855,37.3970762178333,-121.984235041,2,0,0
3bb5d6c4-17d0-4088-a616-11ce03dd3274,1480722658.304,85855.2,37.397076194,-121.9842350435,2,0,0
3bb5d6c4-17d0-4088-a616-11ce03dd3274,1480722658.505,85855.4,37.3970761981667,-121.984235030167,2,0,0
3bb5d6c4-17d0-4088-a616-11ce03dd3274,1480722658.706,85855.6,37.397076182,-121.984235019667,2,0,0
3bb5d6c4-17d0-4088-a616-11ce03dd3274,1480722658.904,85855.8,37.3970761918333,-121.984235010333,2,0,0
3bb5d6c4-17d0-4088-a616-11ce03dd3274,1480722659.109,85856,37.3970761456667,-121.984234996333,2,0,0
3bb5d6c4-17d0-4088-a616-11ce03dd3274,1480722659.303,85856.2,37.397076134,-121.9842349955,2,0,0
3bb5d6c4-17d0-4088-a616-11ce03dd3274,1480722659.506,85856.4,37.3970761283333,-121.984234985,2,0,0
3bb5d6c4-17d0-4088-a616-11ce03dd3274,1480722659.704,85856.6,37.397076133,-121.9842349905,2,0,0
3bb5d6c4-17d0-4088-a616-11ce03dd3274,1480722659.907,85856.8,37.3970760941667,-121.9842349755,2,0,0
3bb5d6c4-17d0-4088-a616-11ce03dd3274,1480722660.11,85857,37.3970760875,-121.984234969833,2,0,0
3bb5d6c4-17d0-4088-a616-11ce03dd3274,1480722660.305,85857.2,37.3970760723333,-121.984234974,2,0,0
3bb5d6c4-17d0-4088-a616-11ce03dd3274,1480722660.507,85857.4,37.3970760583333,-121.984234973833,2,0,0
3bb5d6c4-17d0-4088-a616-11ce03dd3274,1480722660.712,85857.6,37.3970760521667,-121.984234963833,2,0,0
3bb5d6c4-17d0-4088-a616-11ce03dd3274,1480722660.91,85857.8,37.3970760291667,-121.984234956667,2,0,0
3bb5d6c4-17d0-4088-a616-11ce03dd3274,1480722661.103,85858,37.3970760051667,-121.984234950833,2,0,0
3bb5d6c4-17d0-4088-a616-11ce03dd3274,1480722661.306,85858.2,37.3970759915,-121.9842349545,2,0,0
3bb5d6c4-17d0-4088-a616-11ce03dd3274,1480722661.508,85858.4,37.3970759595,-121.984234946333,2,0,0
3bb5d6c4-17d0-4088-a616-11ce03dd3274,1480722661.71,85858.6,37.3970759538333,-121.984234935833,2,0,0
3bb5d6c4-17d0-4088-a616-11ce03dd3274,1480722661.912,85858.8,37.3970759271667,-121.984234930667,2,0,0
3bb5d6c4-17d0-4088-a616-11ce03dd3274,1480722662.105,85859,37.3970759006667,-121.9842349215,2,0,0
3bb5d6c4-17d0-4088-a616-11ce03dd3274,1480722662.312,85859.2,37.397075905,-121.984234930167,2,0,0
3bb5d6c4-17d0-4088-a616-11ce03dd3274,1480722662.507,85859.4,37.3970758955,-121.984234929,2,0,0
3bb5d6c4-17d0-4088-a616-11ce03dd3274,1480722662.71,85859.6,37.3970758828333,-121.9842349265,2,0,0
3bb5d6c4-17d0-4088-a616-11ce03dd3274,1480722662.904,85859.8,37.3970758671667,-121.984234926667,2,0,0
3bb5d6c4-17d0-4088-a616-11ce03dd3274,1480722663.11,85860,37.3970758553333,-121.984234921,2,0,0
3bb5d6c4-17d0-4088-a616-11ce03dd3274,1480722663.312,85860.2,37.3970758526667,-121.984234916167,2,0,0
3bb5d6c4-17d0-4088-a616-11ce03dd3274,1480722663.506,85860.4,37.3970758365,-121.984234917333,2,0,0
3bb5d6c4-17d0-4088-a616-11ce03dd3274,1480722663.712,85860.6,37.3970758301667,-121.984234923,2,0,0
3bb5d6c4-17d0-4088-a616-11ce03dd3274,1480722663.905,85860.8,37.3970758166667,-121.984234913833,2,0,0
3bb5d6c4-17d0-4088-a616-11ce03dd3274,1480722664.107,85861,37.3970758208333,-121.984234921333,2,0,0
3bb5d6c4-17d0-4088-a616-11ce03dd3274,1480722664.31,85861.2,37.3970758131667,-121.9842349285,2,0,0
3bb5d6c4-17d0-4088-a616-11ce03dd3274,1480722664.505,85861.4,37.3970758053333,-121.9842349245,2,0,0
3bb5d6c4-17d0-4088-a616-11ce03dd3274,1480722664.711,85861.6,37.3970758031667,-121.984234928333,2,0,0
3bb5d6c4-17d0-4088-a616-11ce03dd3274,1480722664.903,85861.8,37.3970758043333,-121.984234927333,2,0,0
3bb5d6c4-17d0-4088-a616-11ce03dd3274,1480722665.109,85862,37.3970757903333,-121.984234920667,2,0,0
3bb5d6c4-17d0-4088-a616-11ce03dd3274,1480722665.308,85862.2,37.3970757806667,-121.984234921167,2,0,0
3bb5d6c4-17d0-4088-a616-11ce03dd3274,1480722665.509,85862.4,37.3970757781667,-121.984234919167,2,0,0
3bb5d6c4-17d0-4088-a616-11ce03dd3274,1480722665.707,85862.6,37.3970757658333,-121.984234921667,2,0,0
3bb5d6c4-17d0-4088-a616-11ce03dd3274,1480722665.903,85862.8,37.3970757555,-121.984234916333,2,0,0
3bb5d6c4-17d0-4088-a616-11ce03dd3274,1480722666.104,85863,37.3970757426667,-121.9842349125,2,0,0
3bb5d6c4-17d0-4088-a616-11ce03dd3274,1480722666.31,85863.2,37.3970757391667,-121.984234913667,2,0,0
3bb5d6c4-17d0-4088-a616-11ce03dd3274,1480722666.506,85863.4,37.397075726,-121.9842349045,2,0,0
3bb5d6c4-17d0-4088-a616-11ce03dd3274,1480722666.71,85863.6,37.397075705,-121.984234907,2,0,0
3bb5d6c4-17d0-4088-a616-11ce03dd3274,1480722666.908,85863.8,37.397075702,-121.9842349075,2,0,0
3bb5d6c4-17d0-4088-a616-11ce03dd3274,1480722667.11,85864,37.3970756975,-121.984234889167,2,0,0
3bb5d6c4-17d0-4088-a616-11ce03dd3274,1480722667.303,85864.2,37.3970756905,-121.984234890167,2,0,0
3bb5d6c4-17d0-4088-a616-11ce03dd3274,1480722667.512,85864.4,37.3970756898333,-121.984234888667,2,0,0
3bb5d6c4-17d0-4088-a616-11ce03dd3274,1480722667.704,85864.6,37.3970756665,-121.9842348745,2,0,0
3bb5d6c4-17d0-4088-a616-11ce03dd3274,1480722667.911,85864.8,37.3970756623333,-121.984234871667,2,0,0
3bb5d6c4-17d0-4088-a616-11ce03dd3274,1480722668.107,85865,37.3970756488333,-121.9842348655,2,0,0
3bb5d6c4-17d0-4088-a616-11ce03dd3274,1480722668.312,85865.2,37.3970756455,-121.984234852,2,0,0
3bb5d6c4-17d0-4088-a616-11ce03dd3274,1480722668.511,85865.4,37.3970756498333,-121.984234836,2,0,0
3bb5d6c4-17d0-4088-a616-11ce03dd3274,1480722668.703,85865.6,37.3970756356667,-121.984234833333,2,0,0
3bb5d6c4-17d0-4088-a616-11ce03dd3274,1480722668.906,85865.8,37.3970756613333,-121.984234839333,2,0,0
3bb5d6c4-17d0-4088-a616-11ce03dd3274,1480722669.113,85866,37.3970756806667,-121.984234861167,2,0,0
3bb5d6c4-17d0-4088-a616-11ce03dd3274,1480722669.312,85866.2,37.3970756831667,-121.984234856167,2,0,0
3bb5d6c4-17d0-4088-a616-11ce03dd3274,1480722669.503,85866.4,37.397075699,-121.9842348505,2,0,0
3bb5d6c4-17d0-4088-a616-11ce03dd3274,1480722669.712,85866.6,37.3970757253333,-121.984234863167,2,0,0
3bb5d6c4-17d0-4088-a616-11ce03dd3274,1480722669.905,85866.8,37.3970757536667,-121.984234874167,2,0,0
3bb5d6c4-17d0-4088-a616-11ce03dd3274,1480722670.105,85867,37.3970757728333,-121.984234886667,2,0,0
3bb5d6c4-17d0-4088-a616-11ce03dd3274,1480722670.306,85867.2,37.397075771,-121.984234888667,2,0,0
3bb5d6c4-17d0-4088-a616-11ce03dd3274,1480722670.509,85867.4,37.3970757781667,-121.984234881,2,0,0
3bb5d6c4-17d0-4088-a616-11ce03dd3274,1480722670.704,85867.6,37.397075807,-121.984234897667,2,0,0
3bb5d6c4-17d0-4088-a616-11ce03dd3274,1480722670.913,85867.8,37.397075829,-121.9842348965,2,0,0
3bb5d6c4-17d0-4088-a616-11ce03dd3274,1480722671.113,85868,37.397075844,-121.984234906667,2,0,0
3bb5d6c4-17d0-4088-a616-11ce03dd3274,1480722671.302,85868.2,37.3970758721667,-121.9842349185,2,0,0
3bb5d6c4-17d0-4088-a616-11ce03dd3274,1480722671.505,85868.4,37.3970758836667,-121.984234914667,2,0,0
3bb5d6c4-17d0-4088-a616-11ce03dd3274,1480722671.705,85868.6,37.3970758881667,-121.984234908667,2,0,0
3bb5d6c4-17d0-4088-a616-11ce03dd3274,1480722671.912,85868.8,37.397075886,-121.984234906667,2,0,0
3bb5d6c4-17d0-4088-a616-11ce03dd3274,1480722672.104,85869,37.3970759088333,-121.9842349185,2,0,0
3bb5d6c4-17d0-4088-a616-11ce03dd3274,1480722672.306,85869.2,37.3970759215,-121.984234923333,2,0,0
3bb5d6c4-17d0-4088-a616-11ce03dd3274,1480722672.51,85869.4,37.3970759273333,-121.984234915167,2,0,0
3bb5d6c4-17d0-4088-a616-11ce03dd3274,1480722672.712,85869.6,37.3970759396667,-121.984234923167,2,0,0
3bb5d6c4-17d0-4088-a616-11ce03dd3274,1480722672.91,85869.8,37.3970759458333,-121.9842349215,2,0,0
3bb5d6c4-17d0-4088-a616-11ce03dd3274,1480722673.102,85870,37.3970759625,-121.984234923167,2,0,0
3bb5d6c4-17d0-4088-a616-11ce03dd3274,1480722673.31,85870.2,37.3970759723333,-121.984234925167,2,0,0
3bb5d6c4-17d0-4088-a616-11ce03dd3274,1480722673.504,85870.4,37.3970759781667,-121.9842349255,2,0,0
3bb5d6c4-17d0-4088-a616-11ce03dd3274,1480722673.706,85870.6,37.39707598,-121.984234923167,2,0,0
3bb5d6c4-17d0-4088-a616-11ce03dd3274,1480722673.911,85870.8,37.3970759811667,-121.984234928333,2,0,0
3bb5d6c4-17d0-4088-a616-11ce03dd3274,1480722674.105,85871,37.3970759978333,-121.984234935667,2,0,0
3bb5d6c4-17d0-4088-a616-11ce03dd3274,1480722674.308,85871.2,37.3970759993333,-121.9842349425,2,0,0
3bb5d6c4-17d0-4088-a616-11ce03dd3274,1480722674.503,85871.4,37.3970760236667,-121.984234956833,2,0,0
3bb5d6c4-17d0-4088-a616-11ce03dd3274,1480722674.705,85871.6,37.3970760233333,-121.984234953833,2,0,0
3bb5d6c4-17d0-4088-a616-11ce03dd3274,1480722674.911,85871.8,37.3970760316667,-121.984234955,2,0,0
3bb5d6c4-17d0-4088-a616-11ce03dd3274,1480722675.104,85872,37.397076032,-121.984234967667,2,0,0
3bb5d6c4-17d0-4088-a616-11ce03dd3274,1480722675.306,85872.2,37.3970760345,-121.9842349725,2,0,0
3bb5d6c4-17d0-4088-a616-11ce03dd3274,1480722675.508,85872.4,37.3970760446667,-121.984234977,2,0,0
3bb5d6c4-17d0-4088-a616-11ce03dd3274,1480722675.707,85872.6,37.3970760415,-121.984234983333,2,0,0
3bb5d6c4-17d0-4088-a616-11ce03dd3274,1480722675.91,85872.8,37.3970760415,-121.984234983167,2,0,0
3bb5d6c4-17d0-4088-a616-11ce03dd3274,1480722676.105,85873,37.3970760433333,-121.984234985833,2,0,0
3bb5d6c4-17d0-4088-a616-11ce03dd3274,1480722676.307,85873.2,37.3970760525,-121.984234992667,2,0,0
3bb5d6c4-17d0-4088-a616-11ce03dd3274,1480722676.51,85873.4,37.39707605,-121.984234988167,2,0,0
3bb5d6c4-17d0-4088-a616-11ce03dd3274,1480722676.706,85873.6,37.3970760621667,-121.984234987333,2,0,0
3bb5d6c4-17d0-4088-a616-11ce03dd3274,1480722676.911,85873.8,37.3970760601667,-121.984234995833,2,0,0
3bb5d6c4-17d0-4088-a616-11ce03dd3274,1480722677.111,85874,37.3970760616667,-121.984234991,2,0,0
3bb5d6c4-17d0-4088-a616-11ce03dd3274,1480722677.31,85874.2,37.3970760635,-121.984234989667,2,0,0
3bb5d6c4-17d0-4088-a616-11ce03dd3274,1480722677.511,85874.4,37.3970760611667,-121.984234990167,2,0,0
3bb5d6c4-17d0-4088-a616-11ce03dd3274,1480722677.707,85874.6,37.3970760443333,-121.984234972667,2,0,0
3bb5d6c4-17d0-4088-a616-11ce03dd3274,1480722677.911,85874.8,37.3970760235,-121.984234957667,2,0,0
3bb5d6c4-17d0-4088-a616-11ce03dd3274,1480722678.103,85875,37.3970760246667,-121.984234953333,2,0,0
3bb5d6c4-17d0-4088-a616-11ce03dd3274,1480722678.307,85875.2,37.3970760101667,-121.9842349465,2,0,0
3bb5d6c4-17d0-4088-a616-11ce03dd3274,1480722678.506,85875.4,37.397075987,-121.9842349305,2,0,0
3bb5d6c4-17d0-4088-a616-11ce03dd3274,1480722678.707,85875.6,37.397075986,-121.984234918667,2,0,0
3bb5d6c4-17d0-4088-a616-11ce03dd3274,1480722678.912,85875.8,37.3970759608333,-121.984234903333,2,0,0
3bb5d6c4-17d0-4088-a616-11ce03dd3274,1480722679.105,85876,37.3970759703333,-121.984234895,2,0,0
3bb5d6c4-17d0-4088-a616-11ce03dd3274,1480722679.309,85876.2,37.3970759565,-121.984234897167,2,0,0
3bb5d6c4-17d0-4088-a616-11ce03dd3274,1480722679.505,85876.4,37.3970759441667,-121.984234883,2,0,0
3bb5d6c4-17d0-4088-a616-11ce03dd3274,1480722679.708,85876.6,37.3970759356667,-121.984234880667,2,0,0
3bb5d6c4-17d0-4088-a616-11ce03dd3274,1480722679.911,85876.8,37.3970759166667,-121.98423486,2,0,0
3bb5d6c4-17d0-4088-a616-11ce03dd3274,1480722680.107,85877,37.3970759165,-121.984234864667,2,0,0
3bb5d6c4-17d0-4088-a616-11ce03dd3274,1480722680.303,85877.2,37.397075893,-121.984234856167,2,0,0
3bb5d6c4-17d0-4088-a616-11ce03dd3274,1480722680.508,85877.4,37.3970758973333,-121.984234854333,2,0,0
3bb5d6c4-17d0-4088-a616-11ce03dd3274,1480722680.712,85877.6,37.3970758765,-121.984234838167,2,0,0
3bb5d6c4-17d0-4088-a616-11ce03dd3274,1480722680.907,85877.8,37.3970758771667,-121.9842348375,2,0,0
3bb5d6c4-17d0-4088-a616-11ce03dd3274,1480722681.109,85878,37.3970758463333,-121.984234831,2,0,0
3bb5d6c4-17d0-4088-a616-11ce03dd3274,1480722681.312,85878.2,37.3970758418333,-121.9842348295,2,0,0
3bb5d6c4-17d0-4088-a616-11ce03dd3274,1480722681.504,85878.4,37.397075814,-121.984234828,2,0,0
3bb5d6c4-17d0-4088-a616-11ce03dd3274,1480722681.711,85878.6,37.397075796,-121.984234817833,2,0,0
3bb5d6c4-17d0-4088-a616-11ce03dd3274,1480722681.905,85878.8,37.397075782,-121.984234819333,2,0,0
3bb5d6c4-17d0-4088-a616-11ce03dd3274,1480722682.11,85879,37.3970757666667,-121.984234809167,2,0,0
3bb5d6c4-17d0-4088-a616-11ce03dd3274,1480722682.303,85879.2,37.3970757518333,-121.9842347995,2,0,0
3bb5d6c4-17d0-4088-a616-11ce03dd3274,1480722682.507,85879.4,37.3970757188333,-121.984234782,2,0,0
3bb5d6c4-17d0-4088-a616-11ce03dd3274,1480722682.702,85879.6,37.3970757048333,-121.984234780167,2,0,0
3bb5d6c4-17d0-4088-a616-11ce03dd3274,1480722682.909,85879.8,37.3970756926667,-121.984234782833,2,0,0
3bb5d6c4-17d0-4088-a616-11ce03dd3274,1480722683.111,85880,37.3970756783333,-121.984234767167,2,0,0
3bb5d6c4-17d0-4088-a616-11ce03dd3274,1480722683.312,85880.2,37.3970756688333,-121.984234761833,2,0,0
3bb5d6c4-17d0-4088-a616-11ce03dd3274,1480722683.513,85880.4,37.3970756511667,-121.984234756833,2,0,0
3bb5d6c4-17d0-4088-a616-11ce03dd3274,1480722683.704,85880.6,37.3970756386667,-121.984234768,2,0,0
3bb5d6c4-17d0-4088-a616-11ce03dd3274,1480722683.911,85880.8,37.397075638,-121.984234767333,2,0,0
3bb5d6c4-17d0-4088-a616-11ce03dd3274,1480722684.105,85881,37.3970756305,-121.984234748667,2,0,0
3bb5d6c4-17d0-4088-a616-11ce03dd3274,1480722684.303,85881.2,37.3970756333333,-121.984234752,2,0,0
3bb5d6c4-17d0-4088-a616-11ce03dd3274,1480722684.51,85881.4,37.397075621,-121.984234749833,2,0,0
3bb5d6c4-17d0-4088-a616-11ce03dd3274,1480722684.703,85881.6,37.397075611,-121.984234752167,2,0,0
3bb5d6c4-17d0-4088-a616-11ce03dd3274,1480722684.91,85881.8,37.397075613,-121.9842347505,2,0,0
3bb5d6c4-17d0-4088-a616-11ce03dd3274,1480722685.103,85882,37.3970756133333,-121.9842347405,2,0,0
3bb5d6c4-17d0-4088-a616-11ce03dd3274,1480722685.308,85882.2,37.3970755961667,-121.984234748333,2,0,0
3bb5d6c4-17d0-4088-a616-11ce03dd3274,1480722685.509,85882.4,37.3970755921667,-121.984234737333,2,0,0
3bb5d6c4-17d0-4088-a616-11ce03dd3274,1480722685.702,85882.6,37.3970755948333,-121.984234742,2,0,0
3bb5d6c4-17d0-4088-a616-11ce03dd3274,1480722685.905,85882.8,37.3970755941667,-121.984234750167,2,0,0
3bb5d6c4-17d0-4088-a616-11ce03dd3274,1480722686.108,85883,37.3970755783333,-121.9842347505,2,0,0
3bb5d6c4-17d0-4088-a616-11ce03dd3274,1480722686.302,85883.2,37.3970755833333,-121.984234752833,2,0,0
3bb5d6c4-17d0-4088-a616-11ce03dd3274,1480722686.506,85883.4,37.3970755868333,-121.984234751333,2,0,0
3bb5d6c4-17d0-4088-a616-11ce03dd3274,1480722686.702,85883.6,37.3970755815,-121.984234754167,2,0,0
3bb5d6c4-17d0-4088-a616-11ce03dd3274,1480722686.905,85883.8,37.3970755738333,-121.984234752167,2,0,0
3bb5d6c4-17d0-4088-a616-11ce03dd3274,1480722687.111,85884,37.397075571,-121.984234748167,2,0,0
3bb5d6c4-17d0-4088-a616-11ce03dd3274,1480722687.304,85884.2,37.3970755623333,-121.984234748667,2,0,0
3bb5d6c4-17d0-4088-a616-11ce03dd3274,1480722687.511,85884.4,37.3970755621667,-121.984234747667,2,0,0
3bb5d6c4-17d0-4088-a616-11ce03dd3274,1480722687.709,85884.6,37.3970755661667,-121.984234744167,2,0,0
3bb5d6c4-17d0-4088-a616-11ce03dd3274,1480722687.912,85884.8,37.3970755758333,-121.9842347465,2,0,0
3bb5d6c4-17d0-4088-a616-11ce03dd3274,1480722688.11,85885,37.3970755805,-121.9842347495,2,0,0
3bb5d6c4-17d0-4088-a616-11ce03dd3274,1480722688.306,85885.2,37.3970755863333,-121.9842347545,2,0,0
3bb5d6c4-17d0-4088-a616-11ce03dd3274,1480722688.506,85885.4,37.397075583,-121.984234757667,2,0,0
3bb5d6c4-17d0-4088-a616-11ce03dd3274,1480722688.703,85885.6,37.3970755928333,-121.9842347545,2,0,0
3bb5d6c4-17d0-4088-a616-11ce03dd3274,1480722688.906,85885.8,37.397075604,-121.984234763,2,0,0
3bb5d6c4-17d0-4088-a616-11ce03dd3274,1480722689.102,85886,37.3970755985,-121.984234753167,2,0,0
3bb5d6c4-17d0-4088-a616-11ce03dd3274,1480722689.302,85886.2,37.3970755928333,-121.984234738167,2,0,0
3bb5d6c4-17d0-4088-a616-11ce03dd3274,1480722689.511,85886.4,37.3970755956667,-121.984234743833,2,0,0
3bb5d6c4-17d0-4088-a616-11ce03dd3274,1480722689.707,85886.6,37.3970755936667,-121.984234734167,2,0,0
3bb5d6c4-17d0-4088-a616-11ce03dd3274,1480722689.91,85886.8,37.397075592,-121.984234736833,2,0,0
3bb5d6c4-17d0-4088-a616-11ce03dd3274,1480722690.104,85887,37.3970755891667,-121.984234735833,2,0,0
3bb5d6c4-17d0-4088-a616-11ce03dd3274,1480722690.31,85887.2,37.3970755951667,-121.984234721667,2,0,0
3bb5d6c4-17d0-4088-a616-11ce03dd3274,1480722690.504,85887.4,37.3970755945,-121.984234716833,2,0,0
3bb5d6c4-17d0-4088-a616-11ce03dd3274,1480722690.71,85887.6,37.3970755955,-121.984234716833,2,0,0
3bb5d6c4-17d0-4088-a616-11ce03dd3274,1480722690.903,85887.8,37.3970755895,-121.9842347095,2,0,0
3bb5d6c4-17d0-4088-a616-11ce03dd3274,1480722691.113,85888,37.397075581,-121.984234712667,2,0,0
3bb5d6c4-17d0-4088-a616-11ce03dd3274,1480722691.309,85888.2,37.3970755886667,-121.984234706333,2,0,0
3bb5d6c4-17d0-4088-a616-11ce03dd3274,1480722691.511,85888.4,37.3970755846667,-121.9842346975,2,0,0
3bb5d6c4-17d0-4088-a616-11ce03dd3274,1480722691.704,85888.6,37.3970755938333,-121.984234704167,2,0,0
3bb5d6c4-17d0-4088-a616-11ce03dd3274,1480722691.913,85888.8,37.3970755906667,-121.984234686333,2,0,0
3bb5d6c4-17d0-4088-a616-11ce03dd3274,1480722692.107,85889,37.3970756056667,-121.984234693333,2,0,0
3bb5d6c4-17d0-4088-a616-11ce03dd3274,1480722692.311,85889.2,37.3970755966667,-121.984234693833,2,0,0
3bb5d6c4-17d0-4088-a616-11ce03dd3274,1480722692.508,85889.4,37.3970755978333,-121.984234686333,2,0,0
3bb5d6c4-17d0-4088-a616-11ce03dd3274,1480722692.702,85889.6,37.3970756048333,-121.984234694833,2,0,0
3bb5d6c4-17d0-4088-a616-11ce03dd3274,1480722692.907,85889.8,37.397075624,-121.984234684167,2,0,0
3bb5d6c4-17d0-4088-a616-11ce03dd3274,1480722693.108,85890,37.3970756186667,-121.984234682,2,0,0
3bb5d6c4-17d0-4088-a616-11ce03dd3274,1480722693.311,85890.2,37.3970756308333,-121.984234671833,2,0,0
3bb5d6c4-17d0-4088-a616-11ce03dd3274,1480722693.504,85890.4,37.397075633,-121.984234682667,2,0,0
3bb5d6c4-17d0-4088-a616-11ce03dd3274,1480722693.707,85890.6,37.3970756481667,-121.984234679167,2,0,0
3bb5d6c4-17d0-4088-a616-11ce03dd3274,1480722693.904,85890.8,37.3970756613333,-121.984234679667,2,0,0
3bb5d6c4-17d0-4088-a616-11ce03dd3274,1480722694.108,85891,37.3970756688333,-121.984234665833,2,0,0
3bb5d6c4-17d0-4088-a616-11ce03dd3274,1480722694.31,85891.2,37.3970756776667,-121.984234663167,2,0,0
3bb5d6c4-17d0-4088-a616-11ce03dd3274,1480722694.505,85891.4,37.3970756921667,-121.984234668833,2,0,0
3bb5d6c4-17d0-4088-a616-11ce03dd3274,1480722694.708,85891.6,37.3970757046667,-121.9842346705,2,0,0
3bb5d6c4-17d0-4088-a616-11ce03dd3274,1480722694.906,85891.8,37.3970756985,-121.984234661333,2,0,0
3bb5d6c4-17d0-4088-a616-11ce03dd3274,1480722695.109,85892,37.3970757063333,-121.984234656167,2,0,0
3bb5d6c4-17d0-4088-a616-11ce03dd3274,1480722695.312,85892.2,37.3970757125,-121.984234655667,2,0,0
3bb5d6c4-17d0-4088-a616-11ce03dd3274,1480722695.509,85892.4,37.3970757278333,-121.984234664833,2,0,0
3bb5d6c4-17d0-4088-a616-11ce03dd3274,1480722695.711,85892.6,37.3970757248333,-121.984234653667,2,0,0
3bb5d6c4-17d0-4088-a616-11ce03dd3274,1480722695.908,85892.8,37.3970757371667,-121.984234646167,2,0,0
3bb5d6c4-17d0-4088-a616-11ce03dd3274,1480722696.103,85893,37.3970757408333,-121.984234641833,2,0,0
3bb5d6c4-17d0-4088-a616-11ce03dd3274,1480722696.304,85893.2,37.397075744,-121.984234646167,2,0,0
3bb5d6c4-17d0-4088-a616-11ce03dd3274,1480722696.506,85893.4,37.3970757468333,-121.984234635,2,0,0
3bb5d6c4-17d0-4088-a616-11ce03dd3274,1480722696.704,85893.6,37.397075747,-121.9842346445,2,0,0
3bb5d6c4-17d0-4088-a616-11ce03dd3274,1480722696.908,85893.8,37.3970757461667,-121.984234635333,2,0,0
3bb5d6c4-17d0-4088-a616-11ce03dd3274,1480722697.111,85894,37.397075745,-121.984234630167,2,0,0
3bb5d6c4-17d0-4088-a616-11ce03dd3274,1480722697.306,85894.2,37.3970757468333,-121.984234630333,2,0,0
3bb5d6c4-17d0-4088-a616-11ce03dd3274,1480722697.506,85894.4,37.3970757675,-121.984234630333,2,0,0
3bb5d6c4-17d0-4088-a616-11ce03dd3274,1480722697.701,85894.6,37.3970757638333,-121.984234624167,2,0,0
3bb5d6c4-17d0-4088-a616-11ce03dd3274,1480722697.906,85894.8,37.3970757616667,-121.984234624833,2,0,0
3bb5d6c4-17d0-4088-a616-11ce03dd3274,1480722698.109,85895,37.3970757738333,-121.984234643667,2,0,0
3bb5d6c4-17d0-4088-a616-11ce03dd3274,1480722698.312,85895.2,37.3970757838333,-121.9842346355,2,0,0
3bb5d6c4-17d0-4088-a616-11ce03dd3274,1480722698.503,85895.4,37.3970757936667,-121.984234639,2,0,0
3bb5d6c4-17d0-4088-a616-11ce03dd3274,1480722698.708,85895.6,37.3970758108333,-121.984234641667,2,0,0
3bb5d6c4-17d0-4088-a616-11ce03dd3274,1480722698.913,85895.8,37.397075797,-121.984234645333,2,0,0
3bb5d6c4-17d0-4088-a616-11ce03dd3274,1480722699.106,85896,37.3970757811667,-121.984234633333,2,0,0
3bb5d6c4-17d0-4088-a616-11ce03dd3274,1480722699.312,85896.2,37.3970757726667,-121.984234636167,2,0,0
3bb5d6c4-17d0-4088-a616-11ce03dd3274,1480722699.511,85896.4,37.3970757641667,-121.984234631333,2,0,0
3bb5d6c4-17d0-4088-a616-11ce03dd3274,1480722699.709,85896.6,37.3970757465,-121.984234635333,2,0,0
3bb5d6c4-17d0-4088-a616-11ce03dd3274,1480722699.902,85896.8,37.3970757493333,-121.984234638833,2,0,0
3bb5d6c4-17d0-4088-a616-11ce03dd3274,1480722700.104,85897,37.3970757351667,-121.984234628,2,0,0
3bb5d6c4-17d0-4088-a616-11ce03dd3274,1480722700.308,85897.2,37.3970757121667,-121.984234624833,2,0,0
3bb5d6c4-17d0-4088-a616-11ce03dd3274,1480722700.507,85897.4,37.3970756998333,-121.984234609667,2,0,0
3bb5d6c4-17d0-4088-a616-11ce03dd3274,1480722700.71,85897.6,37.3970756931667,-121.984234616833,2,0,0
3bb5d6c4-17d0-4088-a616-11ce03dd3274,1480722700.912,85897.8,37.3970756788333,-121.984234609,2,0,0
3bb5d6c4-17d0-4088-a616-11ce03dd3274,1480722701.108,85898,37.3970756768333,-121.984234608833,2,0,0
3bb5d6c4-17d0-4088-a616-11ce03dd3274,1480722701.304,85898.2,37.3970756673333,-121.984234611333,2,0,0
3bb5d6c4-17d0-4088-a616-11ce03dd3274,1480722701.505,85898.4,37.3970756558333,-121.984234605167,2,0,0
3bb5d6c4-17d0-4088-a616-11ce03dd3274,1480722701.701,85898.6,37.3970756413333,-121.984234598833,2,0,0
3bb5d6c4-17d0-4088-a616-11ce03dd3274,1480722701.905,85898.8,37.397075628,-121.984234590167,2,0,0
3bb5d6c4-17d0-4088-a616-11ce03dd3274,1480722702.108,85899,37.397075623,-121.984234591833,2,0,0
3bb5d6c4-17d0-4088-a616-11ce03dd3274,1480722702.31,85899.2,37.3970756031667,-121.98423458,2,0,0
3bb5d6c4-17d0-4088-a616-11ce03dd3274,1480722702.511,85899.4,37.3970756095,-121.984234586333,2,0,0
3bb5d6c4-17d0-4088-a616-11ce03dd3274,1480722702.707,85899.6,37.3970756055,-121.984234574167,2,0,0
3bb5d6c4-17d0-4088-a616-11ce03dd3274,1480722702.911,85899.8,37.3970755775,-121.984234561167,2,0,0
3bb5d6c4-17d0-4088-a616-11ce03dd3274,1480722703.103,85900,37.3970755721667,-121.984234553667,2,0,0
3bb5d6c4-17d0-4088-a616-11ce03dd3274,1480722703.307,85900.2,37.3970755691667,-121.984234556667,2,0,0
3bb5d6c4-17d0-4088-a616-11ce03dd3274,1480722703.509,85900.4,37.3970755571667,-121.984234545,2,0,0
3bb5d6c4-17d0-4088-a616-11ce03dd3274,1480722703.705,85900.6,37.397075553,-121.984234547333,2,0,0
3bb5d6c4-17d0-4088-a616-11ce03dd3274,1480722703.911,85900.8,37.397075542,-121.984234544667,2,0,0
3bb5d6c4-17d0-4088-a616-11ce03dd3274,1480722704.104,85901,37.3970755335,-121.984234536167,2,0,0
3bb5d6c4-17d0-4088-a616-11ce03dd3274,1480722704.307,85901.2,37.3970755408333,-121.9842345335,2,0,0
3bb5d6c4-17d0-4088-a616-11ce03dd3274,1480722704.509,85901.4,37.3970755395,-121.984234540833,2,0,0
3bb5d6c4-17d0-4088-a616-11ce03dd3274,1480722704.704,85901.6,37.3970755263333,-121.984234526333,2,0,0
3bb5d6c4-17d0-4088-a616-11ce03dd3274,1480722704.909,85901.8,37.397075528,-121.984234538667,2,0,0
3bb5d6c4-17d0-4088-a616-11ce03dd3274,1480722705.112,85902,37.3970755248333,-121.984234523833,2,0,0
3bb5d6c4-17d0-4088-a616-11ce03dd3274,1480722705.303,85902.2,37.3970755296667,-121.984234533,2,0,0
3bb5d6c4-17d0-4088-a616-11ce03dd3274,1480722705.508,85902.4,37.397075542,-121.984234541833,2,0,0
3bb5d6c4-17d0-4088-a616-11ce03dd3274,1480722705.707,85902.6,37.3970755256667,-121.984234531333,2,0,0
3bb5d6c4-17d0-4088-a616-11ce03dd3274,1480722705.904,85902.8,37.3970755255,-121.984234535167,2,0,0
3bb5d6c4-17d0-4088-a616-11ce03dd3274,1480722706.109,85903,37.3970755215,-121.9842345365,2,0,0
3bb5d6c4-17d0-4088-a616-11ce03dd3274,1480722706.309,85903.2,37.3970755085,-121.984234534833,2,0,0
3bb5d6c4-17d0-4088-a616-11ce03dd3274,1480722706.507,85903.4,37.3970754946667,-121.984234529,2,0,0
3bb5d6c4-17d0-4088-a616-11ce03dd3274,1480722706.701,85903.6,37.3970755015,-121.984234530167,2,0,0
3bb5d6c4-17d0-4088-a616-11ce03dd3274,1480722706.909,85903.8,37.3970754833333,-121.984234521333,2,0,0
3bb5d6c4-17d0-4088-a616-11ce03dd3274,1480722707.111,85904,37.3970754798333,-121.984234518667,2,0,0
3bb5d6c4-17d0-4088-a616-11ce03dd3274,1480722707.302,85904.2,37.397075464,-121.984234516833,2,0,0
3bb5d6c4-17d0-4088-a616-11ce03dd3274,1480722707.51,85904.4,37.3970754556667,-121.984234517333,2,0,0
3bb5d6c4-17d0-4088-a616-11ce03dd3274,1480722707.711,85904.6,37.3970754291667,-121.984234496167,2,0,0
3bb5d6c4-17d0-4088-a616-11ce03dd3274,1480722707.903,85904.8,37.397075424,-121.984234494,2,0,0
3bb5d6c4-17d0-4088-a616-11ce03dd3274,1480722708.103,85905,37.3970754078333,-121.984234495167,2,0,0
3bb5d6c4-17d0-4088-a616-11ce03dd3274,1480722708.307,85905.2,37.397075396,-121.9842344785,2,0,0
3bb5d6c4-17d0-4088-a616-11ce03dd3274,1480722708.503,85905.4,37.3970753821667,-121.984234475,2,0,0
3bb5d6c4-17d0-4088-a616-11ce03dd3274,1480722708.711,85905.6,37.3970753566667,-121.98423447,2,0,0
3bb5d6c4-17d0-4088-a616-11ce03dd3274,1480722708.909,85905.8,37.3970753428333,-121.984234461833,2,0,0
3bb5d6c4-17d0-4088-a616-11ce03dd3274,1480722709.11,85906,37.3970753298333,-121.9842344445,2,0,0
3bb5d6c4-17d0-4088-a616-11ce03dd3274,1480722709.308,85906.2,37.397075319,-121.984234459167,2,0,0
3bb5d6c4-17d0-4088-a616-11ce03dd3274,1480722709.507,85906.4,37.3970753125,-121.984234446833,2,0,0
3bb5d6c4-17d0-4088-a616-11ce03dd3274,1480722709.703,85906.6,37.3970752813333,-121.9842344345,2,0,0
3bb5d6c4-17d0-4088-a616-11ce03dd3274,1480722709.909,85906.8,37.3970752845,-121.9842344415,2,0,0
3bb5d6c4-17d0-4088-a616-11ce03dd3274,1480722710.104,85907,37.3970752711667,-121.984234437167,2,0,0
3bb5d6c4-17d0-4088-a616-11ce03dd3274,1480722710.309,85907.2,37.3970752761667,-121.984234455667,2,0,0
3bb5d6c4-17d0-4088-a616-11ce03dd3274,1480722710.504,85907.4,37.3970752583333,-121.984234443167,2,0,0
3bb5d6c4-17d0-4088-a616-11ce03dd3274,1480722710.707,85907.6,37.3970752713333,-121.9842344555,2,0,0
3bb5d6c4-17d0-4088-a616-11ce03dd3274,1480722710.911,85907.8,37.3970752905,-121.984234457833,2,0,0
3bb5d6c4-17d0-4088-a616-11ce03dd3274,1480722711.105,85908,37.3970753095,-121.984234452333,2,0,0
3bb5d6c4-17d0-4088-a616-11ce03dd3274,1480722711.308,85908.2,37.3970753333333,-121.984234467167,2,0,0
3bb5d6c4-17d0-4088-a616-11ce03dd3274,1480722711.508,85908.4,37.397075352,-121.9842344715,2,0,0
3bb5d6c4-17d0-4088-a616-11ce03dd3274,1480722711.709,85908.6,37.3970753635,-121.984234462667,2,0,0
3bb5d6c4-17d0-4088-a616-11ce03dd3274,1480722711.903,85908.8,37.3970754005,-121.984234477333,2,0,0
3bb5d6c4-17d0-4088-a616-11ce03dd3274,1480722712.107,85909,37.3970754071667,-121.9842344705,2,0,0
3bb5d6c4-17d0-4088-a616-11ce03dd3274,1480722712.312,85909.2,37.3970754211667,-121.984234482667,2,0,0
3bb5d6c4-17d0-4088-a616-11ce03dd3274,1480722712.51,85909.4,37.397075458,-121.984234478333,2,0,0
3bb5d6c4-17d0-4088-a616-11ce03dd3274,1480722712.702,85909.6,37.3970754503333,-121.984234491667,2,0,0
3bb5d6c4-17d0-4088-a616-11ce03dd3274,1480722712.907,85909.8,37.3970754873333,-121.9842345055,2,0,0
3bb5d6c4-17d0-4088-a616-11ce03dd3274,1480722713.111,85910,37.3970755048333,-121.984234507833,2,0,0
3bb5d6c4-17d0-4088-a616-11ce03dd3274,1480722713.307,85910.2,37.3970755288333,-121.984234508,2,0,0
3bb5d6c4-17d0-4088-a616-11ce03dd3274,1480722713.506,85910.4,37.3970755471667,-121.984234499667,2,0,0
3bb5d6c4-17d0-4088-a616-11ce03dd3274,1480722713.707,85910.6,37.3970755631667,-121.984234509,2,0,0
3bb5d6c4-17d0-4088-a616-11ce03dd3274,1480722713.902,85910.8,37.3970755851667,-121.984234519333,2,0,0
3bb5d6c4-17d0-4088-a616-11ce03dd3274,1480722714.102,85911,37.3970755985,-121.984234515833,2,0,0
3bb5d6c4-17d0-4088-a616-11ce03dd3274,1480722714.302,85911.2,37.3970756118333,-121.984234526667,2,0,0
3bb5d6c4-17d0-4088-a616-11ce03dd3274,1480722714.51,85911.4,37.3970756196667,-121.984234535167,2,0,0
3bb5d6c4-17d0-4088-a616-11ce03dd3274,1480722714.708,85911.6,37.3970756481667,-121.984234529167,2,0,0
3bb5d6c4-17d0-4088-a616-11ce03dd3274,1480722714.902,85911.8,37.3970756718333,-121.9842345415,2,0,0
3bb5d6c4-17d0-4088-a616-11ce03dd3274,1480722715.104,85912,37.3970756566667,-121.9842345365,2,0,0
3bb5d6c4-17d0-4088-a616-11ce03dd3274,1480722715.312,85912.2,37.3970756813333,-121.984234529833,2,0,0
3bb5d6c4-17d0-4088-a616-11ce03dd3274,1480722715.502,85912.4,37.3970756968333,-121.9842345405,2,0,0
3bb5d6c4-17d0-4088-a616-11ce03dd3274,1480722715.704,85912.6,37.3970757035,-121.984234531333,2,0,0
3bb5d6c4-17d0-4088-a616-11ce03dd3274,1480722715.907,85912.8,37.3970757066667,-121.984234527667,2,0,0
3bb5d6c4-17d0-4088-a616-11ce03dd3274,1480722716.111,85913,37.3970757181667,-121.984234522833,2,0,0
3bb5d6c4-17d0-4088-a616-11ce03dd3274,1480722716.308,85913.2,37.3970757325,-121.984234526167,2,0,0
3bb5d6c4-17d0-4088-a616-11ce03dd3274,1480722716.501,85913.4,37.3970757368333,-121.984234524667,2,0,0
3bb5d6c4-17d0-4088-a616-11ce03dd3274,1480722716.708,85913.6,37.3970757428333,-121.984234525167,2,0,0
3bb5d6c4-17d0-4088-a616-11ce03dd3274,1480722716.902,85913.8,37.3970757425,-121.984234524667,2,0,0
3bb5d6c4-17d0-4088-a616-11ce03dd3274,1480722717.101,85914,37.3970757261667,-121.984234508,2,0,0
3bb5d6c4-17d0-4088-a616-11ce03dd3274,1480722717.311,85914.2,37.3970757166667,-121.984234499333,2,0,0
3bb5d6c4-17d0-4088-a616-11ce03dd3274,1480722717.51,85914.4,37.397075721,-121.984234493667,2,0,0
3bb5d6c4-17d0-4088-a616-11ce03dd3274,1480722717.706,85914.6,37.3970757116667,-121.984234484,2,0,0
3bb5d6c4-17d0-4088-a616-11ce03dd3274,1480722717.902,85914.8,37.3970757001667,-121.984234491833,2,0,0
3bb5d6c4-17d0-4088-a616-11ce03dd3274,1480722718.108,85915,37.397075699,-121.984234486,2,0,0
3bb5d6c4-17d0-4088-a616-11ce03dd3274,1480722718.31,85915.2,37.3970756865,-121.984234472667,2,0,0
3bb5d6c4-17d0-4088-a616-11ce03dd3274,1480722718.506,85915.4,37.3970756866667,-121.984234469,2,0,0
3bb5d6c4-17d0-4088-a616-11ce03dd3274,1480722718.704,85915.6,37.3970757008333,-121.984234481667,2,0,0
3bb5d6c4-17d0-4088-a616-11ce03dd3274,1480722718.901,85915.8,37.397075695,-121.984234477833,2,0,0
3bb5d6c4-17d0-4088-a616-11ce03dd3274,1480722719.104,85916,37.3970756885,-121.984234472167,2,0,0
3bb5d6c4-17d0-4088-a616-11ce03dd3274,1480722719.307,85916.2,37.3970756796667,-121.9842344615,2,0,0
3bb5d6c4-17d0-4088-a616-11ce03dd3274,1480722719.509,85916.4,37.3970756798333,-121.9842344635,2,0,0
3bb5d6c4-17d0-4088-a616-11ce03dd3274,1480722719.71,85916.6,37.397075687,-121.984234468833,2,0,0
3bb5d6c4-17d0-4088-a616-11ce03dd3274,1480722719.905,85916.8,37.3970756923333,-121.984234458,2,0,0
3bb5d6c4-17d0-4088-a616-11ce03dd3274,1480722720.101,85917,37.397075677,-121.984234453333,2,0,0
3bb5d6c4-17d0-4088-a616-11ce03dd3274,1480722720.302,85917.2,37.3970756988333,-121.98423448,2,0,0
3bb5d6c4-17d0-4088-a616-11ce03dd3274,1480722720.508,85917.4,37.3970756971667,-121.98423447,2,0,0
3bb5d6c4-17d0-4088-a616-11ce03dd3274,1480722720.708,85917.6,37.3970756908333,-121.984234466333,2,0,0
3bb5d6c4-17d0-4088-a616-11ce03dd3274,1480722720.902,85917.8,37.3970757145,-121.9842344865,2,0,0
3bb5d6c4-17d0-4088-a616-11ce03dd3274,1480722721.109,85918,37.3970757155,-121.9842344855,2,0,0
3bb5d6c4-17d0-4088-a616-11ce03dd3274,1480722721.301,85918.2,37.3970757065,-121.9842344745,2,0,0
3bb5d6c4-17d0-4088-a616-11ce03dd3274,1480722721.505,85918.4,37.3970757258333,-121.984234489833,2,0,0
3bb5d6c4-17d0-4088-a616-11ce03dd3274,1480722721.707,85918.6,37.397075726,-121.984234488,2,0,0
3bb5d6c4-17d0-4088-a616-11ce03dd3274,1480722721.903,85918.8,37.3970757306667,-121.984234497667,2,0,0
3bb5d6c4-17d0-4088-a616-11ce03dd3274,1480722722.104,85919,37.3970757218333,-121.9842344885,2,0,0
3bb5d6c4-17d0-4088-a616-11ce03dd3274,1480722722.305,85919.2,37.3970757321667,-121.984234501833,2,0,0
3bb5d6c4-17d0-4088-a616-11ce03dd3274,1480722722.502,85919.4,37.3970757283333,-121.984234508167,2,0,0
3bb5d6c4-17d0-4088-a616-11ce03dd3274,1480722722.704,85919.6,37.3970757305,-121.984234514333,2,0,0
3bb5d6c4-17d0-4088-a616-11ce03dd3274,1480722722.91,85919.8,37.3970757105,-121.984234510167,2,0,0
3bb5d6c4-17d0-4088-a616-11ce03dd3274,1480722723.103,85920,37.3970756906667,-121.9842344965,2,0,0
3bb5d6c4-17d0-4088-a616-11ce03dd3274,1480722723.311,85920.2,37.3970756646667,-121.984234495167,2,0,0
3bb5d6c4-17d0-4088-a616-11ce03dd3274,1480722723.507,85920.4,37.3970756491667,-121.984234484833,2,0,0
3bb5d6c4-17d0-4088-a616-11ce03dd3274,1480722723.71,85920.6,37.3970756193333,-121.9842344725,2,0,0
3bb5d6c4-17d0-4088-a616-11ce03dd3274,1480722723.905,85920.8,37.3970755995,-121.984234451,2,0,0
3bb5d6c4-17d0-4088-a616-11ce03dd3274,1480722724.111,85921,37.3970755691667,-121.984234446667,2,0,0
3bb5d6c4-17d0-4088-a616-11ce03dd3274,1480722724.302,85921.2,37.3970755473333,-121.9842344385,2,0,0
3bb5d6c4-17d0-4088-a616-11ce03dd3274,1480722724.509,85921.4,37.3970755315,-121.984234440667,2,0,0
3bb5d6c4-17d0-4088-a616-11ce03dd3274,1480722724.709,85921.6,37.397075514,-121.984234438833,2,0,0
3bb5d6c4-17d0-4088-a616-11ce03dd3274,1480722724.904,85921.8,37.3970754973333,-121.984234431,2,0,0
3bb5d6c4-17d0-4088-a616-11ce03dd3274,1480722725.107,85922,37.3970754886667,-121.984234428833,2,0,0
3bb5d6c4-17d0-4088-a616-11ce03dd3274,1480722725.302,85922.2,37.3970754693333,-121.984234416333,2,0,0
3bb5d6c4-17d0-4088-a616-11ce03dd3274,1480722725.502,85922.4,37.3970754705,-121.984234414,2,0,0
3bb5d6c4-17d0-4088-a616-11ce03dd3274,1480722725.706,85922.6,37.3970754523333,-121.984234418333,2,0,0
3bb5d6c4-17d0-4088-a616-11ce03dd3274,1480722725.911,85922.8,37.3970754223333,-121.9842344035,2,0,0
3bb5d6c4-17d0-4088-a616-11ce03dd3274,1480722726.106,85923,37.3970754255,-121.984234408167,2,0,0
3bb5d6c4-17d0-4088-a616-11ce03dd3274,1480722726.311,85923.2,37.397075415,-121.984234403167,2,0,0
3bb5d6c4-17d0-4088-a616-11ce03dd3274,1480722726.502,85923.4,37.3970753936667,-121.9842344,2,0,0
3bb5d6c4-17d0-4088-a616-11ce03dd3274,1480722726.703,85923.6,37.3970753713333,-121.984234384333,2,0,0
3bb5d6c4-17d0-4088-a616-11ce03dd3274,1480722726.906,85923.8,37.3970753573333,-121.984234371333,2,0,0
3bb5d6c4-17d0-4088-a616-11ce03dd3274,1480722727.108,85924,37.39707535,-121.984234382833,2,0,0
3bb5d6c4-17d0-4088-a616-11ce03dd3274,1480722727.304,85924.2,37.3970753293333,-121.984234370167,2,0,0
3bb5d6c4-17d0-4088-a616-11ce03dd3274,1480722727.503,85924.4,37.3970753265,-121.984234377667,2,0,0
3bb5d6c4-17d0-4088-a616-11ce03dd3274,1480722727.708,85924.6,37.3970753225,-121.9842343615,2,0,0
3bb5d6c4-17d0-4088-a616-11ce03dd3274,1480722727.902,85924.8,37.3970753036667,-121.984234355,2,0,0
3bb5d6c4-17d0-4088-a616-11ce03dd3274,1480722728.104,85925,37.3970752853333,-121.9842343515,2,0,0
3bb5d6c4-17d0-4088-a616-11ce03dd3274,1480722728.307,85925.2,37.3970752653333,-121.984234348,2,0,0
3bb5d6c4-17d0-4088-a616-11ce03dd3274,1480722728.509,85925.4,37.3970752711667,-121.984234353667,2,0,0
3bb5d6c4-17d0-4088-a616-11ce03dd3274,1480722728.701,85925.6,37.3970752523333,-121.9842343525,2,0,0
3bb5d6c4-17d0-4088-a616-11ce03dd3274,1480722728.904,85925.8,37.3970752648333,-121.984234356667,2,0,0
3bb5d6c4-17d0-4088-a616-11ce03dd3274,1480722729.105,85926,37.3970752705,-121.984234370833,2,0,0
3bb5d6c4-17d0-4088-a616-11ce03dd3274,1480722729.31,85926.2,37.3970752813333,-121.984234369333,2,0,0
3bb5d6c4-17d0-4088-a616-11ce03dd3274,1480722729.509,85926.4,37.3970752808333,-121.984234372333,2,0,0
3bb5d6c4-17d0-4088-a616-11ce03dd3274,1480722729.71,85926.6,37.3970752995,-121.984234394833,2,0,0
3bb5d6c4-17d0-4088-a616-11ce03dd3274,1480722729.905,85926.8,37.3970753153333,-121.984234408333,2,0,0
3bb5d6c4-17d0-4088-a616-11ce03dd3274,1480722730.11,85927,37.397075331,-121.984234423833,2,0,0
3bb5d6c4-17d0-4088-a616-11ce03dd3274,1480722730.306,85927.2,37.397075343,-121.9842344345,2,0,0
3bb5d6c4-17d0-4088-a616-11ce03dd3274,1480722730.504,85927.4,37.3970753765,-121.9842344505,2,0,0
3bb5d6c4-17d0-4088-a616-11ce03dd3274,1480722730.707,85927.6,37.3970753905,-121.984234454833,2,0,0
3bb5d6c4-17d0-4088-a616-11ce03dd3274,1480722730.911,85927.8,37.3970753995,-121.984234476833,2,0,0
3bb5d6c4-17d0-4088-a616-11ce03dd3274,1480722731.106,85928,37.3970754048333,-121.984234479833,2,0,0
3bb5d6c4-17d0-4088-a616-11ce03dd3274,1480722731.307,85928.2,37.3970754125,-121.984234488833,2,0,0
3bb5d6c4-17d0-4088-a616-11ce03dd3274,1480722731.506,85928.4,37.3970754138333,-121.984234493667,2,0,0
3bb5d6c4-17d0-4088-a616-11ce03dd3274,1480722731.71,85928.6,37.3970754345,-121.984234498333,2,0,0
3bb5d6c4-17d0-4088-a616-11ce03dd3274,1480722731.902,85928.8,37.3970754353333,-121.984234506167,2,0,0
3bb5d6c4-17d0-4088-a616-11ce03dd3274,1480722732.103,85929,37.3970754418333,-121.984234508167,2,0,0
3bb5d6c4-17d0-4088-a616-11ce03dd3274,1480722732.305,85929.2,37.3970754401667,-121.984234517167,2,0,0
3bb5d6c4-17d0-4088-a616-11ce03dd3274,1480722732.501,85929.4,37.3970754366667,-121.984234521167,2,0,0
3bb5d6c4-17d0-4088-a616-11ce03dd3274,1480722732.703,85929.6,37.3970754318333,-121.984234516833,2,0,0
3bb5d6c4-17d0-4088-a616-11ce03dd3274,1480722732.908,85929.8,37.3970754248333,-121.984234521333,2,0,0
3bb5d6c4-17d0-4088-a616-11ce03dd3274,1480722733.104,85930,37.3970754375,-121.984234528,2,0,0
3bb5d6c4-17d0-4088-a616-11ce03dd3274,1480722733.312,85930.2,37.3970754305,-121.984234533167,2,0,0
3bb5d6c4-17d0-4088-a616-11ce03dd3274,1480722733.505,85930.4,37.3970754266667,-121.984234532,2,0,0
3bb5d6c4-17d0-4088-a616-11ce03dd3274,1480722733.706,85930.6,37.3970754135,-121.984234533,2,0,0
3bb5d6c4-17d0-4088-a616-11ce03dd3274,1480722733.903,85930.8,37.397075413,-121.984234527833,2,0,0
3bb5d6c4-17d0-4088-a616-11ce03dd3274,1480722734.108,85931,37.3970754188333,-121.984234535667,2,0,0
3bb5d6c4-17d0-4088-a616-11ce03dd3274,1480722734.302,85931.2,37.3970754261667,-121.984234545667,2,0,0
3bb5d6c4-17d0-4088-a616-11ce03dd3274,1480722734.506,85931.4,37.3970754191667,-121.984234550833,2,0,0
3bb5d6c4-17d0-4088-a616-11ce03dd3274,1480722734.708,85931.6,37.3970754233333,-121.984234559,2,0,0
3bb5d6c4-17d0-4088-a616-11ce03dd3274,1480722734.91,85931.8,37.397075424,-121.984234555167,2,0,0
3bb5d6c4-17d0-4088-a616-11ce03dd3274,1480722735.105,85932,37.3970754476667,-121.984234569667,2,0,0
3bb5d6c4-17d0-4088-a616-11ce03dd3274,1480722735.301,85932.2,37.3970754633333,-121.984234564833,2,0,0
3bb5d6c4-17d0-4088-a616-11ce03dd3274,1480722735.51,85932.4,37.3970754683333,-121.984234569,2,0,0
3bb5d6c4-17d0-4088-a616-11ce03dd3274,1480722735.706,85932.6,37.3970754701667,-121.984234561333,2,0,0
3bb5d6c4-17d0-4088-a616-11ce03dd3274,1480722735.909,85932.8,37.3970755048333,-121.984234592833,2,0,0
3bb5d6c4-17d0-4088-a616-11ce03dd3274,1480722736.101,85933,37.3970755141667,-121.984234597167,2,0,0
3bb5d6c4-17d0-4088-a616-11ce03dd3274,1480722736.306,85933.2,37.3970755358333,-121.984234608333,2,0,0
3bb5d6c4-17d0-4088-a616-11ce03dd3274,1480722736.508,85933.4,37.39707556,-121.984234620333,2,0,0
3bb5d6c4-17d0-4088-a616-11ce03dd3274,1480722736.701,85933.6,37.3970755775,-121.984234620333,2,0,0
3bb5d6c4-17d0-4088-a616-11ce03dd3274,1480722736.907,85933.8,37.3970755931667,-121.984234626833,2,0,0
3bb5d6c4-17d0-4088-a616-11ce03dd3274,1480722737.109,85934,37.397075601,-121.984234620167,2,0,0
3bb5d6c4-17d0-4088-a616-11ce03dd3274,1480722737.305,85934.2,37.3970756128333,-121.984234627,2,0,0
3bb5d6c4-17d0-4088-a616-11ce03dd3274,1480722737.502,85934.4,37.3970756096667,-121.984234620667,2,0,0
3bb5d6c4-17d0-4088-a616-11ce03dd3274,1480722737.71,85934.6,37.3970756338333,-121.984234643,2,0,0
3bb5d6c4-17d0-4088-a616-11ce03dd3274,1480722737.905,85934.8,37.3970756376667,-121.984234635333,2,0,0
3bb5d6c4-17d0-4088-a616-11ce03dd3274,1480722738.106,85935,37.3970756485,-121.984234638667,2,0,0
3bb5d6c4-17d0-4088-a616-11ce03dd3274,1480722738.307,85935.2,37.3970756511667,-121.984234645,2,0,0
3bb5d6c4-17d0-4088-a616-11ce03dd3274,1480722738.502,85935.4,37.3970756526667,-121.984234642,2,0,0
3bb5d6c4-17d0-4088-a616-11ce03dd3274,1480722738.705,85935.6,37.397075661,-121.984234641,2,0,0
3bb5d6c4-17d0-4088-a616-11ce03dd3274,1480722738.907,85935.8,37.3970756733333,-121.9842346435,2,0,0
3bb5d6c4-17d0-4088-a616-11ce03dd3274,1480722739.11,85936,37.3970756845,-121.984234649667,2,0,0
3bb5d6c4-17d0-4088-a616-11ce03dd3274,1480722739.31,85936.2,37.3970756855,-121.9842346555,2,0,0
3bb5d6c4-17d0-4088-a616-11ce03dd3274,1480722739.507,85936.4,37.397075689,-121.984234656167,2,0,0
3bb5d6c4-17d0-4088-a616-11ce03dd3274,1480722739.71,85936.6,37.3970757046667,-121.984234668,2,0,0
3bb5d6c4-17d0-4088-a616-11ce03dd3274,1480722739.908,85936.8,37.3970757248333,-121.984234668667,2,0,0
3bb5d6c4-17d0-4088-a616-11ce03dd3274,1480722740.102,85937,37.397075725,-121.9842346745,2,0,0
3bb5d6c4-17d0-4088-a616-11ce03dd3274,1480722740.31,85937.2,37.3970757235,-121.9842346795,2,0,0
3bb5d6c4-17d0-4088-a616-11ce03dd3274,1480722740.51,85937.4,37.3970757323333,-121.984234681833,2,0,0
3bb5d6c4-17d0-4088-a616-11ce03dd3274,1480722740.705,85937.6,37.3970757381667,-121.984234687,2,0,0
3bb5d6c4-17d0-4088-a616-11ce03dd3274,1480722740.91,85937.8,37.397075747,-121.984234695333,2,0,0
3bb5d6c4-17d0-4088-a616-11ce03dd3274,1480722741.11,85938,37.3970757573333,-121.984234694833,2,0,0
3bb5d6c4-17d0-4088-a616-11ce03dd3274,1480722741.306,85938.2,37.397075751,-121.984234706,2,0,0
3bb5d6c4-17d0-4088-a616-11ce03dd3274,1480722741.505,85938.4,37.3970757573333,-121.984234715833,2,0,0
3bb5d6c4-17d0-4088-a616-11ce03dd3274,1480722741.708,85938.6,37.3970757593333,-121.984234726,2,0,0
3bb5d6c4-17d0-4088-a616-11ce03dd3274,1480722741.911,85938.8,37.3970757636667,-121.9842347385,2,0,0
3bb5d6c4-17d0-4088-a616-11ce03dd3274,1480722742.111,85939,37.3970757776667,-121.98423474,2,0,0
3bb5d6c4-17d0-4088-a616-11ce03dd3274,1480722742.309,85939.2,37.3970757885,-121.984234752,2,0,0
3bb5d6c4-17d0-4088-a616-11ce03dd3274,1480722742.508,85939.4,37.3970758061667,-121.984234754167,2,0,0
3bb5d6c4-17d0-4088-a616-11ce03dd3274,1480722742.701,85939.6,37.3970758126667,-121.9842347675,2,0,0
3bb5d6c4-17d0-4088-a616-11ce03dd3274,1480722742.903,85939.8,37.397075834,-121.984234781667,2,0,0
3bb5d6c4-17d0-4088-a616-11ce03dd3274,1480722743.108,85940,37.3970758305,-121.984234777167,2,0,0
3bb5d6c4-17d0-4088-a616-11ce03dd3274,1480722743.304,85940.2,37.3970758415,-121.984234797333,2,0,0
3bb5d6c4-17d0-4088-a616-11ce03dd3274,1480722743.509,85940.4,37.39707586,-121.984234809333,2,0,0
3bb5d6c4-17d0-4088-a616-11ce03dd3274,1480722743.707,85940.6,37.3970758606667,-121.984234810167,2,0,0
3bb5d6c4-17d0-4088-a616-11ce03dd3274,1480722743.904,85940.8,37.397075864,-121.984234817667,2,0,0
3bb5d6c4-17d0-4088-a616-11ce03dd3274,1480722744.111,85941,37.3970758735,-121.984234813833,2,0,0
3bb5d6c4-17d0-4088-a616-11ce03dd3274,1480722744.304,85941.2,37.3970758748333,-121.984234827667,2,0,0
3bb5d6c4-17d0-4088-a616-11ce03dd3274,1480722744.5,85941.4,37.3970758746667,-121.9842348355,2,0,0
3bb5d6c4-17d0-4088-a616-11ce03dd3274,1480722744.709,85941.6,37.3970758658333,-121.984234839167,2,0,0
3bb5d6c4-17d0-4088-a616-11ce03dd3274,1480722744.901,85941.8,37.3970758695,-121.984234844167,2,0,0
3bb5d6c4-17d0-4088-a616-11ce03dd3274,1480722745.103,85942,37.3970758723333,-121.984234852333,2,0,0
3bb5d6c4-17d0-4088-a616-11ce03dd3274,1480722745.305,85942.2,37.3970758731667,-121.9842348595,2,0,0
3bb5d6c4-17d0-4088-a616-11ce03dd3274,1480722745.501,85942.4,37.3970758751667,-121.984234853833,2,0,0
3bb5d6c4-17d0-4088-a616-11ce03dd3274,1480722745.707,85942.6,37.3970758696667,-121.984234852833,2,0,0
3bb5d6c4-17d0-4088-a616-11ce03dd3274,1480722745.909,85942.8,37.3970758828333,-121.984234857833,2,0,0
3bb5d6c4-17d0-4088-a616-11ce03dd3274,1480722746.101,85943,37.397075883,-121.984234865833,2,0,0
3bb5d6c4-17d0-4088-a616-11ce03dd3274,1480722746.31,85943.2,37.3970758791667,-121.984234863,2,0,0
3bb5d6c4-17d0-4088-a616-11ce03dd3274,1480722746.505,85943.4,37.3970758743333,-121.9842348595,2,0,0
3bb5d6c4-17d0-4088-a616-11ce03dd3274,1480722746.708,85943.6,37.397075886,-121.984234857667,2,0,0
3bb5d6c4-17d0-4088-a616-11ce03dd3274,1480722746.903,85943.8,37.3970758591667,-121.984234852833,2,0,0
3bb5d6c4-17d0-4088-a616-11ce03dd3274,1480722747.101,85944,37.3970758343333,-121.984234849667,2,0,0
3bb5d6c4-17d0-4088-a616-11ce03dd3274,1480722747.309,85944.2,37.3970758146667,-121.984234838667,2,0,0
3bb5d6c4-17d0-4088-a616-11ce03dd3274,1480722747.509,85944.4,37.397075796,-121.984234839667,2,0,0
3bb5d6c4-17d0-4088-a616-11ce03dd3274,1480722747.703,85944.6,37.3970757833333,-121.9842348405,2,0,0
3bb5d6c4-17d0-4088-a616-11ce03dd3274,1480722747.908,85944.8,37.3970757743333,-121.984234834167,2,0,0
3bb5d6c4-17d0-4088-a616-11ce03dd3274,1480722748.11,85945,37.3970757616667,-121.984234831167,2,0,0
3bb5d6c4-17d0-4088-a616-11ce03dd3274,1480722748.31,85945.2,37.3970757623333,-121.984234833667,2,0,0
3bb5d6c4-17d0-4088-a616-11ce03dd3274,1480722748.51,85945.4,37.3970757435,-121.984234835667,2,0,0
3bb5d6c4-17d0-4088-a616-11ce03dd3274,1480722748.704,85945.6,37.3970757315,-121.984234827333,2,0,0
3bb5d6c4-17d0-4088-a616-11ce03dd3274,1480722748.902,85945.8,37.397075719,-121.984234828333,2,0,0
3bb5d6c4-17d0-4088-a616-11ce03dd3274,1480722749.105,85946,37.3970756998333,-121.9842348235,2,0,0
3bb5d6c4-17d0-4088-a616-11ce03dd3274,1480722749.307,85946.2,37.3970756861667,-121.984234821333,2,0,0
3bb5d6c4-17d0-4088-a616-11ce03dd3274,1480722749.501,85946.4,37.3970756805,-121.984234813,2,0,0
3bb5d6c4-17d0-4088-a616-11ce03dd3274,1480722749.704,85946.6,37.3970756518333,-121.984234807333,2,0,0
3bb5d6c4-17d0-4088-a616-11ce03dd3274,1480722749.91,85946.8,37.3970756366667,-121.984234804167,2,0,0
3bb5d6c4-17d0-4088-a616-11ce03dd3274,1480722750.108,85947,37.3970756251667,-121.984234800333,2,0,0
3bb5d6c4-17d0-4088-a616-11ce03dd3274,1480722750.311,85947.2,37.3970756081667,-121.984234796333,2,0,0
3bb5d6c4-17d0-4088-a616-11ce03dd3274,1480722750.505,85947.4,37.3970756086667,-121.984234799333,2,0,0
3bb5d6c4-17d0-4088-a616-11ce03dd3274,1480722750.707,85947.6,37.3970756036667,-121.984234785667,2,0,0
3bb5d6c4-17d0-4088-a616-11ce03dd3274,1480722750.902,85947.8,37.3970755886667,-121.984234784667,2,0,0
3bb5d6c4-17d0-4088-a616-11ce03dd3274,1480722751.106,85948,37.3970755981667,-121.984234792667,2,0,0
3bb5d6c4-17d0-4088-a616-11ce03dd3274,1480722751.305,85948.2,37.3970755853333,-121.984234791,2,0,0
3bb5d6c4-17d0-4088-a616-11ce03dd3274,1480722751.507,85948.4,37.3970755755,-121.984234791833,2,0,0
3bb5d6c4-17d0-4088-a616-11ce03dd3274,1480722751.701,85948.6,37.3970755638333,-121.984234783167,2,0,0
3bb5d6c4-17d0-4088-a616-11ce03dd3274,1480722751.907,85948.8,37.3970755533333,-121.9842347735,2,0,0
3bb5d6c4-17d0-4088-a616-11ce03dd3274,1480722752.109,85949,37.3970755533333,-121.984234771,2,0,0
3bb5d6c4-17d0-4088-a616-11ce03dd3274,1480722752.308,85949.2,37.3970755416667,-121.9842347755,2,0,0
3bb5d6c4-17d0-4088-a616-11ce03dd3274,1480722752.501,85949.4,37.397075538,-121.984234770833,2,0,0
3bb5d6c4-17d0-4088-a616-11ce03dd3274,1480722752.706,85949.6,37.3970755038333,-121.984234766833,2,0,0
3bb5d6c4-17d0-4088-a616-11ce03dd3274,1480722752.909,85949.8,37.3970755163333,-121.984234763667,2,0,0
3bb5d6c4-17d0-4088-a616-11ce03dd3274,1480722753.102,85950,37.3970755418333,-121.984234789167,2,0,0
3bb5d6c4-17d0-4088-a616-11ce03dd3274,1480722753.307,85950.2,37.397075556,-121.984234799333,2,0,0
3bb5d6c4-17d0-4088-a616-11ce03dd3274,1480722753.507,85950.4,37.3970755596667,-121.984234811333,2,0,0
3bb5d6c4-17d0-4088-a616-11ce03dd3274,1480722753.71,85950.6,37.3970755771667,-121.984234818167,2,0,0
3bb5d6c4-17d0-4088-a616-11ce03dd3274,1480722753.902,85950.8,37.3970755965,-121.984234834,2,0,0
3bb5d6c4-17d0-4088-a616-11ce03dd3274,1480722754.104,85951,37.3970756165,-121.984234846167,2,0,0
3bb5d6c4-17d0-4088-a616-11ce03dd3274,1480722754.311,85951.2,37.3970756433333,-121.984234861667,2,0,0
3bb5d6c4-17d0-4088-a616-11ce03dd3274,1480722754.509,85951.4,37.397075654,-121.984234871167,2,0,0
3bb5d6c4-17d0-4088-a616-11ce03dd3274,1480722754.703,85951.6,37.397075677,-121.984234891,2,0,0
3bb5d6c4-17d0-4088-a616-11ce03dd3274,1480722754.91,85951.8,37.3970756891667,-121.984234891833,2,0,0
3bb5d6c4-17d0-4088-a616-11ce03dd3274,1480722755.105,85952,37.3970757048333,-121.9842349095,2,0,0
3bb5d6c4-17d0-4088-a616-11ce03dd3274,1480722755.31,85952.2,37.3970757206667,-121.984234922,2,0,0
3bb5d6c4-17d0-4088-a616-11ce03dd3274,1480722755.502,85952.4,37.3970757301667,-121.98423493,2,0,0
3bb5d6c4-17d0-4088-a616-11ce03dd3274,1480722755.71,85952.6,37.3970757391667,-121.9842349405,2,0,0
3bb5d6c4-17d0-4088-a616-11ce03dd3274,1480722755.902,85952.8,37.3970757405,-121.984234944667,2,0,0
3bb5d6c4-17d0-4088-a616-11ce03dd3274,1480722756.104,85953,37.3970757523333,-121.984234948,2,0,0
3bb5d6c4-17d0-4088-a616-11ce03dd3274,1480722756.311,85953.2,37.3970757641667,-121.9842349555,2,0,0
3bb5d6c4-17d0-4088-a616-11ce03dd3274,1480722756.507,85953.4,37.3970757748333,-121.984234973167,2,0,0
3bb5d6c4-17d0-4088-a616-11ce03dd3274,1480722756.701,85953.6,37.3970757866667,-121.984234971167,2,0,0
3bb5d6c4-17d0-4088-a616-11ce03dd3274,1480722756.908,85953.8,37.3970757946667,-121.984234985667,2,0,0
3bb5d6c4-17d0-4088-a616-11ce03dd3274,1480722757.103,85954,37.3970757895,-121.9842349805,2,0,0
3bb5d6c4-17d0-4088-a616-11ce03dd3274,1480722757.303,85954.2,37.397075806,-121.98423498,2,0,0
3bb5d6c4-17d0-4088-a616-11ce03dd3274,1480722757.509,85954.4,37.3970758105,-121.98423498,2,0,0
3bb5d6c4-17d0-4088-a616-11ce03dd3274,1480722757.7,85954.6,37.3970758015,-121.984234975333,2,0,0
3bb5d6c4-17d0-4088-a616-11ce03dd3274,1480722757.905,85954.8,37.3970758181667,-121.984234997167,2,0,0
3bb5d6c4-17d0-4088-a616-11ce03dd3274,1480722758.11,85955,37.3970758286667,-121.984234995167,2,0,0
3bb5d6c4-17d0-4088-a616-11ce03dd3274,1480722758.308,85955.2,37.3970758338333,-121.984234997167,2,0,0
3bb5d6c4-17d0-4088-a616-11ce03dd3274,1480722758.502,85955.4,37.3970758426667,-121.984234995667,2,0,0
3bb5d6c4-17d0-4088-a616-11ce03dd3274,1480722758.705,85955.6,37.397075843,-121.984234987333,2,0,0
3bb5d6c4-17d0-4088-a616-11ce03dd3274,1480722758.901,85955.8,37.3970758313333,-121.984234976333,2,0,0
3bb5d6c4-17d0-4088-a616-11ce03dd3274,1480722759.102,85956,37.3970758391667,-121.984234975,2,0,0
3bb5d6c4-17d0-4088-a616-11ce03dd3274,1480722759.304,85956.2,37.397075838,-121.984234972167,2,0,0
3bb5d6c4-17d0-4088-a616-11ce03dd3274,1480722759.503,85956.4,37.397075836,-121.984234965,2,0,0
3bb5d6c4-17d0-4088-a616-11ce03dd3274,1480722759.703,85956.6,37.397075827,-121.984234951333,2,0,0
3bb5d6c4-17d0-4088-a616-11ce03dd3274,1480722759.908,85956.8,37.3970758351667,-121.984234953,2,0,0
3bb5d6c4-17d0-4088-a616-11ce03dd3274,1480722760.103,85957,37.3970758203333,-121.9842349385,2,0,0
3bb5d6c4-17d0-4088-a616-11ce03dd3274,1480722760.31,85957.2,37.3970758055,-121.984234922333,2,0,0
3bb5d6c4-17d0-4088-a616-11ce03dd3274,1480722760.501,85957.4,37.3970758,-121.984234911333,2,0,0
3bb5d6c4-17d0-4088-a616-11ce03dd3274,1480722760.706,85957.6,37.3970757953333,-121.984234903167,2,0,0
3bb5d6c4-17d0-4088-a616-11ce03dd3274,1480722760.9,85957.8,37.3970758038333,-121.984234902167,2,0,0
3bb5d6c4-17d0-4088-a616-11ce03dd3274,1480722761.101,85958,37.3970757858333,-121.9842348855,2,0,0
3bb5d6c4-17d0-4088-a616-11ce03dd3274,1480722761.303,85958.2,37.3970757861667,-121.984234873833,2,0,0
3bb5d6c4-17d0-4088-a616-11ce03dd3274,1480722761.507,85958.4,37.3970757718333,-121.9842348595,2,0,0
3bb5d6c4-17d0-4088-a616-11ce03dd3274,1480722761.709,85958.6,37.3970757811667,-121.984234866333,2,0,0
3bb5d6c4-17d0-4088-a616-11ce03dd3274,1480722761.904,85958.8,37.3970757991667,-121.984234871667,2,0,0
3bb5d6c4-17d0-4088-a616-11ce03dd3274,1480722762.111,85959,37.3970757968333,-121.984234872333,2,0,0
3bb5d6c4-17d0-4088-a616-11ce03dd3274,1480722762.302,85959.2,37.3970758018333,-121.984234863333,2,0,0
3bb5d6c4-17d0-4088-a616-11ce03dd3274,1480722762.51,85959.4,37.3970758051667,-121.984234869333,2,0,0
3bb5d6c4-17d0-4088-a616-11ce03dd3274,1480722762.701,85959.6,37.3970758233333,-121.9842348745,2,0,0
3bb5d6c4-17d0-4088-a616-11ce03dd3274,1480722762.907,85959.8,37.3970758416667,-121.984234882167,2,0,0
3bb5d6c4-17d0-4088-a616-11ce03dd3274,1480722763.104,85960,37.3970758558333,-121.984234895167,2,0,0
3bb5d6c4-17d0-4088-a616-11ce03dd3274,1480722763.303,85960.2,37.3970758561667,-121.984234893333,2,0,0
3bb5d6c4-17d0-4088-a616-11ce03dd3274,1480722763.507,85960.4,37.3970758753333,-121.984234894333,2,0,0
3bb5d6c4-17d0-4088-a616-11ce03dd3274,1480722763.708,85960.6,37.3970758726667,-121.984234892833,2,0,0
3bb5d6c4-17d0-4088-a616-11ce03dd3274,1480722763.902,85960.8,37.3970758851667,-121.984234891,2,0,0
3bb5d6c4-17d0-4088-a616-11ce03dd3274,1480722764.11,85961,37.3970758891667,-121.984234896333,2,0,0
3bb5d6c4-17d0-4088-a616-11ce03dd3274,1480722764.302,85961.2,37.3970758861667,-121.984234892,2,0,0
3bb5d6c4-17d0-4088-a616-11ce03dd3274,1480722764.507,85961.4,37.3970758886667,-121.984234890667,2,0,0
3bb5d6c4-17d0-4088-a616-11ce03dd3274,1480722764.701,85961.6,37.3970758786667,-121.9842348815,2,0,0
3bb5d6c4-17d0-4088-a616-11ce03dd3274,1480722764.905,85961.8,37.3970758795,-121.984234887,2,0,0
3bb5d6c4-17d0-4088-a616-11ce03dd3274,1480722765.105,85962,37.3970758726667,-121.984234892667,2,0,0
3bb5d6c4-17d0-4088-a616-11ce03dd3274,1480722765.303,85962.2,37.3970758463333,-121.9842348815,2,0,0
3bb5d6c4-17d0-4088-a616-11ce03dd3274,1480722765.504,85962.4,37.3970758415,-121.984234876833,2,0,0
3bb5d6c4-17d0-4088-a616-11ce03dd3274,1480722765.707,85962.6,37.397075828,-121.984234878167,2,0,0
3bb5d6c4-17d0-4088-a616-11ce03dd3274,1480722765.9,85962.8,37.3970758176667,-121.984234873,2,0,0
3bb5d6c4-17d0-4088-a616-11ce03dd3274,1480722766.103,85963,37.3970758155,-121.98423488,2,0,0
3bb5d6c4-17d0-4088-a616-11ce03dd3274,1480722766.309,85963.2,37.3970757896667,-121.984234872167,2,0,0
3bb5d6c4-17d0-4088-a616-11ce03dd3274,1480722766.501,85963.4,37.3970757943333,-121.984234867833,2,0,0
3bb5d6c4-17d0-4088-a616-11ce03dd3274,1480722766.703,85963.6,37.3970757861667,-121.984234867833,2,0,0
3bb5d6c4-17d0-4088-a616-11ce03dd3274,1480722766.909,85963.8,37.3970757698333,-121.984234867,2,0,0
3bb5d6c4-17d0-4088-a616-11ce03dd3274,1480722767.109,85964,37.3970757563333,-121.9842348545,2,0,0
3bb5d6c4-17d0-4088-a616-11ce03dd3274,1480722767.307,85964.2,37.3970757405,-121.984234842667,2,0,0
3bb5d6c4-17d0-4088-a616-11ce03dd3274,1480722767.507,85964.4,37.3970757365,-121.984234837167,2,0,0
3bb5d6c4-17d0-4088-a616-11ce03dd3274,1480722767.707,85964.6,37.3970757255,-121.984234834,2,0,0
3bb5d6c4-17d0-4088-a616-11ce03dd3274,1480722767.901,85964.8,37.3970757183333,-121.984234835333,2,0,0
3bb5d6c4-17d0-4088-a616-11ce03dd3274,1480722768.105,85965,37.397075707,-121.984234832833,2,0,0
3bb5d6c4-17d0-4088-a616-11ce03dd3274,1480722768.31,85965.2,37.3970757018333,-121.9842348315,2,0,0
3bb5d6c4-17d0-4088-a616-11ce03dd3274,1480722768.508,85965.4,37.3970757078333,-121.984234834167,2,0,0
3bb5d6c4-17d0-4088-a616-11ce03dd3274,1480722768.71,85965.6,37.397075723,-121.984234837,2,0,0
3bb5d6c4-17d0-4088-a616-11ce03dd3274,1480722768.906,85965.8,37.3970757236667,-121.9842348395,2,0,0
3bb5d6c4-17d0-4088-a616-11ce03dd3274,1480722769.108,85966,37.3970757406667,-121.9842348665,2,0,0
3bb5d6c4-17d0-4088-a616-11ce03dd3274,1480722769.308,85966.2,37.3970757311667,-121.984234870667,2,0,0
3bb5d6c4-17d0-4088-a616-11ce03dd3274,1480722769.51,85966.4,37.3970757466667,-121.984234893333,2,0,0
3bb5d6c4-17d0-4088-a616-11ce03dd3274,1480722769.704,85966.6,37.3970757493333,-121.984234898833,2,0,0
3bb5d6c4-17d0-4088-a616-11ce03dd3274,1480722769.91,85966.8,37.3970757446667,-121.98423489,2,0,0
3bb5d6c4-17d0-4088-a616-11ce03dd3274,1480722770.103,85967,37.3970757516667,-121.984234902667,2,0,0
3bb5d6c4-17d0-4088-a616-11ce03dd3274,1480722770.307,85967.2,37.3970757371667,-121.984234889833,2,0,0
3bb5d6c4-17d0-4088-a616-11ce03dd3274,1480722770.51,85967.4,37.3970757298333,-121.9842348885,2,0,0
3bb5d6c4-17d0-4088-a616-11ce03dd3274,1480722770.705,85967.6,37.3970757378333,-121.984234894,2,0,0
3bb5d6c4-17d0-4088-a616-11ce03dd3274,1480722770.909,85967.8,37.397075726,-121.984234896833,2,0,0
3bb5d6c4-17d0-4088-a616-11ce03dd3274,1480722771.11,85968,37.397075715,-121.984234881833,2,0,0
3bb5d6c4-17d0-4088-a616-11ce03dd3274,1480722771.306,85968.2,37.3970757016667,-121.984234878,2,0,0
3bb5d6c4-17d0-4088-a616-11ce03dd3274,1480722771.51,85968.4,37.397075694,-121.984234881667,2,0,0
3bb5d6c4-17d0-4088-a616-11ce03dd3274,1480722771.704,85968.6,37.3970756913333,-121.984234887333,2,0,0
3bb5d6c4-17d0-4088-a616-11ce03dd3274,1480722771.907,85968.8,37.3970756743333,-121.984234872167,2,0,0
3bb5d6c4-17d0-4088-a616-11ce03dd3274,1480722772.106,85969,37.3970756736667,-121.984234882167,2,0,0
3bb5d6c4-17d0-4088-a616-11ce03dd3274,1480722772.311,85969.2,37.3970756616667,-121.984234877667,2,0,0
3bb5d6c4-17d0-4088-a616-11ce03dd3274,1480722772.501,85969.4,37.3970756603333,-121.9842348795,2,0,0
3bb5d6c4-17d0-4088-a616-11ce03dd3274,1480722772.708,85969.6,37.397075654,-121.984234873,2,0,0
3bb5d6c4-17d0-4088-a616-11ce03dd3274,1480722772.903,85969.8,37.3970756528333,-121.984234872333,2,0,0
3bb5d6c4-17d0-4088-a616-11ce03dd3274,1480722773.106,85970,37.3970756553333,-121.984234869333,2,0,0
3bb5d6c4-17d0-4088-a616-11ce03dd3274,1480722773.304,85970.2,37.3970756503333,-121.984234860833,2,0,0
3bb5d6c4-17d0-4088-a616-11ce03dd3274,1480722773.5,85970.4,37.3970756393333,-121.984234847833,2,0,0
3bb5d6c4-17d0-4088-a616-11ce03dd3274,1480722773.71,85970.6,37.3970756625,-121.984234847833,2,0,0
3bb5d6c4-17d0-4088-a616-11ce03dd3274,1480722773.905,85970.8,37.3970756573333,-121.984234849833,2,0,0
3bb5d6c4-17d0-4088-a616-11ce03dd3274,1480722774.103,85971,37.3970756798333,-121.984234851167,2,0,0
3bb5d6c4-17d0-4088-a616-11ce03dd3274,1480722774.304,85971.2,37.397075686,-121.984234839167,2,0,0
3bb5d6c4-17d0-4088-a616-11ce03dd3274,1480722774.511,85971.4,37.3970756833333,-121.984234835667,2,0,0
3bb5d6c4-17d0-4088-a616-11ce03dd3274,1480722774.711,85971.6,37.3970756801667,-121.98423483,2,0,0
3bb5d6c4-17d0-4088-a616-11ce03dd3274,1480722774.9,85971.8,37.3970756983333,-121.98423483,2,0,0
3bb5d6c4-17d0-4088-a616-11ce03dd3274,1480722775.107,85972,37.3970756963333,-121.98423483,2,0,0
3bb5d6c4-17d0-4088-a616-11ce03dd3274,1480722775.308,85972.2,37.397075703,-121.984234823667,2,0,0
3bb5d6c4-17d0-4088-a616-11ce03dd3274,1480722775.503,85972.4,37.3970757016667,-121.984234818667,2,0,0
3bb5d6c4-17d0-4088-a616-11ce03dd3274,1480722775.705,85972.6,37.3970757026667,-121.984234808833,2,0,0
3bb5d6c4-17d0-4088-a616-11ce03dd3274,1480722775.902,85972.8,37.3970757058333,-121.9842348115,2,0,0
3bb5d6c4-17d0-4088-a616-11ce03dd3274,1480722776.104,85973,37.3970756958333,-121.984234797833,2,0,0
3bb5d6c4-17d0-4088-a616-11ce03dd3274,1480722776.311,85973.2,37.3970756865,-121.9842347885,2,0,0
3bb5d6c4-17d0-4088-a616-11ce03dd3274,1480722776.502,85973.4,37.3970756808333,-121.984234792333,2,0,0
3bb5d6c4-17d0-4088-a616-11ce03dd3274,1480722776.702,85973.6,37.3970756761667,-121.9842347715,2,0,0
3bb5d6c4-17d0-4088-a616-11ce03dd3274,1480722776.907,85973.8,37.39707567,-121.984234767833,2,0,0
3bb5d6c4-17d0-4088-a616-11ce03dd3274,1480722777.106,85974,37.3970756648333,-121.984234758333,2,0,0
3bb5d6c4-17d0-4088-a616-11ce03dd3274,1480722777.302,85974.2,37.3970756615,-121.984234749,2,0,0
3bb5d6c4-17d0-4088-a616-11ce03dd3274,1480722777.501,85974.4,37.397075648,-121.984234733,2,0,0
3bb5d6c4-17d0-4088-a616-11ce03dd3274,1480722777.702,85974.6,37.3970756616667,-121.984234729667,2,0,0
3bb5d6c4-17d0-4088-a616-11ce03dd3274,1480722777.911,85974.8,37.3970756648333,-121.984234731833,2,0,0
3bb5d6c4-17d0-4088-a616-11ce03dd3274,1480722778.105,85975,37.3970756633333,-121.984234725,2,0,0
3bb5d6c4-17d0-4088-a616-11ce03dd3274,1480722778.305,85975.2,37.397075647,-121.984234708833,2,0,0
3bb5d6c4-17d0-4088-a616-11ce03dd3274,1480722778.51,85975.4,37.3970756581667,-121.984234716333,2,0,0
3bb5d6c4-17d0-4088-a616-11ce03dd3274,1480722778.702,85975.6,37.3970756588333,-121.984234709667,2,0,0
3bb5d6c4-17d0-4088-a616-11ce03dd3274,1480722778.909,85975.8,37.3970756523333,-121.984234703833,2,0,0
3bb5d6c4-17d0-4088-a616-11ce03dd3274,1480722779.101,85976,37.3970756521667,-121.984234693,2,0,0
3bb5d6c4-17d0-4088-a616-11ce03dd3274,1480722779.31,85976.2,37.39707566,-121.984234694667,2,0,0
3bb5d6c4-17d0-4088-a616-11ce03dd3274,1480722779.51,85976.4,37.3970756551667,-121.984234690833,2,0,0
3bb5d6c4-17d0-4088-a616-11ce03dd3274,1480722779.704,85976.6,37.3970756611667,-121.984234688,2,0,0
3bb5d6c4-17d0-4088-a616-11ce03dd3274,1480722779.908,85976.8,37.3970756643333,-121.984234690167,2,0,0
3bb5d6c4-17d0-4088-a616-11ce03dd3274,1480722780.107,85977,37.3970756895,-121.9842346975,2,0,0
3bb5d6c4-17d0-4088-a616-11ce03dd3274,1480722780.309,85977.2,37.3970756876667,-121.984234697,2,0,0
3bb5d6c4-17d0-4088-a616-11ce03dd3274,1480722780.504,85977.4,37.3970756901667,-121.984234699167,2,0,0
3bb5d6c4-17d0-4088-a616-11ce03dd3274,1480722780.704,85977.6,37.397075699,-121.984234700833,2,0,0
3bb5d6c4-17d0-4088-a616-11ce03dd3274,1480722780.91,85977.8,37.3970756981667,-121.984234700667,2,0,0
3bb5d6c4-17d0-4088-a616-11ce03dd3274,1480722781.106,85978,37.3970756971667,-121.984234698667,2,0,0
3bb5d6c4-17d0-4088-a616-11ce03dd3274,1480722781.307,85978.2,37.3970756801667,-121.984234704167,2,0,0
3bb5d6c4-17d0-4088-a616-11ce03dd3274,1480722781.51,85978.4,37.3970756933333,-121.984234703667,2,0,0
3bb5d6c4-17d0-4088-a616-11ce03dd3274,1480722781.703,85978.6,37.3970757066667,-121.9842347195,2,0,0
3bb5d6c4-17d0-4088-a616-11ce03dd3274,1480722781.908,85978.8,37.3970757083333,-121.984234722,2,0,0
3bb5d6c4-17d0-4088-a616-11ce03dd3274,1480722782.103,85979,37.3970757155,-121.984234717667,2,0,0
3bb5d6c4-17d0-4088-a616-11ce03dd3274,1480722782.305,85979.2,37.397075714,-121.984234704833,2,0,0
3bb5d6c4-17d0-4088-a616-11ce03dd3274,1480722782.505,85979.4,37.3970757143333,-121.984234710833,2,0,0
3bb5d6c4-17d0-4088-a616-11ce03dd3274,1480722782.707,85979.6,37.3970757085,-121.984234708667,2,0,0
3bb5d6c4-17d0-4088-a616-11ce03dd3274,1480722782.901,85979.8,37.3970756928333,-121.9842346895,2,0,0
3bb5d6c4-17d0-4088-a616-11ce03dd3274,1480722783.1,85980,37.3970756781667,-121.984234677667,2,0,0
3bb5d6c4-17d0-4088-a616-11ce03dd3274,1480722783.302,85980.2,37.3970756723333,-121.984234677667,2,0,0
3bb5d6c4-17d0-4088-a616-11ce03dd3274,1480722783.506,85980.4,37.3970756625,-121.984234668667,2,0,0
3bb5d6c4-17d0-4088-a616-11ce03dd3274,1480722783.701,85980.6,37.3970756291667,-121.984234641167,2,0,0
3bb5d6c4-17d0-4088-a616-11ce03dd3274,1480722783.904,85980.8,37.3970756398333,-121.984234646667,2,0,0
3bb5d6c4-17d0-4088-a616-11ce03dd3274,1480722784.108,85981,37.3970756126667,-121.984234635167,2,0,0
3bb5d6c4-17d0-4088-a616-11ce03dd3274,1480722784.304,85981.2,37.3970756036667,-121.984234637,2,0,0
3bb5d6c4-17d0-4088-a616-11ce03dd3274,1480722784.507,85981.4,37.397075583,-121.984234615667,2,0,0
3bb5d6c4-17d0-4088-a616-11ce03dd3274,1480722784.709,85981.6,37.3970755726667,-121.984234612333,2,0,0
3bb5d6c4-17d0-4088-a616-11ce03dd3274,1480722784.904,85981.8,37.397075564,-121.984234602167,2,0,0
3bb5d6c4-17d0-4088-a616-11ce03dd3274,1480722785.107,85982,37.3970755538333,-121.984234583167,2,0,0
3bb5d6c4-17d0-4088-a616-11ce03dd3274,1480722785.299,85982.2,37.3970755391667,-121.984234569333,2,0,0
3bb5d6c4-17d0-4088-a616-11ce03dd3274,1480722785.501,85982.4,37.397075529,-121.984234557167,2,0,0
3bb5d6c4-17d0-4088-a616-11ce03dd3274,1480722785.707,85982.6,37.3970755038333,-121.984234548833,2,0,0
3bb5d6c4-17d0-4088-a616-11ce03dd3274,1480722785.909,85982.8,37.3970754923333,-121.984234540167,2,0,0
3bb5d6c4-17d0-4088-a616-11ce03dd3274,1480722786.105,85983,37.3970754865,-121.984234523,2,0,0
3bb5d6c4-17d0-4088-a616-11ce03dd3274,1480722786.307,85983.2,37.3970754878333,-121.984234507167,2,0,0
3bb5d6c4-17d0-4088-a616-11ce03dd3274,1480722786.501,85983.4,37.3970754576667,-121.984234500333,2,0,0
3bb5d6c4-17d0-4088-a616-11ce03dd3274,1480722786.702,85983.6,37.397075452,-121.984234485667,2,0,0
3bb5d6c4-17d0-4088-a616-11ce03dd3274,1480722786.905,85983.8,37.3970754536667,-121.9842344735,2,0,0
3bb5d6c4-17d0-4088-a616-11ce03dd3274,1480722787.101,85984,37.3970754378333,-121.9842344645,2,0,0
3bb5d6c4-17d0-4088-a616-11ce03dd3274,1480722787.305,85984.2,37.3970754376667,-121.984234457167,2,0,0
3bb5d6c4-17d0-4088-a616-11ce03dd3274,1480722787.499,85984.4,37.3970754455,-121.984234452333,2,0,0
3bb5d6c4-17d0-4088-a616-11ce03dd3274,1480722787.7,85984.6,37.3970754595,-121.984234448333,2,0,0
3bb5d6c4-17d0-4088-a616-11ce03dd3274,1480722787.905,85984.8,37.3970754591667,-121.984234447667,2,0,0
3bb5d6c4-17d0-4088-a616-11ce03dd3274,1480722788.107,85985,37.397075449,-121.984234441333,2,0,0
3bb5d6c4-17d0-4088-a616-11ce03dd3274,1480722788.307,85985.2,37.3970754648333,-121.984234447,2,0,0
3bb5d6c4-17d0-4088-a616-11ce03dd3274,1480722788.499,85985.4,37.3970754693333,-121.984234444333,2,0,0
3bb5d6c4-17d0-4088-a616-11ce03dd3274,1480722788.705,85985.6,37.3970754843333,-121.984234450667,2,0,0
3bb5d6c4-17d0-4088-a616-11ce03dd3274,1480722788.901,85985.8,37.3970754828333,-121.984234458,2,0,0
3bb5d6c4-17d0-4088-a616-11ce03dd3274,1480722789.104,85986,37.3970754888333,-121.984234455667,2,0,0
3bb5d6c4-17d0-4088-a616-11ce03dd3274,1480722789.299,85986.2,37.3970755095,-121.984234473,2,0,0
3bb5d6c4-17d0-4088-a616-11ce03dd3274,1480722789.502,85986.4,37.3970755095,-121.9842344785,2,0,0
3bb5d6c4-17d0-4088-a616-11ce03dd3274,1480722789.705,85986.6,37.3970755198333,-121.984234476833,2,0,0
3bb5d6c4-17d0-4088-a616-11ce03dd3274,1480722789.902,85986.8,37.3970755221667,-121.984234483,2,0,0
3bb5d6c4-17d0-4088-a616-11ce03dd3274,1480722790.104,85987,37.3970755283333,-121.984234488333,2,0,0
3bb5d6c4-17d0-4088-a616-11ce03dd3274,1480722790.308,85987.2,37.3970755415,-121.9842345045,2,0,0
3bb5d6c4-17d0-4088-a616-11ce03dd3274,1480722790.5,85987.4,37.3970755521667,-121.984234505167,2,0,0
3bb5d6c4-17d0-4088-a616-11ce03dd3274,1480722790.701,85987.6,37.397075565,-121.984234517667,2,0,0
3bb5d6c4-17d0-4088-a616-11ce03dd3274,1480722790.904,85987.8,37.3970755693333,-121.984234517167,2,0,0
3bb5d6c4-17d0-4088-a616-11ce03dd3274,1480722791.105,85988,37.3970755716667,-121.9842345245,2,0,0
3bb5d6c4-17d0-4088-a616-11ce03dd3274,1480722791.302,85988.2,37.3970755881667,-121.984234528333,2,0,0
3bb5d6c4-17d0-4088-a616-11ce03dd3274,1480722791.51,85988.4,37.3970755778333,-121.9842345125,2,0,0
3bb5d6c4-17d0-4088-a616-11ce03dd3274,1480722791.701,85988.6,37.397075579,-121.984234517,2,0,0
3bb5d6c4-17d0-4088-a616-11ce03dd3274,1480722791.906,85988.8,37.39707559,-121.984234526,2,0,0
3bb5d6c4-17d0-4088-a616-11ce03dd3274,1480722792.1,85989,37.3970755821667,-121.984234508333,2,0,0
3bb5d6c4-17d0-4088-a616-11ce03dd3274,1480722792.3,85989.2,37.3970755888333,-121.9842345275,2,0,0
3bb5d6c4-17d0-4088-a616-11ce03dd3274,1480722792.506,85989.4,37.3970755868333,-121.984234517667,2,0,0
3bb5d6c4-17d0-4088-a616-11ce03dd3274,1480722792.706,85989.6,37.3970755885,-121.984234524167,2,0,0
3bb5d6c4-17d0-4088-a616-11ce03dd3274,1480722792.902,85989.8,37.397075586,-121.984234528667,2,0,0
3bb5d6c4-17d0-4088-a616-11ce03dd3274,1480722793.109,85990,37.397075572,-121.984234517333,2,0,0
3bb5d6c4-17d0-4088-a616-11ce03dd3274,1480722793.31,85990.2,37.3970755581667,-121.984234513,2,0,0
3bb5d6c4-17d0-4088-a616-11ce03dd3274,1480722793.504,85990.4,37.3970755571667,-121.984234502333,2,0,0
3bb5d6c4-17d0-4088-a616-11ce03dd3274,1480722793.705,85990.6,37.3970755548333,-121.98423451,2,0,0
3bb5d6c4-17d0-4088-a616-11ce03dd3274,1480722793.899,85990.8,37.3970755463333,-121.984234504167,2,0,0
3bb5d6c4-17d0-4088-a616-11ce03dd3274,1480722794.105,85991,37.3970755483333,-121.984234512,2,0,0
3bb5d6c4-17d0-4088-a616-11ce03dd3274,1480722794.308,85991.2,37.3970755331667,-121.984234491833,2,0,0
3bb5d6c4-17d0-4088-a616-11ce03dd3274,1480722794.501,85991.4,37.3970755203333,-121.984234490833,2,0,0
3bb5d6c4-17d0-4088-a616-11ce03dd3274,1480722794.703,85991.6,37.3970755218333,-121.984234489167,2,0,0
3bb5d6c4-17d0-4088-a616-11ce03dd3274,1480722794.905,85991.8,37.3970755085,-121.984234476167,2,0,0
3bb5d6c4-17d0-4088-a616-11ce03dd3274,1480722795.101,85992,37.3970755275,-121.984234477333,2,0,0
3bb5d6c4-17d0-4088-a616-11ce03dd3274,1480722795.3,85992.2,37.3970755173333,-121.984234471667,2,0,0
3bb5d6c4-17d0-4088-a616-11ce03dd3274,1480722795.507,85992.4,37.3970755231667,-121.984234472333,2,0,0
3bb5d6c4-17d0-4088-a616-11ce03dd3274,1480722795.702,85992.6,37.3970755168333,-121.984234459833,2,0,0
3bb5d6c4-17d0-4088-a616-11ce03dd3274,1480722795.908,85992.8,37.3970755318333,-121.9842344645,2,0,0
3bb5d6c4-17d0-4088-a616-11ce03dd3274,1480722796.1,85993,37.3970755281667,-121.984234455833,2,0,0
3bb5d6c4-17d0-4088-a616-11ce03dd3274,1480722796.31,85993.2,37.3970755166667,-121.984234444333,2,0,0
3bb5d6c4-17d0-4088-a616-11ce03dd3274,1480722796.502,85993.4,37.3970755205,-121.984234443667,2,0,0
3bb5d6c4-17d0-4088-a616-11ce03dd3274,1480722796.704,85993.6,37.3970755383333,-121.984234443667,2,0,0
3bb5d6c4-17d0-4088-a616-11ce03dd3274,1480722796.899,85993.8,37.3970755216667,-121.9842344415,2,0,0
3bb5d6c4-17d0-4088-a616-11ce03dd3274,1480722797.107,85994,37.3970755078333,-121.984234440333,2,0,0
3bb5d6c4-17d0-4088-a616-11ce03dd3274,1480722797.305,85994.2,37.3970755141667,-121.98423443,2,0,0
3bb5d6c4-17d0-4088-a616-11ce03dd3274,1480722797.509,85994.4,37.3970755175,-121.984234426167,2,0,0
3bb5d6c4-17d0-4088-a616-11ce03dd3274,1480722797.706,85994.6,37.397075525,-121.984234421667,2,0,0
3bb5d6c4-17d0-4088-a616-11ce03dd3274,1480722797.901,85994.8,37.3970755251667,-121.9842344215,2,0,0
3bb5d6c4-17d0-4088-a616-11ce03dd3274,1480722798.1,85995,37.3970755298333,-121.984234423333,2,0,0
3bb5d6c4-17d0-4088-a616-11ce03dd3274,1480722798.301,85995.2,37.3970755401667,-121.9842344265,2,0,0
3bb5d6c4-17d0-4088-a616-11ce03dd3274,1480722798.503,85995.4,37.3970755508333,-121.9842344195,2,0,0
3bb5d6c4-17d0-4088-a616-11ce03dd3274,1480722798.707,85995.6,37.3970755591667,-121.984234421167,2,0,0
3bb5d6c4-17d0-4088-a616-11ce03dd3274,1480722798.9,85995.8,37.3970755655,-121.984234422167,2,0,0
3bb5d6c4-17d0-4088-a616-11ce03dd3274,1480722799.108,85996,37.3970755701667,-121.984234420167,2,0,0
3bb5d6c4-17d0-4088-a616-11ce03dd3274,1480722799.301,85996.2,37.3970755736667,-121.984234423667,2,0,0
3bb5d6c4-17d0-4088-a616-11ce03dd3274,1480722799.502,85996.4,37.3970755815,-121.984234422,2,0,0
3bb5d6c4-17d0-4088-a616-11ce03dd3274,1480722799.699,85996.6,37.397075583,-121.984234429,2,0,0
3bb5d6c4-17d0-4088-a616-11ce03dd3274,1480722799.904,85996.8,37.3970756026667,-121.984234440833,2,0,0
3bb5d6c4-17d0-4088-a616-11ce03dd3274,1480722800.103,85997,37.3970756093333,-121.984234443,2,0,0
3bb5d6c4-17d0-4088-a616-11ce03dd3274,1480722800.307,85997.2,37.3970756166667,-121.984234448667,2,0,0
3bb5d6c4-17d0-4088-a616-11ce03dd3274,1480722800.499,85997.4,37.3970756288333,-121.984234457167,2,0,0
3bb5d6c4-17d0-4088-a616-11ce03dd3274,1480722800.706,85997.6,37.397075635,-121.984234464,2,0,0
3bb5d6c4-17d0-4088-a616-11ce03dd3274,1480722800.9,85997.8,37.3970756276667,-121.9842344695,2,0,0
3bb5d6c4-17d0-4088-a616-11ce03dd3274,1480722801.099,85998,37.3970756356667,-121.984234471667,2,0,0
3bb5d6c4-17d0-4088-a616-11ce03dd3274,1480722801.303,85998.2,37.3970756176667,-121.984234476167,2,0,0
3bb5d6c4-17d0-4088-a616-11ce03dd3274,1480722801.508,85998.4,37.397075619,-121.984234484667,2,0,0
3bb5d6c4-17d0-4088-a616-11ce03dd3274,1480722801.71,85998.6,37.3970755981667,-121.984234471833,2,0,0
3bb5d6c4-17d0-4088-a616-11ce03dd3274,1480722801.901,85998.8,37.3970755941667,-121.984234476667,2,0,0
3bb5d6c4-17d0-4088-a616-11ce03dd3274,1480722802.109,85999,37.3970755826667,-121.984234474167,2,0,0
3bb5d6c4-17d0-4088-a616-11ce03dd3274,1480722802.301,85999.2,37.3970755748333,-121.9842344825,2,0,0
3bb5d6c4-17d0-4088-a616-11ce03dd3274,1480722802.508,85999.4,37.397075562,-121.984234474,2,0,0
3bb5d6c4-17d0-4088-a616-11ce03dd3274,1480722802.702,85999.6,37.3970755541667,-121.9842344725,2,0,0
3bb5d6c4-17d0-4088-a616-11ce03dd3274,1480722802.908,85999.8,37.3970755436667,-121.984234475,2,0,0
3bb5d6c4-17d0-4088-a616-11ce03dd3274,1480722803.106,86000,37.3970755375,-121.9842344665,2,0,0
3bb5d6c4-17d0-4088-a616-11ce03dd3274,1480722803.304,86000.2,37.3970755363333,-121.984234474167,2,0,0
3bb5d6c4-17d0-4088-a616-11ce03dd3274,1480722803.5,86000.4,37.3970755271667,-121.984234477167,2,0,0
3bb5d6c4-17d0-4088-a616-11ce03dd3274,1480722803.701,86000.6,37.3970755293333,-121.984234469333,2,0,0
3bb5d6c4-17d0-4088-a616-11ce03dd3274,1480722803.907,86000.8,37.3970755403333,-121.984234474333,2,0,0
3bb5d6c4-17d0-4088-a616-11ce03dd3274,1480722804.104,86001,37.3970755278333,-121.9842344735,2,0,0
3bb5d6c4-17d0-4088-a616-11ce03dd3274,1480722804.304,86001.2,37.3970755296667,-121.984234465167,2,0,0
3bb5d6c4-17d0-4088-a616-11ce03dd3274,1480722804.504,86001.4,37.3970755336667,-121.984234479167,2,0,0
3bb5d6c4-17d0-4088-a616-11ce03dd3274,1480722804.702,86001.6,37.3970755326667,-121.984234468833,2,0,0
3bb5d6c4-17d0-4088-a616-11ce03dd3274,1480722804.906,86001.8,37.3970755271667,-121.984234470833,2,0,0
3bb5d6c4-17d0-4088-a616-11ce03dd3274,1480722805.107,86002,37.3970755228333,-121.984234471,2,0,0
3bb5d6c4-17d0-4088-a616-11ce03dd3274,1480722805.303,86002.2,37.3970755145,-121.984234478167,2,0,0
3bb5d6c4-17d0-4088-a616-11ce03dd3274,1480722805.506,86002.4,37.397075522,-121.9842344745,2,0,0
3bb5d6c4-17d0-4088-a616-11ce03dd3274,1480722805.702,86002.6,37.3970754935,-121.9842344665,2,0,0
3bb5d6c4-17d0-4088-a616-11ce03dd3274,1480722805.906,86002.8,37.39707549,-121.984234466167,2,0,0
3bb5d6c4-17d0-4088-a616-11ce03dd3274,1480722806.109,86003,37.3970754918333,-121.984234474333,2,0,0
3bb5d6c4-17d0-4088-a616-11ce03dd3274,1480722806.3,86003.2,37.3970754858333,-121.984234457333,2,0,0
3bb5d6c4-17d0-4088-a616-11ce03dd3274,1480722806.501,86003.4,37.3970754883333,-121.984234468667,2,0,0
3bb5d6c4-17d0-4088-a616-11ce03dd3274,1480722806.703,86003.6,37.3970754826667,-121.984234462167,2,0,0
3bb5d6c4-17d0-4088-a616-11ce03dd3274,1480722806.901,86003.8,37.3970754976667,-121.984234466167,2,0,0
3bb5d6c4-17d0-4088-a616-11ce03dd3274,1480722807.102,86004,37.397075514,-121.984234474667,2,0,0
3bb5d6c4-17d0-4088-a616-11ce03dd3274,1480722807.305,86004.2,37.3970755286667,-121.984234486333,2,0,0
3bb5d6c4-17d0-4088-a616-11ce03dd3274,1480722807.504,86004.4,37.397075556,-121.984234505,2,0,0
3bb5d6c4-17d0-4088-a616-11ce03dd3274,1480722807.71,86004.6,37.3970755935,-121.984234519833,2,0,0
3bb5d6c4-17d0-4088-a616-11ce03dd3274,1480722807.905,86004.8,37.3970756016667,-121.9842345255,2,0,0
3bb5d6c4-17d0-4088-a616-11ce03dd3274,1480722808.108,86005,37.3970756233333,-121.984234544333,2,0,0
3bb5d6c4-17d0-4088-a616-11ce03dd3274,1480722808.308,86005.2,37.3970756316667,-121.984234549833,2,0,0
3bb5d6c4-17d0-4088-a616-11ce03dd3274,1480722808.498,86005.4,37.3970756508333,-121.9842345625,2,0,0
3bb5d6c4-17d0-4088-a616-11ce03dd3274,1480722808.701,86005.6,37.3970756796667,-121.9842345685,2,0,0
3bb5d6c4-17d0-4088-a616-11ce03dd3274,1480722808.908,86005.8,37.3970757068333,-121.984234580333,2,0,0
3bb5d6c4-17d0-4088-a616-11ce03dd3274,1480722809.105,86006,37.3970757278333,-121.984234586,2,0,0
3bb5d6c4-17d0-4088-a616-11ce03dd3274,1480722809.306,86006.2,37.3970757628333,-121.9842345965,2,0,0
3bb5d6c4-17d0-4088-a616-11ce03dd3274,1480722809.501,86006.4,37.3970757998333,-121.984234630833,2,0,0
3bb5d6c4-17d0-4088-a616-11ce03dd3274,1480722809.706,86006.6,37.3970758508333,-121.984234665833,2,0,0
3bb5d6c4-17d0-4088-a616-11ce03dd3274,1480722809.908,86006.8,37.3970758891667,-121.984234691,2,0,0
3bb5d6c4-17d0-4088-a616-11ce03dd3274,1480722810.104,86007,37.3970759243333,-121.984234711833,2,0,0
3bb5d6c4-17d0-4088-a616-11ce03dd3274,1480722810.307,86007.2,37.3970759571667,-121.984234727833,2,0,0
3bb5d6c4-17d0-4088-a616-11ce03dd3274,1480722810.498,86007.4,37.3970759863333,-121.984234751167,2,0,0
3bb5d6c4-17d0-4088-a616-11ce03dd3274,1480722810.7,86007.6,37.3970760078333,-121.984234777167,2,0,0
3bb5d6c4-17d0-4088-a616-11ce03dd3274,1480722810.906,86007.8,37.39707604,-121.984234786833,2,0,0
3bb5d6c4-17d0-4088-a616-11ce03dd3274,1480722811.099,86008,37.3970760625,-121.984234805,2,0,0
3bb5d6c4-17d0-4088-a616-11ce03dd3274,1480722811.305,86008.2,37.397076083,-121.984234815667,2,0,0
3bb5d6c4-17d0-4088-a616-11ce03dd3274,1480722811.503,86008.4,37.3970761086667,-121.984234839,2,0,0
3bb5d6c4-17d0-4088-a616-11ce03dd3274,1480722811.709,86008.6,37.3970761413333,-121.984234863833,2,0,0
3bb5d6c4-17d0-4088-a616-11ce03dd3274,1480722811.904,86008.8,37.3970761811667,-121.984234893833,2,0,0
3bb5d6c4-17d0-4088-a616-11ce03dd3274,1480722812.105,86009,37.3970762076667,-121.984234920667,2,0,0
3bb5d6c4-17d0-4088-a616-11ce03dd3274,1480722812.31,86009.2,37.3970762371667,-121.9842349425,2,0,0
3bb5d6c4-17d0-4088-a616-11ce03dd3274,1480722812.503,86009.4,37.3970762466667,-121.984234961,2,0,0
3bb5d6c4-17d0-4088-a616-11ce03dd3274,1480722812.706,86009.6,37.3970762723333,-121.9842349665,2,0,0
3bb5d6c4-17d0-4088-a616-11ce03dd3274,1480722812.902,86009.8,37.3970762858333,-121.984234988,2,0,0
3bb5d6c4-17d0-4088-a616-11ce03dd3274,1480722813.106,86010,37.3970762968333,-121.984235004333,2,0,0
3bb5d6c4-17d0-4088-a616-11ce03dd3274,1480722813.303,86010.2,37.3970763023333,-121.984235025833,2,0,0
3bb5d6c4-17d0-4088-a616-11ce03dd3274,1480722813.502,86010.4,37.397076331,-121.984235053,2,0,0
3bb5d6c4-17d0-4088-a616-11ce03dd3274,1480722813.707,86010.6,37.39707637,-121.984235087667,2,0,0
3bb5d6c4-17d0-4088-a616-11ce03dd3274,1480722813.903,86010.8,37.3970763866667,-121.984235112667,2,0,0
3bb5d6c4-17d0-4088-a616-11ce03dd3274,1480722814.099,86011,37.3970764265,-121.984235149833,2,0,0
3bb5d6c4-17d0-4088-a616-11ce03dd3274,1480722814.303,86011.2,37.3970764613333,-121.9842351915,2,0,0
3bb5d6c4-17d0-4088-a616-11ce03dd3274,1480722814.506,86011.4,37.3970765098333,-121.984235232,2,0,0
3bb5d6c4-17d0-4088-a616-11ce03dd3274,1480722814.701,86011.6,37.3970765693333,-121.984235297833,2,0,0
3bb5d6c4-17d0-4088-a616-11ce03dd3274,1480722814.908,86011.8,37.397076626,-121.984235343333,2,0,0
3bb5d6c4-17d0-4088-a616-11ce03dd3274,1480722815.103,86012,37.397076675,-121.984235392333,2,0,0
3bb5d6c4-17d0-4088-a616-11ce03dd3274,1480722815.304,86012.2,37.397076749,-121.98423545,2,0,0
3bb5d6c4-17d0-4088-a616-11ce03dd3274,1480722815.504,86012.4,37.3970767863333,-121.984235495167,2,0,0
3bb5d6c4-17d0-4088-a616-11ce03dd3274,1480722815.703,86012.6,37.3970768361667,-121.9842355425,2,0,0
3bb5d6c4-17d0-4088-a616-11ce03dd3274,1480722815.905,86012.8,37.3970768686667,-121.984235580833,2,0,0
3bb5d6c4-17d0-4088-a616-11ce03dd3274,1480722816.1,86013,37.3970769403333,-121.9842356405,2,0,0
3bb5d6c4-17d0-4088-a616-11ce03dd3274,1480722816.304,86013.2,37.397076997,-121.984235693,2,0,0
3bb5d6c4-17d0-4088-a616-11ce03dd3274,1480722816.509,86013.4,37.3970770703333,-121.984235762667,2,0,0
3bb5d6c4-17d0-4088-a616-11ce03dd3274,1480722816.702,86013.6,37.3970771486667,-121.984235821,2,0,0
3bb5d6c4-17d0-4088-a616-11ce03dd3274,1480722816.905,86013.8,37.3970772105,-121.9842358945,2,0,0
3bb5d6c4-17d0-4088-a616-11ce03dd3274,1480722817.101,86014,37.397077287,-121.984235968667,2,0,0
3bb5d6c4-17d0-4088-a616-11ce03dd3274,1480722817.308,86014.2,37.3970773656667,-121.984236037833,2,0,0
3bb5d6c4-17d0-4088-a616-11ce03dd3274,1480722817.501,86014.4,37.397077419,-121.984236087167,2,0,0
3bb5d6c4-17d0-4088-a616-11ce03dd3274,1480722817.702,86014.6,37.3970774751667,-121.984236128333,2,0,0
3bb5d6c4-17d0-4088-a616-11ce03dd3274,1480722817.906,86014.8,37.3970775006667,-121.984236160833,2,0,0
3bb5d6c4-17d0-4088-a616-11ce03dd3274,1480722818.109,86015,37.3970775461667,-121.984236201667,2,0,0
3bb5d6c4-17d0-4088-a616-11ce03dd3274,1480722818.307,86015.2,37.3970776021667,-121.984236250167,2,0,0
3bb5d6c4-17d0-4088-a616-11ce03dd3274,1480722818.509,86015.4,37.3970776451667,-121.984236297333,2,0,0
3bb5d6c4-17d0-4088-a616-11ce03dd3274,1480722818.706,86015.6,37.3970777,-121.984236332667,2,0,0
3bb5d6c4-17d0-4088-a616-11ce03dd3274,1480722818.901,86015.8,37.3970777658333,-121.984236399,2,0,0
3bb5d6c4-17d0-4088-a616-11ce03dd3274,1480722819.103,86016,37.397077805,-121.98423645,2,0,0
3bb5d6c4-17d0-4088-a616-11ce03dd3274,1480722819.307,86016.2,37.3970778745,-121.9842365045,2,0,0
3bb5d6c4-17d0-4088-a616-11ce03dd3274,1480722819.498,86016.4,37.397077924,-121.984236551167,2,0,0
3bb5d6c4-17d0-4088-a616-11ce03dd3274,1480722819.7,86016.6,37.39707798,-121.9842366035,2,0,0
3bb5d6c4-17d0-4088-a616-11ce03dd3274,1480722819.906,86016.8,37.3970780301667,-121.984236655,2,0,0
3bb5d6c4-17d0-4088-a616-11ce03dd3274,1480722820.102,86017,37.3970780808333,-121.984236696,2,0,0
3bb5d6c4-17d0-4088-a616-11ce03dd3274,1480722820.307,86017.2,37.3970781358333,-121.984236750667,2,0,0
3bb5d6c4-17d0-4088-a616-11ce03dd3274,1480722820.5,86017.4,37.3970781835,-121.9842367905,2,0,0
3bb5d6c4-17d0-4088-a616-11ce03dd3274,1480722820.706,86017.6,37.39707823,-121.9842368425,2,0,0
3bb5d6c4-17d0-4088-a616-11ce03dd3274,1480722820.901,86017.8,37.3970783001667,-121.984236888333,2,0,0
3bb5d6c4-17d0-4088-a616-11ce03dd3274,1480722821.104,86018,37.3970783441667,-121.984236932833,2,0,0
3bb5d6c4-17d0-4088-a616-11ce03dd3274,1480722821.305,86018.2,37.3970783925,-121.984236979,2,0,0
3bb5d6c4-17d0-4088-a616-11ce03dd3274,1480722821.506,86018.4,37.3970784363333,-121.984237016833,2,0,0
3bb5d6c4-17d0-4088-a616-11ce03dd3274,1480722821.704,86018.6,37.3970784775,-121.984237056333,2,0,0
3bb5d6c4-17d0-4088-a616-11ce03dd3274,1480722821.9,86018.8,37.3970785248333,-121.984237099167,2,0,0
3bb5d6c4-17d0-4088-a616-11ce03dd3274,1480722822.105,86019,37.397078574,-121.984237133833,2,0,0
3bb5d6c4-17d0-4088-a616-11ce03dd3274,1480722822.308,86019.2,37.3970786073333,-121.984237186667,2,0,0
3bb5d6c4-17d0-4088-a616-11ce03dd3274,1480722822.503,86019.4,37.3970786553333,-121.984237215,2,0,0
3bb5d6c4-17d0-4088-a616-11ce03dd3274,1480722822.701,86019.6,37.3970787,-121.984237273,2,0,0
3bb5d6c4-17d0-4088-a616-11ce03dd3274,1480722822.903,86019.8,37.3970787391667,-121.984237318833,2,0,0
3bb5d6c4-17d0-4088-a616-11ce03dd3274,1480722823.099,86020,37.3970787911667,-121.984237356833,2,0,0
3bb5d6c4-17d0-4088-a616-11ce03dd3274,1480722823.308,86020.2,37.3970788245,-121.984237388,2,0,0
3bb5d6c4-17d0-4088-a616-11ce03dd3274,1480722823.504,86020.4,37.3970788695,-121.9842374155,2,0,0
3bb5d6c4-17d0-4088-a616-11ce03dd3274,1480722823.706,86020.6,37.397078905,-121.984237445333,2,0,0
3bb5d6c4-17d0-4088-a616-11ce03dd3274,1480722823.901,86020.8,37.3970789406667,-121.984237484167,2,0,0
3bb5d6c4-17d0-4088-a616-11ce03dd3274,1480722824.107,86021,37.3970789748333,-121.984237521333,2,0,0
3bb5d6c4-17d0-4088-a616-11ce03dd3274,1480722824.303,86021.2,37.3970790143333,-121.984237557167,2,0,0
3bb5d6c4-17d0-4088-a616-11ce03dd3274,1480722824.508,86021.4,37.3970790381667,-121.9842375795,2,0,0
3bb5d6c4-17d0-4088-a616-11ce03dd3274,1480722824.699,86021.6,37.3970790733333,-121.984237623,2,0,0
3bb5d6c4-17d0-4088-a616-11ce03dd3274,1480722824.908,86021.8,37.3970790806667,-121.984237648333,2,0,0
3bb5d6c4-17d0-4088-a616-11ce03dd3274,1480722825.108,86022,37.3970791046667,-121.9842376745,2,0,0
3bb5d6c4-17d0-4088-a616-11ce03dd3274,1480722825.3,86022.2,37.397079112,-121.984237708833,2,0,0
3bb5d6c4-17d0-4088-a616-11ce03dd3274,1480722825.505,86022.4,37.3970791175,-121.984237721167,2,0,0
3bb5d6c4-17d0-4088-a616-11ce03dd3274,1480722825.707,86022.6,37.3970791261667,-121.984237738167,2,0,0
3bb5d6c4-17d0-4088-a616-11ce03dd3274,1480722825.901,86022.8,37.3970791278333,-121.984237748167,2,0,0
3bb5d6c4-17d0-4088-a616-11ce03dd3274,1480722826.102,86023,37.3970791231667,-121.984237764333,2,0,0
3bb5d6c4-17d0-4088-a616-11ce03dd3274,1480722826.309,86023.2,37.397079146,-121.984237778333,2,0,0
3bb5d6c4-17d0-4088-a616-11ce03dd3274,1480722826.504,86023.4,37.3970791461667,-121.984237787,2,0,0
3bb5d6c4-17d0-4088-a616-11ce03dd3274,1480722826.707,86023.6,37.3970791596667,-121.9842378075,2,0,0
3bb5d6c4-17d0-4088-a616-11ce03dd3274,1480722826.907,86023.8,37.3970791641667,-121.984237815,2,0,0
3bb5d6c4-17d0-4088-a616-11ce03dd3274,1480722827.102,86024,37.3970791808333,-121.984237837167,2,0,0
3bb5d6c4-17d0-4088-a616-11ce03dd3274,1480722827.305,86024.2,37.3970791983333,-121.984237851333,2,0,0
3bb5d6c4-17d0-4088-a616-11ce03dd3274,1480722827.506,86024.4,37.3970792185,-121.984237862,2,0,0
3bb5d6c4-17d0-4088-a616-11ce03dd3274,1480722827.701,86024.6,37.397079232,-121.984237878,2,0,0
3bb5d6c4-17d0-4088-a616-11ce03dd3274,1480722827.904,86024.8,37.3970792291667,-121.984237902833,2,0,0
3bb5d6c4-17d0-4088-a616-11ce03dd3274,1480722828.1,86025,37.3970792408333,-121.984237906167,2,0,0
3bb5d6c4-17d0-4088-a616-11ce03dd3274,1480722828.302,86025.2,37.397079243,-121.984237924333,2,0,0
3bb5d6c4-17d0-4088-a616-11ce03dd3274,1480722828.504,86025.4,37.3970792578333,-121.984237940167,2,0,0
3bb5d6c4-17d0-4088-a616-11ce03dd3274,1480722828.708,86025.6,37.3970792798333,-121.9842379655,2,0,0
3bb5d6c4-17d0-4088-a616-11ce03dd3274,1480722828.9,86025.8,37.3970792781667,-121.984237981,2,0,0
3bb5d6c4-17d0-4088-a616-11ce03dd3274,1480722829.099,86026,37.3970792928333,-121.984238000167,2,0,0
3bb5d6c4-17d0-4088-a616-11ce03dd3274,1480722829.307,86026.2,37.3970792975,-121.984238007,2,0,0
3bb5d6c4-17d0-4088-a616-11ce03dd3274,1480722829.5,86026.4,37.3970793236667,-121.984238021833,2,0,0
3bb5d6c4-17d0-4088-a616-11ce03dd3274,1480722829.706,86026.6,37.397079336,-121.984238037333,2,0,0
3bb5d6c4-17d0-4088-a616-11ce03dd3274,1480722829.899,86026.8,37.39707935,-121.984238057833,2,0,0
3bb5d6c4-17d0-4088-a616-11ce03dd3274,1480722830.104,86027,37.3970793561667,-121.984238067333,2,0,0
3bb5d6c4-17d0-4088-a616-11ce03dd3274,1480722830.3,86027.2,37.3970793575,-121.984238078,2,0,0
3bb5d6c4-17d0-4088-a616-11ce03dd3274,1480722830.507,86027.4,37.3970793586667,-121.9842380615,2,0,0
3bb5d6c4-17d0-4088-a616-11ce03dd3274,1480722830.7,86027.6,37.397079376,-121.984238067667,2,0,0
3bb5d6c4-17d0-4088-a616-11ce03dd3274,1480722830.903,86027.8,37.3970793613333,-121.984238053,2,0,0
3bb5d6c4-17d0-4088-a616-11ce03dd3274,1480722831.103,86028,37.3970793753333,-121.984238071333,2,0,0
3bb5d6c4-17d0-4088-a616-11ce03dd3274,1480722831.306,86028.2,37.3970793918333,-121.984238082667,2,0,0
3bb5d6c4-17d0-4088-a616-11ce03dd3274,1480722831.498,86028.4,37.3970794178333,-121.984238092667,2,0,0
3bb5d6c4-17d0-4088-a616-11ce03dd3274,1480722831.705,86028.6,37.3970794391667,-121.984238096167,2,0,0
3bb5d6c4-17d0-4088-a616-11ce03dd3274,1480722831.901,86028.8,37.3970794585,-121.984238111167,2,0,0
3bb5d6c4-17d0-4088-a616-11ce03dd3274,1480722832.104,86029,37.3970794596667,-121.984238123667,2,0,0
3bb5d6c4-17d0-4088-a616-11ce03dd3274,1480722832.307,86029.2,37.3970794786667,-121.984238133667,2,0,0
3bb5d6c4-17d0-4088-a616-11ce03dd3274,1480722832.509,86029.4,37.3970795208333,-121.984238156333,2,0,0
3bb5d6c4-17d0-4088-a616-11ce03dd3274,1480722832.699,86029.6,37.3970795231667,-121.984238159833,2,0,0
3bb5d6c4-17d0-4088-a616-11ce03dd3274,1480722832.901,86029.8,37.3970795596667,-121.984238193333,2,0,0
3bb5d6c4-17d0-4088-a616-11ce03dd3274,1480722833.104,86030,37.397079578,-121.984238201667,2,0,0
3bb5d6c4-17d0-4088-a616-11ce03dd3274,1480722833.301,86030.2,37.3970796015,-121.9842382195,2,0,0
3bb5d6c4-17d0-4088-a616-11ce03dd3274,1480722833.499,86030.4,37.3970796178333,-121.9842382325,2,0,0
3bb5d6c4-17d0-4088-a616-11ce03dd3274,1480722833.704,86030.6,37.3970796363333,-121.984238241167,2,0,0
3bb5d6c4-17d0-4088-a616-11ce03dd3274,1480722833.903,86030.8,37.3970796501667,-121.984238250833,2,0,0
3bb5d6c4-17d0-4088-a616-11ce03dd3274,1480722834.1,86031,37.3970796696667,-121.984238278833,2,0,0
3bb5d6c4-17d0-4088-a616-11ce03dd3274,1480722834.303,86031.2,37.3970796703333,-121.984238284167,2,0,0
3bb5d6c4-17d0-4088-a616-11ce03dd3274,1480722834.501,86031.4,37.3970796955,-121.984238291833,2,0,0
3bb5d6c4-17d0-4088-a616-11ce03dd3274,1480722834.707,86031.6,37.397079705,-121.984238295833,2,0,0
3bb5d6c4-17d0-4088-a616-11ce03dd3274,1480722834.902,86031.8,37.3970797228333,-121.984238306,2,0,0
3bb5d6c4-17d0-4088-a616-11ce03dd3274,1480722835.108,86032,37.3970797263333,-121.984238311167,2,0,0
3bb5d6c4-17d0-4088-a616-11ce03dd3274,1480722835.308,86032.2,37.3970797283333,-121.984238312833,2,0,0
3bb5d6c4-17d0-4088-a616-11ce03dd3274,1480722835.499,86032.4,37.3970797358333,-121.984238323333,2,0,0
3bb5d6c4-17d0-4088-a616-11ce03dd3274,1480722835.703,86032.6,37.397079746,-121.9842383255,2,0,0
3bb5d6c4-17d0-4088-a616-11ce03dd3274,1480722835.906,86032.8,37.3970797498333,-121.984238325667,2,0,0
3bb5d6c4-17d0-4088-a616-11ce03dd3274,1480722836.101,86033,37.3970797666667,-121.984238336667,2,0,0
3bb5d6c4-17d0-4088-a616-11ce03dd3274,1480722836.305,86033.2,37.3970797796667,-121.984238362,2,0,0
3bb5d6c4-17d0-4088-a616-11ce03dd3274,1480722836.508,86033.4,37.3970797876667,-121.984238377667,2,0,0
3bb5d6c4-17d0-4088-a616-11ce03dd3274,1480722836.703,86033.6,37.3970798081667,-121.984238389833,2,0,0
3bb5d6c4-17d0-4088-a616-11ce03dd3274,1480722836.905,86033.8,37.3970798451667,-121.984238415333,2,0,0
3bb5d6c4-17d0-4088-a616-11ce03dd3274,1480722837.109,86034,37.3970798751667,-121.984238432667,2,0,0
3bb5d6c4-17d0-4088-a616-11ce03dd3274,1480722837.302,86034.2,37.397079903,-121.984238450333,2,0,0
3bb5d6c4-17d0-4088-a616-11ce03dd3274,1480722837.505,86034.4,37.3970799211667,-121.9842384695,2,0,0
3bb5d6c4-17d0-4088-a616-11ce03dd3274,1480722837.707,86034.6,37.3970799383333,-121.984238496833,2,0,0
3bb5d6c4-17d0-4088-a616-11ce03dd3274,1480722837.904,86034.8,37.3970799766667,-121.984238517667,2,0,0
3bb5d6c4-17d0-4088-a616-11ce03dd3274,1480722838.104,86035,37.3970799976667,-121.984238537167,2,0,0
3bb5d6c4-17d0-4088-a616-11ce03dd3274,1480722838.307,86035.2,37.3970800208333,-121.984238546333,2,0,0
3bb5d6c4-17d0-4088-a616-11ce03dd3274,1480722838.506,86035.4,37.397080037,-121.984238561167,2,0,0
3bb5d6c4-17d0-4088-a616-11ce03dd3274,1480722838.697,86035.6,37.3970800568333,-121.984238585,2,0,0
3bb5d6c4-17d0-4088-a616-11ce03dd3274,1480722838.903,86035.8,37.3970800753333,-121.9842386045,2,0,0
3bb5d6c4-17d0-4088-a616-11ce03dd3274,1480722839.099,86036,37.3970800966667,-121.984238614167,2,0,0
3bb5d6c4-17d0-4088-a616-11ce03dd3274,1480722839.303,86036.2,37.3970801003333,-121.984238621667,2,0,0
3bb5d6c4-17d0-4088-a616-11ce03dd3274,1480722839.508,86036.4,37.397080135,-121.984238646167,2,0,0
3bb5d6c4-17d0-4088-a616-11ce03dd3274,1480722839.709,86036.6,37.3970801501667,-121.984238646167,2,0,0
3bb5d6c4-17d0-4088-a616-11ce03dd3274,1480722839.906,86036.8,37.3970801513333,-121.984238668,2,0,0
3bb5d6c4-17d0-4088-a616-11ce03dd3274,1480722840.109,86037,37.397080171,-121.984238675167,2,0,0
3bb5d6c4-17d0-4088-a616-11ce03dd3274,1480722840.3,86037.2,37.3970801813333,-121.9842386895,2,0,0
3bb5d6c4-17d0-4088-a616-11ce03dd3274,1480722840.508,86037.4,37.3970801931667,-121.984238696333,2,0,0
3bb5d6c4-17d0-4088-a616-11ce03dd3274,1480722840.701,86037.6,37.3970801955,-121.9842387045,2,0,0
3bb5d6c4-17d0-4088-a616-11ce03dd3274,1480722840.904,86037.8,37.3970802028333,-121.984238712333,2,0,0
3bb5d6c4-17d0-4088-a616-11ce03dd3274,1480722841.106,86038,37.3970802168333,-121.984238718833,2,0,0
3bb5d6c4-17d0-4088-a616-11ce03dd3274,1480722841.302,86038.2,37.3970802236667,-121.984238733833,2,0,0
3bb5d6c4-17d0-4088-a616-11ce03dd3274,1480722841.508,86038.4,37.3970802383333,-121.984238737667,2,0,0
3bb5d6c4-17d0-4088-a616-11ce03dd3274,1480722841.703,86038.6,37.397080253,-121.984238771667,2,0,0
3bb5d6c4-17d0-4088-a616-11ce03dd3274,1480722841.907,86038.8,37.3970802636667,-121.984238777,2,0,0
3bb5d6c4-17d0-4088-a616-11ce03dd3274,1480722842.103,86039,37.3970802861667,-121.984238802,2,0,0
3bb5d6c4-17d0-4088-a616-11ce03dd3274,1480722842.303,86039.2,37.3970802866667,-121.984238804333,2,0,0
3bb5d6c4-17d0-4088-a616-11ce03dd3274,1480722842.506,86039.4,37.397080313,-121.984238809167,2,0,0
3bb5d6c4-17d0-4088-a616-11ce03dd3274,1480722842.7,86039.6,37.3970803385,-121.984238826,2,0,0
3bb5d6c4-17d0-4088-a616-11ce03dd3274,1480722842.906,86039.8,37.397080325,-121.9842388315,2,0,0
3bb5d6c4-17d0-4088-a616-11ce03dd3274,1480722843.098,86040,37.3970803131667,-121.984238819167,2,0,0
3bb5d6c4-17d0-4088-a616-11ce03dd3274,1480722843.299,86040.2,37.3970803236667,-121.9842388155,2,0,0
3bb5d6c4-17d0-4088-a616-11ce03dd3274,1480722843.499,86040.4,37.3970803193333,-121.984238813,2,0,0
3bb5d6c4-17d0-4088-a616-11ce03dd3274,1480722843.706,86040.6,37.397080321,-121.984238807,2,0,0
3bb5d6c4-17d0-4088-a616-11ce03dd3274,1480722843.9,86040.8,37.397080334,-121.984238811,2,0,0
3bb5d6c4-17d0-4088-a616-11ce03dd3274,1480722844.106,86041,37.3970803311667,-121.9842388275,2,0,0
3bb5d6c4-17d0-4088-a616-11ce03dd3274,1480722844.3,86041.2,37.3970803306667,-121.984238827667,2,0,0
3bb5d6c4-17d0-4088-a616-11ce03dd3274,1480722844.499,86041.4,37.3970803348333,-121.984238815833,2,0,0
3bb5d6c4-17d0-4088-a616-11ce03dd3274,1480722844.703,86041.6,37.3970803291667,-121.984238817833,2,0,0
3bb5d6c4-17d0-4088-a616-11ce03dd3274,1480722844.905,86041.8,37.397080315,-121.984238807,2,0,0
3bb5d6c4-17d0-4088-a616-11ce03dd3274,1480722845.108,86042,37.3970803076667,-121.984238789667,2,0,0
3bb5d6c4-17d0-4088-a616-11ce03dd3274,1480722845.299,86042.2,37.3970802926667,-121.984238791667,2,0,0
3bb5d6c4-17d0-4088-a616-11ce03dd3274,1480722845.499,86042.4,37.397080282,-121.984238777167,2,0,0
3bb5d6c4-17d0-4088-a616-11ce03dd3274,1480722845.702,86042.6,37.397080285,-121.984238775667,2,0,0
3bb5d6c4-17d0-4088-a616-11ce03dd3274,1480722845.909,86042.8,37.3970802811667,-121.984238770833,2,0,0
3bb5d6c4-17d0-4088-a616-11ce03dd3274,1480722846.101,86043,37.3970802828333,-121.984238760333,2,0,0
3bb5d6c4-17d0-4088-a616-11ce03dd3274,1480722846.299,86043.2,37.3970802856667,-121.984238757167,2,0,0
3bb5d6c4-17d0-4088-a616-11ce03dd3274,1480722846.503,86043.4,37.3970802868333,-121.984238768167,2,0,0
3bb5d6c4-17d0-4088-a616-11ce03dd3274,1480722846.701,86043.6,37.397080274,-121.984238762,2,0,0
3bb5d6c4-17d0-4088-a616-11ce03dd3274,1480722846.898,86043.8,37.3970802873333,-121.984238766667,2,0,0
3bb5d6c4-17d0-4088-a616-11ce03dd3274,1480722847.108,86044,37.3970803063333,-121.984238773,2,0,0
3bb5d6c4-17d0-4088-a616-11ce03dd3274,1480722847.299,86044.2,37.3970802883333,-121.984238775333,2,0,0
3bb5d6c4-17d0-4088-a616-11ce03dd3274,1480722847.503,86044.4,37.3970803071667,-121.984238767667,2,0,0
3bb5d6c4-17d0-4088-a616-11ce03dd3274,1480722847.703,86044.6,37.397080292,-121.984238764333,2,0,0
3bb5d6c4-17d0-4088-a616-11ce03dd3274,1480722847.904,86044.8,37.3970802893333,-121.984238755833,2,0,0
3bb5d6c4-17d0-4088-a616-11ce03dd3274,1480722848.105,86045,37.397080289,-121.984238756333,2,0,0
3bb5d6c4-17d0-4088-a616-11ce03dd3274,1480722848.307,86045.2,37.397080266,-121.984238755333,2,0,0
3bb5d6c4-17d0-4088-a616-11ce03dd3274,1480722848.498,86045.4,37.397080277,-121.984238753667,2,0,0
3bb5d6c4-17d0-4088-a616-11ce03dd3274,1480722848.704,86045.6,37.3970802666667,-121.984238751667,2,0,0
3bb5d6c4-17d0-4088-a616-11ce03dd3274,1480722848.898,86045.8,37.3970802686667,-121.984238756333,2,0,0
3bb5d6c4-17d0-4088-a616-11ce03dd3274,1480722849.1,86046,37.3970802721667,-121.984238757,2,0,0
3bb5d6c4-17d0-4088-a616-11ce03dd3274,1480722849.303,86046.2,37.397080262,-121.984238759167,2,0,0
3bb5d6c4-17d0-4088-a616-11ce03dd3274,1480722849.505,86046.4,37.3970802718333,-121.984238770167,2,0,0
3bb5d6c4-17d0-4088-a616-11ce03dd3274,1480722849.702,86046.6,37.3970802803333,-121.984238774833,2,0,0
3bb5d6c4-17d0-4088-a616-11ce03dd3274,1480722849.906,86046.8,37.3970802665,-121.984238777,2,0,0
3bb5d6c4-17d0-4088-a616-11ce03dd3274,1480722850.1,86047,37.3970802691667,-121.984238776,2,0,0
3bb5d6c4-17d0-4088-a616-11ce03dd3274,1480722850.306,86047.2,37.3970802815,-121.984238784167,2,0,0
3bb5d6c4-17d0-4088-a616-11ce03dd3274,1480722850.506,86047.4,37.3970802745,-121.984238786667,2,0,0
3bb5d6c4-17d0-4088-a616-11ce03dd3274,1480722850.699,86047.6,37.3970802998333,-121.984238798333,2,0,0
3bb5d6c4-17d0-4088-a616-11ce03dd3274,1480722850.903,86047.8,37.3970802828333,-121.9842387925,2,0,0
3bb5d6c4-17d0-4088-a616-11ce03dd3274,1480722851.099,86048,37.3970802793333,-121.9842387905,2,0,0
3bb5d6c4-17d0-4088-a616-11ce03dd3274,1480722851.301,86048.2,37.3970802953333,-121.984238792167,2,0,0
3bb5d6c4-17d0-4088-a616-11ce03dd3274,1480722851.505,86048.4,37.3970802898333,-121.9842387975,2,0,0
3bb5d6c4-17d0-4088-a616-11ce03dd3274,1480722851.701,86048.6,37.3970802725,-121.984238786167,2,0,0
3bb5d6c4-17d0-4088-a616-11ce03dd3274,1480722851.905,86048.8,37.3970802806667,-121.984238795,2,0,0
3bb5d6c4-17d0-4088-a616-11ce03dd3274,1480722852.105,86049,37.3970802751667,-121.984238794167,2,0,0
3bb5d6c4-17d0-4088-a616-11ce03dd3274,1480722852.305,86049.2,37.3970802871667,-121.984238793167,2,0,0
3bb5d6c4-17d0-4088-a616-11ce03dd3274,1480722852.502,86049.4,37.397080287,-121.984238802667,2,0,0
3bb5d6c4-17d0-4088-a616-11ce03dd3274,1480722852.699,86049.6,37.3970802826667,-121.9842387885,2,0,0
3bb5d6c4-17d0-4088-a616-11ce03dd3274,1480722852.906,86049.8,37.3970802823333,-121.984238804667,2,0,0
3bb5d6c4-17d0-4088-a616-11ce03dd3274,1480722853.099,86050,37.3970802903333,-121.984238804,2,0,0
3bb5d6c4-17d0-4088-a616-11ce03dd3274,1480722853.304,86050.2,37.3970802641667,-121.9842387985,2,0,0
3bb5d6c4-17d0-4088-a616-11ce03dd3274,1480722853.509,86050.4,37.3970802695,-121.984238793,2,0,0
3bb5d6c4-17d0-4088-a616-11ce03dd3274,1480722853.701,86050.6,37.3970802536667,-121.984238785667,2,0,0
3bb5d6c4-17d0-4088-a616-11ce03dd3274,1480722853.899,86050.8,37.3970802505,-121.984238785167,2,0,0
3bb5d6c4-17d0-4088-a616-11ce03dd3274,1480722854.098,86051,37.3970802425,-121.9842387775,2,0,0
3bb5d6c4-17d0-4088-a616-11ce03dd3274,1480722854.299,86051.2,37.3970802388333,-121.984238774333,2,0,0
3bb5d6c4-17d0-4088-a616-11ce03dd3274,1480722854.505,86051.4,37.3970802343333,-121.984238772,2,0,0
3bb5d6c4-17d0-4088-a616-11ce03dd3274,1480722854.698,86051.6,37.3970802351667,-121.984238769,2,0,0
3bb5d6c4-17d0-4088-a616-11ce03dd3274,1480722854.902,86051.8,37.3970802055,-121.984238744833,2,0,0
3bb5d6c4-17d0-4088-a616-11ce03dd3274,1480722855.108,86052,37.3970802018333,-121.984238738333,2,0,0
3bb5d6c4-17d0-4088-a616-11ce03dd3274,1480722855.307,86052.2,37.3970801756667,-121.984238714167,2,0,0
3bb5d6c4-17d0-4088-a616-11ce03dd3274,1480722855.506,86052.4,37.3970801685,-121.984238699667,2,0,0
3bb5d6c4-17d0-4088-a616-11ce03dd3274,1480722855.701,86052.6,37.3970801776667,-121.984238701833,2,0,0
3bb5d6c4-17d0-4088-a616-11ce03dd3274,1480722855.908,86052.8,37.397080149,-121.984238682333,2,0,0
3bb5d6c4-17d0-4088-a616-11ce03dd3274,1480722856.1,86053,37.3970801578333,-121.984238678833,2,0,0
3bb5d6c4-17d0-4088-a616-11ce03dd3274,1480722856.303,86053.2,37.3970801443333,-121.984238674833,2,0,0
3bb5d6c4-17d0-4088-a616-11ce03dd3274,1480722856.503,86053.4,37.3970801423333,-121.984238666167,2,0,0
3bb5d6c4-17d0-4088-a616-11ce03dd3274,1480722856.705,86053.6,37.3970801408333,-121.984238662167,2,0,0
3bb5d6c4-17d0-4088-a616-11ce03dd3274,1480722856.9,86053.8,37.3970801495,-121.984238656833,2,0,0
3bb5d6c4-17d0-4088-a616-11ce03dd3274,1480722857.102,86054,37.3970801333333,-121.984238652667,2,0,0
3bb5d6c4-17d0-4088-a616-11ce03dd3274,1480722857.306,86054.2,37.3970801566667,-121.984238658,2,0,0
3bb5d6c4-17d0-4088-a616-11ce03dd3274,1480722857.504,86054.4,37.3970801648333,-121.984238647333,2,0,0
3bb5d6c4-17d0-4088-a616-11ce03dd3274,1480722857.697,86054.6,37.3970801658333,-121.984238645333,2,0,0
3bb5d6c4-17d0-4088-a616-11ce03dd3274,1480722857.897,86054.8,37.397080165,-121.984238636833,2,0,0
3bb5d6c4-17d0-4088-a616-11ce03dd3274,1480722858.103,86055,37.3970801658333,-121.984238635833,2,0,0
3bb5d6c4-17d0-4088-a616-11ce03dd3274,1480722858.305,86055.2,37.397080151,-121.984238627833,2,0,0
3bb5d6c4-17d0-4088-a616-11ce03dd3274,1480722858.498,86055.4,37.3970801411667,-121.9842386175,2,0,0
3bb5d6c4-17d0-4088-a616-11ce03dd3274,1480722858.702,86055.6,37.3970801416667,-121.984238601333,2,0,0
3bb5d6c4-17d0-4088-a616-11ce03dd3274,1480722858.897,86055.8,37.3970801265,-121.984238590833,2,0,0
3bb5d6c4-17d0-4088-a616-11ce03dd3274,1480722859.102,86056,37.3970801281667,-121.9842385745,2,0,0
3bb5d6c4-17d0-4088-a616-11ce03dd3274,1480722859.301,86056.2,37.3970801063333,-121.9842385625,2,0,0
3bb5d6c4-17d0-4088-a616-11ce03dd3274,1480722859.503,86056.4,37.3970801013333,-121.984238550833,2,0,0
3bb5d6c4-17d0-4088-a616-11ce03dd3274,1480722859.707,86056.6,37.3970801035,-121.984238544667,2,0,0
3bb5d6c4-17d0-4088-a616-11ce03dd3274,1480722859.903,86056.8,37.3970800991667,-121.984238544333,2,0,0
3bb5d6c4-17d0-4088-a616-11ce03dd3274,1480722860.106,86057,37.3970801046667,-121.984238553667,2,0,0
3bb5d6c4-17d0-4088-a616-11ce03dd3274,1480722860.298,86057.2,37.3970801025,-121.984238540167,2,0,0
3bb5d6c4-17d0-4088-a616-11ce03dd3274,1480722860.505,86057.4,37.3970801101667,-121.9842385445,2,0,0
3bb5d6c4-17d0-4088-a616-11ce03dd3274,1480722860.7,86057.6,37.397080107,-121.984238547333,2,0,0
3bb5d6c4-17d0-4088-a616-11ce03dd3274,1480722860.904,86057.8,37.3970801255,-121.984238552333,2,0,0
3bb5d6c4-17d0-4088-a616-11ce03dd3274,1480722861.098,86058,37.3970801296667,-121.984238538667,2,0,0
3bb5d6c4-17d0-4088-a616-11ce03dd3274,1480722861.3,86058.2,37.3970801545,-121.984238543,2,0,0
3bb5d6c4-17d0-4088-a616-11ce03dd3274,1480722861.501,86058.4,37.3970801636667,-121.984238547167,2,0,0
3bb5d6c4-17d0-4088-a616-11ce03dd3274,1480722861.706,86058.6,37.3970801836667,-121.9842385445,2,0,0
3bb5d6c4-17d0-4088-a616-11ce03dd3274,1480722861.898,86058.8,37.397080194,-121.9842385475,2,0,0
3bb5d6c4-17d0-4088-a616-11ce03dd3274,1480722862.104,86059,37.3970802013333,-121.984238551167,2,0,0
3bb5d6c4-17d0-4088-a616-11ce03dd3274,1480722862.308,86059.2,37.3970802173333,-121.9842385635,2,0,0
3bb5d6c4-17d0-4088-a616-11ce03dd3274,1480722862.507,86059.4,37.3970802181667,-121.984238563833,2,0,0
3bb5d6c4-17d0-4088-a616-11ce03dd3274,1480722862.698,86059.6,37.397080235,-121.984238562,2,0,0
3bb5d6c4-17d0-4088-a616-11ce03dd3274,1480722862.906,86059.8,37.3970802338333,-121.984238558333,2,0,0
3bb5d6c4-17d0-4088-a616-11ce03dd3274,1480722863.104,86060,37.3970802508333,-121.984238555,2,0,0
3bb5d6c4-17d0-4088-a616-11ce03dd3274,1480722863.299,86060.2,37.397080251,-121.984238554667,2,0,0
3bb5d6c4-17d0-4088-a616-11ce03dd3274,1480722863.506,86060.4,37.397080265,-121.984238561,2,0,0
3bb5d6c4-17d0-4088-a616-11ce03dd3274,1480722863.704,86060.6,37.397080266,-121.984238545333,2,0,0
3bb5d6c4-17d0-4088-a616-11ce03dd3274,1480722863.906,86060.8,37.3970802608333,-121.984238541833,2,0,0
3bb5d6c4-17d0-4088-a616-11ce03dd3274,1480722864.097,86061,37.3970802631667,-121.9842385435,2,0,0
3bb5d6c4-17d0-4088-a616-11ce03dd3274,1480722864.3,86061.2,37.3970802843333,-121.984238538333,2,0,0
3bb5d6c4-17d0-4088-a616-11ce03dd3274,1480722864.5,86061.4,37.397080285,-121.9842385355,2,0,0
3bb5d6c4-17d0-4088-a616-11ce03dd3274,1480722864.706,86061.6,37.3970802773333,-121.984238532833,2,0,0
3bb5d6c4-17d0-4088-a616-11ce03dd3274,1480722864.899,86061.8,37.3970802706667,-121.984238522,2,0,0
3bb5d6c4-17d0-4088-a616-11ce03dd3274,1480722865.104,86062,37.3970802706667,-121.984238520833,2,0,0
3bb5d6c4-17d0-4088-a616-11ce03dd3274,1480722865.308,86062.2,37.3970802616667,-121.984238505167,2,0,0
3bb5d6c4-17d0-4088-a616-11ce03dd3274,1480722865.499,86062.4,37.397080242,-121.984238484667,2,0,0
3bb5d6c4-17d0-4088-a616-11ce03dd3274,1480722865.702,86062.6,37.3970802386667,-121.9842384735,2,0,0
3bb5d6c4-17d0-4088-a616-11ce03dd3274,1480722865.907,86062.8,37.3970802315,-121.984238448,2,0,0
3bb5d6c4-17d0-4088-a616-11ce03dd3274,1480722866.099,86063,37.3970802205,-121.984238448,2,0,0
3bb5d6c4-17d0-4088-a616-11ce03dd3274,1480722866.307,86063.2,37.3970802055,-121.984238434833,2,0,0
3bb5d6c4-17d0-4088-a616-11ce03dd3274,1480722866.497,86063.4,37.3970801995,-121.984238420167,2,0,0
3bb5d6c4-17d0-4088-a616-11ce03dd3274,1480722866.704,86063.6,37.3970801891667,-121.984238407,2,0,0
3bb5d6c4-17d0-4088-a616-11ce03dd3274,1480722866.897,86063.8,37.3970801678333,-121.984238388167,2,0,0
3bb5d6c4-17d0-4088-a616-11ce03dd3274,1480722867.1,86064,37.3970801445,-121.984238369,2,0,0
3bb5d6c4-17d0-4088-a616-11ce03dd3274,1480722867.303,86064.2,37.3970801178333,-121.98423834,2,0,0
3bb5d6c4-17d0-4088-a616-11ce03dd3274,1480722867.506,86064.4,37.3970801016667,-121.984238324833,2,0,0
3bb5d6c4-17d0-4088-a616-11ce03dd3274,1480722867.708,86064.6,37.3970800778333,-121.984238310833,2,0,0
3bb5d6c4-17d0-4088-a616-11ce03dd3274,1480722867.902,86064.8,37.3970800681667,-121.984238304833,2,0,0
3bb5d6c4-17d0-4088-a616-11ce03dd3274,1480722868.098,86065,37.3970800546667,-121.984238289167,2,0,0
3bb5d6c4-17d0-4088-a616-11ce03dd3274,1480722868.299,86065.2,37.3970800355,-121.984238262833,2,0,0
3bb5d6c4-17d0-4088-a616-11ce03dd3274,1480722868.505,86065.4,37.397080028,-121.984238244833,2,0,0
3bb5d6c4-17d0-4088-a616-11ce03dd3274,1480722868.7,86065.6,37.397080004,-121.984238223833,2,0,0
3bb5d6c4-17d0-4088-a616-11ce03dd3274,1480722868.906,86065.8,37.3970799868333,-121.984238195167,2,0,0
3bb5d6c4-17d0-4088-a616-11ce03dd3274,1480722869.099,86066,37.3970799668333,-121.984238167167,2,0,0
3bb5d6c4-17d0-4088-a616-11ce03dd3274,1480722869.301,86066.2,37.3970799583333,-121.984238139333,2,0,0
3bb5d6c4-17d0-4088-a616-11ce03dd3274,1480722869.507,86066.4,37.3970799315,-121.984238116167,2,0,0
3bb5d6c4-17d0-4088-a616-11ce03dd3274,1480722869.699,86066.6,37.3970799218333,-121.984238092167,2,0,0
3bb5d6c4-17d0-4088-a616-11ce03dd3274,1480722869.904,86066.8,37.3970799033333,-121.984238077167,2,0,0
3bb5d6c4-17d0-4088-a616-11ce03dd3274,1480722870.1,86067,37.397079887,-121.984238050833,2,0,0
3bb5d6c4-17d0-4088-a616-11ce03dd3274,1480722870.301,86067.2,37.3970798651667,-121.984238040833,2,0,0
3bb5d6c4-17d0-4088-a616-11ce03dd3274,1480722870.505,86067.4,37.3970798551667,-121.984238021833,2,0,0
3bb5d6c4-17d0-4088-a616-11ce03dd3274,1480722870.699,86067.6,37.3970798256667,-121.9842379925,2,0,0
3bb5d6c4-17d0-4088-a616-11ce03dd3274,1480722870.903,86067.8,37.3970798085,-121.984237975333,2,0,0
3bb5d6c4-17d0-4088-a616-11ce03dd3274,1480722871.099,86068,37.397079784,-121.984237944,2,0,0
3bb5d6c4-17d0-4088-a616-11ce03dd3274,1480722871.306,86068.2,37.3970797751667,-121.984237931667,2,0,0
3bb5d6c4-17d0-4088-a616-11ce03dd3274,1480722871.498,86068.4,37.3970797633333,-121.984237914167,2,0,0
3bb5d6c4-17d0-4088-a616-11ce03dd3274,1480722871.704,86068.6,37.3970797316667,-121.984237881167,2,0,0
3bb5d6c4-17d0-4088-a616-11ce03dd3274,1480722871.897,86068.8,37.3970797271667,-121.984237870333,2,0,0
3bb5d6c4-17d0-4088-a616-11ce03dd3274,1480722872.099,86069,37.3970797045,-121.984237851,2,0,0
3bb5d6c4-17d0-4088-a616-11ce03dd3274,1480722872.303,86069.2,37.397079681,-121.984237824667,2,0,0
3bb5d6c4-17d0-4088-a616-11ce03dd3274,1480722872.504,86069.4,37.3970796735,-121.98423782,2,0,0
3bb5d6c4-17d0-4088-a616-11ce03dd3274,1480722872.701,86069.6,37.3970796593333,-121.984237798333,2,0,0
3bb5d6c4-17d0-4088-a616-11ce03dd3274,1480722872.904,86069.8,37.3970796458333,-121.984237794667,2,0,0
3bb5d6c4-17d0-4088-a616-11ce03dd3274,1480722873.097,86070,37.3970796436667,-121.9842377735,2,0,0
3bb5d6c4-17d0-4088-a616-11ce03dd3274,1480722873.298,86070.2,37.3970796343333,-121.984237762167,2,0,0
3bb5d6c4-17d0-4088-a616-11ce03dd3274,1480722873.501,86070.4,37.397079626,-121.984237755667,2,0,0
3bb5d6c4-17d0-4088-a616-11ce03dd3274,1480722873.703,86070.6,37.3970796161667,-121.984237737667,2,0,0
3bb5d6c4-17d0-4088-a616-11ce03dd3274,1480722873.907,86070.8,37.3970796006667,-121.9842377035,2,0,0
3bb5d6c4-17d0-4088-a616-11ce03dd3274,1480722874.098,86071,37.3970795981667,-121.984237707333,2,0,0
3bb5d6c4-17d0-4088-a616-11ce03dd3274,1480722874.303,86071.2,37.3970795856667,-121.984237699167,2,0,0
3bb5d6c4-17d0-4088-a616-11ce03dd3274,1480722874.502,86071.4,37.3970795788333,-121.984237686667,2,0,0
3bb5d6c4-17d0-4088-a616-11ce03dd3274,1480722874.707,86071.6,37.3970795625,-121.984237675,2,0,0
3bb5d6c4-17d0-4088-a616-11ce03dd3274,1480722874.9,86071.8,37.3970795378333,-121.9842376585,2,0,0
3bb5d6c4-17d0-4088-a616-11ce03dd3274,1480722875.106,86072,37.3970795463333,-121.984237647167,2,0,0
3bb5d6c4-17d0-4088-a616-11ce03dd3274,1480722875.304,86072.2,37.3970795168333,-121.984237627333,2,0,0
3bb5d6c4-17d0-4088-a616-11ce03dd3274,1480722875.503,86072.4,37.3970795143333,-121.984237625833,2,0,0
3bb5d6c4-17d0-4088-a616-11ce03dd3274,1480722875.702,86072.6,37.3970794921667,-121.984237600833,2,0,0
3bb5d6c4-17d0-4088-a616-11ce03dd3274,1480722875.907,86072.8,37.397079483,-121.9842375915,2,0,0
3bb5d6c4-17d0-4088-a616-11ce03dd3274,1480722876.1,86073,37.3970794675,-121.9842375635,2,0,0
3bb5d6c4-17d0-4088-a616-11ce03dd3274,1480722876.297,86073.2,37.3970794485,-121.984237556167,2,0,0
3bb5d6c4-17d0-4088-a616-11ce03dd3274,1480722876.498,86073.4,37.3970794481667,-121.984237549333,2,0,0
3bb5d6c4-17d0-4088-a616-11ce03dd3274,1480722876.703,86073.6,37.3970794283333,-121.984237536333,2,0,0
3bb5d6c4-17d0-4088-a616-11ce03dd3274,1480722876.899,86073.8,37.397079419,-121.984237526833,2,0,0
3bb5d6c4-17d0-4088-a616-11ce03dd3274,1480722877.097,86074,37.3970794158333,-121.984237513333,2,0,0
3bb5d6c4-17d0-4088-a616-11ce03dd3274,1480722877.297,86074.2,37.3970794095,-121.984237514333,2,0,0
3bb5d6c4-17d0-4088-a616-11ce03dd3274,1480722877.503,86074.4,37.3970794001667,-121.984237505667,2,0,0
3bb5d6c4-17d0-4088-a616-11ce03dd3274,1480722877.705,86074.6,37.3970793833333,-121.984237503,2,0,0
3bb5d6c4-17d0-4088-a616-11ce03dd3274,1480722877.898,86074.8,37.3970793761667,-121.984237493333,2,0,0
3bb5d6c4-17d0-4088-a616-11ce03dd3274,1480722878.101,86075,37.3970793806667,-121.984237487667,2,0,0
3bb5d6c4-17d0-4088-a616-11ce03dd3274,1480722878.3,86075.2,37.3970793875,-121.984237483667,2,0,0
3bb5d6c4-17d0-4088-a616-11ce03dd3274,1480722878.5,86075.4,37.3970793906667,-121.984237485333,2,0,0
3bb5d6c4-17d0-4088-a616-11ce03dd3274,1480722878.703,86075.6,37.397079398,-121.9842374825,2,0,0
3bb5d6c4-17d0-4088-a616-11ce03dd3274,1480722878.899,86075.8,37.3970794076667,-121.984237486167,2,0,0
3bb5d6c4-17d0-4088-a616-11ce03dd3274,1480722879.1,86076,37.3970794021667,-121.9842374795,2,0,0
3bb5d6c4-17d0-4088-a616-11ce03dd3274,1480722879.298,86076.2,37.3970793911667,-121.9842374715,2,0,0
3bb5d6c4-17d0-4088-a616-11ce03dd3274,1480722879.505,86076.4,37.3970793926667,-121.98423747,2,0,0
3bb5d6c4-17d0-4088-a616-11ce03dd3274,1480722879.706,86076.6,37.3970793921667,-121.9842374725,2,0,0
3bb5d6c4-17d0-4088-a616-11ce03dd3274,1480722879.902,86076.8,37.3970793745,-121.984237458,2,0,0
3bb5d6c4-17d0-4088-a616-11ce03dd3274,1480722880.102,86077,37.397079377,-121.984237461833,2,0,0
3bb5d6c4-17d0-4088-a616-11ce03dd3274,1480722880.299,86077.2,37.3970793725,-121.984237448,2,0,0
3bb5d6c4-17d0-4088-a616-11ce03dd3274,1480722880.497,86077.4,37.3970793645,-121.984237439,2,0,0
3bb5d6c4-17d0-4088-a616-11ce03dd3274,1480722880.702,86077.6,37.3970793553333,-121.984237425667,2,0,0
3bb5d6c4-17d0-4088-a616-11ce03dd3274,1480722880.898,86077.8,37.3970793573333,-121.9842374145,2,0,0
3bb5d6c4-17d0-4088-a616-11ce03dd3274,1480722881.1,86078,37.3970793415,-121.984237416833,2,0,0
3bb5d6c4-17d0-4088-a616-11ce03dd3274,1480722881.3,86078.2,37.3970793351667,-121.984237397,2,0,0
3bb5d6c4-17d0-4088-a616-11ce03dd3274,1480722881.505,86078.4,37.397079319,-121.98423739,2,0,0
3bb5d6c4-17d0-4088-a616-11ce03dd3274,1480722881.707,86078.6,37.3970793276667,-121.984237394167,2,0,0
3bb5d6c4-17d0-4088-a616-11ce03dd3274,1480722881.901,86078.8,37.3970793155,-121.984237378,2,0,0
3bb5d6c4-17d0-4088-a616-11ce03dd3274,1480722882.104,86079,37.3970793101667,-121.984237376833,2,0,0
3bb5d6c4-17d0-4088-a616-11ce03dd3274,1480722882.302,86079.2,37.3970792976667,-121.984237366,2,0,0
3bb5d6c4-17d0-4088-a616-11ce03dd3274,1480722882.499,86079.4,37.3970792793333,-121.984237362167,2,0,0
3bb5d6c4-17d0-4088-a616-11ce03dd3274,1480722882.701,86079.6,37.3970792721667,-121.9842373445,2,0,0
3bb5d6c4-17d0-4088-a616-11ce03dd3274,1480722882.905,86079.8,37.3970792568333,-121.984237342667,2,0,0
3bb5d6c4-17d0-4088-a616-11ce03dd3274,1480722883.105,86080,37.3970792515,-121.984237338167,2,0,0
3bb5d6c4-17d0-4088-a616-11ce03dd3274,1480722883.303,86080.2,37.3970792425,-121.984237321667,2,0,0
3bb5d6c4-17d0-4088-a616-11ce03dd3274,1480722883.5,86080.4,37.397079235,-121.984237314333,2,0,0
3bb5d6c4-17d0-4088-a616-11ce03dd3274,1480722883.705,86080.6,37.3970792055,-121.984237299167,2,0,0
3bb5d6c4-17d0-4088-a616-11ce03dd3274,1480722883.903,86080.8,37.3970792043333,-121.984237301,2,0,0
3bb5d6c4-17d0-4088-a616-11ce03dd3274,1480722884.104,86081,37.3970791895,-121.984237296333,2,0,0
3bb5d6c4-17d0-4088-a616-11ce03dd3274,1480722884.3,86081.2,37.3970791796667,-121.984237281833,2,0,0
3bb5d6c4-17d0-4088-a616-11ce03dd3274,1480722884.503,86081.4,37.3970791553333,-121.984237271167,2,0,0
3bb5d6c4-17d0-4088-a616-11ce03dd3274,1480722884.705,86081.6,37.3970791561667,-121.984237264833,2,0,0
3bb5d6c4-17d0-4088-a616-11ce03dd3274,1480722884.9,86081.8,37.3970791465,-121.9842372635,2,0,0
3bb5d6c4-17d0-4088-a616-11ce03dd3274,1480722885.107,86082,37.3970791388333,-121.9842372695,2,0,0
3bb5d6c4-17d0-4088-a616-11ce03dd3274,1480722885.299,86082.2,37.3970791348333,-121.9842372605,2,0,0
3bb5d6c4-17d0-4088-a616-11ce03dd3274,1480722885.508,86082.4,37.3970791263333,-121.984237262833,2,0,0
3bb5d6c4-17d0-4088-a616-11ce03dd3274,1480722885.706,86082.6,37.3970791261667,-121.984237263333,2,0,0
3bb5d6c4-17d0-4088-a616-11ce03dd3274,1480722885.898,86082.8,37.3970791191667,-121.984237265333,2,0,0
3bb5d6c4-17d0-4088-a616-11ce03dd3274,1480722886.099,86083,37.3970791013333,-121.984237253333,2,0,0
3bb5d6c4-17d0-4088-a616-11ce03dd3274,1480722886.303,86083.2,37.397079102,-121.984237257667,2,0,0
3bb5d6c4-17d0-4088-a616-11ce03dd3274,1480722886.502,86083.4,37.3970790878333,-121.984237249333,2,0,0
3bb5d6c4-17d0-4088-a616-11ce03dd3274,1480722886.699,86083.6,37.3970791133333,-121.984237257,2,0,0
3bb5d6c4-17d0-4088-a616-11ce03dd3274,1480722886.896,86083.8,37.3970791141667,-121.9842372665,2,0,0
3bb5d6c4-17d0-4088-a616-11ce03dd3274,1480722887.1,86084,37.3970791323333,-121.984237262,2,0,0
3bb5d6c4-17d0-4088-a616-11ce03dd3274,1480722887.298,86084.2,37.3970791168333,-121.984237262,2,0,0
3bb5d6c4-17d0-4088-a616-11ce03dd3274,1480722887.5,86084.4,37.3970791248333,-121.984237268667,2,0,0
3bb5d6c4-17d0-4088-a616-11ce03dd3274,1480722887.705,86084.6,37.3970791503333,-121.984237281667,2,0,0
3bb5d6c4-17d0-4088-a616-11ce03dd3274,1480722887.9,86084.8,37.3970791601667,-121.984237288667,2,0,0
3bb5d6c4-17d0-4088-a616-11ce03dd3274,1480722888.102,86085,37.3970791725,-121.9842372985,2,0,0
3bb5d6c4-17d0-4088-a616-11ce03dd3274,1480722888.303,86085.2,37.3970791666667,-121.984237313833,2,0,0
3bb5d6c4-17d0-4088-a616-11ce03dd3274,1480722888.506,86085.4,37.3970791735,-121.984237316,2,0,0
3bb5d6c4-17d0-4088-a616-11ce03dd3274,1480722888.701,86085.6,37.3970791791667,-121.984237311,2,0,0
3bb5d6c4-17d0-4088-a616-11ce03dd3274,1480722888.897,86085.8,37.3970791975,-121.984237327667,2,0,0
3bb5d6c4-17d0-4088-a616-11ce03dd3274,1480722889.1,86086,37.39707919,-121.984237321333,2,0,0
3bb5d6c4-17d0-4088-a616-11ce03dd3274,1480722889.302,86086.2,37.3970792123333,-121.984237324333,2,0,0
3bb5d6c4-17d0-4088-a616-11ce03dd3274,1480722889.499,86086.4,37.3970791908333,-121.984237327167,2,0,0
3bb5d6c4-17d0-4088-a616-11ce03dd3274,1480722889.703,86086.6,37.3970791945,-121.984237318333,2,0,0
3bb5d6c4-17d0-4088-a616-11ce03dd3274,1480722889.897,86086.8,37.397079197,-121.984237322667,2,0,0
3bb5d6c4-17d0-4088-a616-11ce03dd3274,1480722890.104,86087,37.397079212,-121.984237332333,2,0,0
3bb5d6c4-17d0-4088-a616-11ce03dd3274,1480722890.298,86087.2,37.397079209,-121.984237332667,2,0,0
3bb5d6c4-17d0-4088-a616-11ce03dd3274,1480722890.499,86087.4,37.3970792128333,-121.9842373355,2,0,0
3bb5d6c4-17d0-4088-a616-11ce03dd3274,1480722890.7,86087.6,37.397079214,-121.984237327833,2,0,0
3bb5d6c4-17d0-4088-a616-11ce03dd3274,1480722890.898,86087.8,37.3970792085,-121.984237336667,2,0,0
3bb5d6c4-17d0-4088-a616-11ce03dd3274,1480722891.102,86088,37.3970792086667,-121.984237328833,2,0,0
3bb5d6c4-17d0-4088-a616-11ce03dd3274,1480722891.297,86088.2,37.397079214,-121.984237323333,2,0,0
3bb5d6c4-17d0-4088-a616-11ce03dd3274,1480722891.507,86088.4,37.3970792141667,-121.9842373305,2,0,0
3bb5d6c4-17d0-4088-a616-11ce03dd3274,1480722891.698,86088.6,37.3970792041667,-121.984237319167,2,0,0
3bb5d6c4-17d0-4088-a616-11ce03dd3274,1480722891.904,86088.8,37.3970791928333,-121.984237316333,2,0,0
3bb5d6c4-17d0-4088-a616-11ce03dd3274,1480722892.099,86089,37.3970791676667,-121.984237319,2,0,0
3bb5d6c4-17d0-4088-a616-11ce03dd3274,1480722892.306,86089.2,37.3970791646667,-121.984237317333,2,0,0
3bb5d6c4-17d0-4088-a616-11ce03dd3274,1480722892.504,86089.4,37.3970791685,-121.9842372995,2,0,0
3bb5d6c4-17d0-4088-a616-11ce03dd3274,1480722892.7,86089.6,37.3970791573333,-121.984237296,2,0,0
3bb5d6c4-17d0-4088-a616-11ce03dd3274,1480722892.897,86089.8,37.397079154,-121.984237297833,2,0,0
3bb5d6c4-17d0-4088-a616-11ce03dd3274,1480722893.103,86090,37.3970791375,-121.984237290333,2,0,0
3bb5d6c4-17d0-4088-a616-11ce03dd3274,1480722893.301,86090.2,37.3970791441667,-121.984237283833,2,0,0
3bb5d6c4-17d0-4088-a616-11ce03dd3274,1480722893.5,86090.4,37.3970791216667,-121.984237268167,2,0,0
3bb5d6c4-17d0-4088-a616-11ce03dd3274,1480722893.699,86090.6,37.3970791053333,-121.984237262333,2,0,0
3bb5d6c4-17d0-4088-a616-11ce03dd3274,1480722893.897,86090.8,37.3970790871667,-121.984237254333,2,0,0
3bb5d6c4-17d0-4088-a616-11ce03dd3274,1480722894.105,86091,37.3970790698333,-121.984237246833,2,0,0
3bb5d6c4-17d0-4088-a616-11ce03dd3274,1480722894.299,86091.2,37.3970790651667,-121.984237245333,2,0,0
3bb5d6c4-17d0-4088-a616-11ce03dd3274,1480722894.497,86091.4,37.3970790541667,-121.984237229,2,0,0
3bb5d6c4-17d0-4088-a616-11ce03dd3274,1480722894.704,86091.6,37.397079032,-121.984237225,2,0,0
3bb5d6c4-17d0-4088-a616-11ce03dd3274,1480722894.896,86091.8,37.3970790236667,-121.984237213667,2,0,0
3bb5d6c4-17d0-4088-a616-11ce03dd3274,1480722895.101,86092,37.3970790276667,-121.984237214167,2,0,0
3bb5d6c4-17d0-4088-a616-11ce03dd3274,1480722895.298,86092.2,37.3970790161667,-121.984237207667,2,0,0
3bb5d6c4-17d0-4088-a616-11ce03dd3274,1480722895.5,86092.4,37.3970790241667,-121.984237207667,2,0,0
3bb5d6c4-17d0-4088-a616-11ce03dd3274,1480722895.702,86092.6,37.397079018,-121.984237202,2,0,0
3bb5d6c4-17d0-4088-a616-11ce03dd3274,1480722895.904,86092.8,37.3970790123333,-121.984237197833,2,0,0
3bb5d6c4-17d0-4088-a616-11ce03dd3274,1480722896.097,86093,37.3970789968333,-121.984237181333,2,0,0
3bb5d6c4-17d0-4088-a616-11ce03dd3274,1480722896.301,86093.2,37.3970789991667,-121.9842371895,2,0,0
3bb5d6c4-17d0-4088-a616-11ce03dd3274,1480722896.5,86093.4,37.3970789918333,-121.9842371765,2,0,0
3bb5d6c4-17d0-4088-a616-11ce03dd3274,1480722896.702,86093.6,37.3970789876667,-121.984237177167,2,0,0
3bb5d6c4-17d0-4088-a616-11ce03dd3274,1480722896.899,86093.8,37.3970789895,-121.984237165,2,0,0
3bb5d6c4-17d0-4088-a616-11ce03dd3274,1480722897.107,86094,37.3970789848333,-121.984237155833,2,0,0
3bb5d6c4-17d0-4088-a616-11ce03dd3274,1480722897.308,86094.2,37.3970789583333,-121.984237133667,2,0,0
3bb5d6c4-17d0-4088-a616-11ce03dd3274,1480722897.501,86094.4,37.3970789576667,-121.984237130167,2,0,0
3bb5d6c4-17d0-4088-a616-11ce03dd3274,1480722897.703,86094.6,37.3970789431667,-121.984237109167,2,0,0
3bb5d6c4-17d0-4088-a616-11ce03dd3274,1480722897.898,86094.8,37.3970789375,-121.984237101167,2,0,0
3bb5d6c4-17d0-4088-a616-11ce03dd3274,1480722898.1,86095,37.3970789421667,-121.984237102167,2,0,0
3bb5d6c4-17d0-4088-a616-11ce03dd3274,1480722898.302,86095.2,37.3970789218333,-121.984237090667,2,0,0
3bb5d6c4-17d0-4088-a616-11ce03dd3274,1480722898.498,86095.4,37.3970789138333,-121.9842370765,2,0,0
3bb5d6c4-17d0-4088-a616-11ce03dd3274,1480722898.702,86095.6,37.3970789016667,-121.984237065333,2,0,0
3bb5d6c4-17d0-4088-a616-11ce03dd3274,1480722898.906,86095.8,37.3970788968333,-121.984237065,2,0,0
3bb5d6c4-17d0-4088-a616-11ce03dd3274,1480722899.098,86096,37.3970788976667,-121.984237059167,2,0,0
3bb5d6c4-17d0-4088-a616-11ce03dd3274,1480722899.301,86096.2,37.3970788975,-121.9842370465,2,0,0
3bb5d6c4-17d0-4088-a616-11ce03dd3274,1480722899.5,86096.4,37.3970788835,-121.984237027167,2,0,0
3bb5d6c4-17d0-4088-a616-11ce03dd3274,1480722899.702,86096.6,37.3970788818333,-121.9842370285,2,0,0
3bb5d6c4-17d0-4088-a616-11ce03dd3274,1480722899.898,86096.8,37.3970788643333,-121.984237017,2,0,0
3bb5d6c4-17d0-4088-a616-11ce03dd3274,1480722900.1,86097,37.3970788688333,-121.984237007167,2,0,0
3bb5d6c4-17d0-4088-a616-11ce03dd3274,1480722900.305,86097.2,37.3970788646667,-121.984237006833,2,0,0
3bb5d6c4-17d0-4088-a616-11ce03dd3274,1480722900.5,86097.4,37.3970788436667,-121.984236995167,2,0,0
3bb5d6c4-17d0-4088-a616-11ce03dd3274,1480722900.698,86097.6,37.3970788373333,-121.984236992167,2,0,0
3bb5d6c4-17d0-4088-a616-11ce03dd3274,1480722900.903,86097.8,37.3970788398333,-121.984236988333,2,0,0
3bb5d6c4-17d0-4088-a616-11ce03dd3274,1480722901.102,86098,37.397078833,-121.984236986667,2,0,0
3bb5d6c4-17d0-4088-a616-11ce03dd3274,1480722901.306,86098.2,37.3970788345,-121.984236977,2,0,0
3bb5d6c4-17d0-4088-a616-11ce03dd3274,1480722901.506,86098.4,37.3970788146667,-121.984236971167,2,0,0
3bb5d6c4-17d0-4088-a616-11ce03dd3274,1480722901.702,86098.6,37.3970788151667,-121.984236962833,2,0,0
3bb5d6c4-17d0-4088-a616-11ce03dd3274,1480722901.897,86098.8,37.3970788171667,-121.984236966833,2,0,0
3bb5d6c4-17d0-4088-a616-11ce03dd3274,1480722902.106,86099,37.3970787908333,-121.984236950167,2,0,0
3bb5d6c4-17d0-4088-a616-11ce03dd3274,1480722902.304,86099.2,37.3970788025,-121.984236946833,2,0,0
3bb5d6c4-17d0-4088-a616-11ce03dd3274,1480722902.503,86099.4,37.3970787956667,-121.984236939,2,0,0
3bb5d6c4-17d0-4088-a616-11ce03dd3274,1480722902.699,86099.6,37.3970787838333,-121.984236925167,2,0,0
3bb5d6c4-17d0-4088-a616-11ce03dd3274,1480722902.906,86099.8,37.3970787716667,-121.984236920833,2,0,0
3bb5d6c4-17d0-4088-a616-11ce03dd3274,1480722903.099,86100,37.3970787773333,-121.984236912333,2,0,0
3bb5d6c4-17d0-4088-a616-11ce03dd3274,1480722903.302,86100.2,37.3970787695,-121.9842369185,2,0,0
3bb5d6c4-17d0-4088-a616-11ce03dd3274,1480722903.498,86100.4,37.3970787685,-121.984236905,2,0,0
3bb5d6c4-17d0-4088-a616-11ce03dd3274,1480722903.701,86100.6,37.3970787606667,-121.9842369025,2,0,0
3bb5d6c4-17d0-4088-a616-11ce03dd3274,1480722903.897,86100.8,37.3970787655,-121.984236902167,2,0,0
3bb5d6c4-17d0-4088-a616-11ce03dd3274,1480722904.101,86101,37.3970787571667,-121.984236900833,2,0,0
3bb5d6c4-17d0-4088-a616-11ce03dd3274,1480722904.301,86101.2,37.3970787636667,-121.984236891333,2,0,0
3bb5d6c4-17d0-4088-a616-11ce03dd3274,1480722904.504,86101.4,37.397078767,-121.984236901,2,0,0
3bb5d6c4-17d0-4088-a616-11ce03dd3274,1480722904.705,86101.6,37.3970787618333,-121.9842369035,2,0,0
3bb5d6c4-17d0-4088-a616-11ce03dd3274,1480722904.9,86101.8,37.3970787486667,-121.984236882333,2,0,0
3bb5d6c4-17d0-4088-a616-11ce03dd3274,1480722905.104,86102,37.39707876,-121.984236892,2,0,0
3bb5d6c4-17d0-4088-a616-11ce03dd3274,1480722905.298,86102.2,37.3970787521667,-121.984236883,2,0,0
3bb5d6c4-17d0-4088-a616-11ce03dd3274,1480722905.499,86102.4,37.3970787515,-121.9842368835,2,0,0
3bb5d6c4-17d0-4088-a616-11ce03dd3274,1480722905.705,86102.6,37.3970787533333,-121.9842368805,2,0,0
3bb5d6c4-17d0-4088-a616-11ce03dd3274,1480722905.9,86102.8,37.3970787545,-121.984236869833,2,0,0
3bb5d6c4-17d0-4088-a616-11ce03dd3274,1480722906.101,86103,37.3970787548333,-121.984236878833,2,0,0
3bb5d6c4-17d0-4088-a616-11ce03dd3274,1480722906.297,86103.2,37.3970787445,-121.984236865,2,0,0
3bb5d6c4-17d0-4088-a616-11ce03dd3274,1480722906.502,86103.4,37.397078754,-121.984236876,2,0,0
3bb5d6c4-17d0-4088-a616-11ce03dd3274,1480722906.701,86103.6,37.3970787455,-121.984236874333,2,0,0
3bb5d6c4-17d0-4088-a616-11ce03dd3274,1480722906.906,86103.8,37.3970787386667,-121.984236868833,2,0,0
3bb5d6c4-17d0-4088-a616-11ce03dd3274,1480722907.098,86104,37.397078753,-121.984236874667,2,0,0
3bb5d6c4-17d0-4088-a616-11ce03dd3274,1480722907.307,86104.2,37.3970787463333,-121.984236869,2,0,0
3bb5d6c4-17d0-4088-a616-11ce03dd3274,1480722907.501,86104.4,37.397078755,-121.9842368815,2,0,0
3bb5d6c4-17d0-4088-a616-11ce03dd3274,1480722907.705,86104.6,37.3970787433333,-121.984236879833,2,0,0
3bb5d6c4-17d0-4088-a616-11ce03dd3274,1480722907.899,86104.8,37.3970787333333,-121.984236871667,2,0,0
3bb5d6c4-17d0-4088-a616-11ce03dd3274,1480722908.1,86105,37.3970787423333,-121.984236879833,2,0,0
3bb5d6c4-17d0-4088-a616-11ce03dd3274,1480722908.299,86105.2,37.3970787396667,-121.9842368845,2,0,0
3bb5d6c4-17d0-4088-a616-11ce03dd3274,1480722908.501,86105.4,37.3970787415,-121.984236886667,2,0,0
3bb5d6c4-17d0-4088-a616-11ce03dd3274,1480722908.705,86105.6,37.397078743,-121.9842368875,2,0,0
3bb5d6c4-17d0-4088-a616-11ce03dd3274,1480722908.902,86105.8,37.3970787396667,-121.984236888833,2,0,0
3bb5d6c4-17d0-4088-a616-11ce03dd3274,1480722909.097,86106,37.3970787315,-121.984236900833,2,0,0
3bb5d6c4-17d0-4088-a616-11ce03dd3274,1480722909.296,86106.2,37.3970787253333,-121.984236893667,2,0,0
3bb5d6c4-17d0-4088-a616-11ce03dd3274,1480722909.5,86106.4,37.3970786996667,-121.984236886667,2,0,0
3bb5d6c4-17d0-4088-a616-11ce03dd3274,1480722909.7,86106.6,37.3970787038333,-121.984236898333,2,0,0
3bb5d6c4-17d0-4088-a616-11ce03dd3274,1480722909.906,86106.8,37.3970786971667,-121.984236897,2,0,0
3bb5d6c4-17d0-4088-a616-11ce03dd3274,1480722910.1,86107,37.3970786911667,-121.9842368975,2,0,0
3bb5d6c4-17d0-4088-a616-11ce03dd3274,1480722910.302,86107.2,37.3970786783333,-121.984236906167,2,0,0
3bb5d6c4-17d0-4088-a616-11ce03dd3274,1480722910.496,86107.4,37.3970786818333,-121.984236917167,2,0,0
3bb5d6c4-17d0-4088-a616-11ce03dd3274,1480722910.704,86107.6,37.397078661,-121.9842369185,2,0,0
3bb5d6c4-17d0-4088-a616-11ce03dd3274,1480722910.9,86107.8,37.3970786706667,-121.984236923833,2,0,0
3bb5d6c4-17d0-4088-a616-11ce03dd3274,1480722911.096,86108,37.3970786738333,-121.9842369305,2,0,0
3bb5d6c4-17d0-4088-a616-11ce03dd3274,1480722911.298,86108.2,37.3970786746667,-121.984236930667,2,0,0
3bb5d6c4-17d0-4088-a616-11ce03dd3274,1480722911.502,86108.4,37.3970786661667,-121.9842369355,2,0,0
3bb5d6c4-17d0-4088-a616-11ce03dd3274,1480722911.701,86108.6,37.3970786468333,-121.984236918,2,0,0
3bb5d6c4-17d0-4088-a616-11ce03dd3274,1480722911.904,86108.8,37.397078629,-121.984236922667,2,0,0
3bb5d6c4-17d0-4088-a616-11ce03dd3274,1480722912.103,86109,37.3970786293333,-121.984236932667,2,0,0
3bb5d6c4-17d0-4088-a616-11ce03dd3274,1480722912.306,86109.2,37.3970786258333,-121.984236933333,2,0,0
3bb5d6c4-17d0-4088-a616-11ce03dd3274,1480722912.504,86109.4,37.3970786265,-121.984236945,2,0,0
3bb5d6c4-17d0-4088-a616-11ce03dd3274,1480722912.7,86109.6,37.3970786183333,-121.984236937667,2,0,0
3bb5d6c4-17d0-4088-a616-11ce03dd3274,1480722912.906,86109.8,37.3970786235,-121.984236948333,2,0,0
3bb5d6c4-17d0-4088-a616-11ce03dd3274,1480722913.097,86110,37.3970786293333,-121.984236949667,2,0,0
3bb5d6c4-17d0-4088-a616-11ce03dd3274,1480722913.301,86110.2,37.397078636,-121.984236956833,2,0,0
3bb5d6c4-17d0-4088-a616-11ce03dd3274,1480722913.501,86110.4,37.3970786475,-121.984236969833,2,0,0
3bb5d6c4-17d0-4088-a616-11ce03dd3274,1480722913.702,86110.6,37.3970786501667,-121.984236958833,2,0,0
3bb5d6c4-17d0-4088-a616-11ce03dd3274,1480722913.905,86110.8,37.397078659,-121.984236970333,2,0,0
3bb5d6c4-17d0-4088-a616-11ce03dd3274,1480722914.106,86111,37.3970786665,-121.984236972833,2,0,0
3bb5d6c4-17d0-4088-a616-11ce03dd3274,1480722914.298,86111.2,37.3970786803333,-121.984236976833,2,0,0
3bb5d6c4-17d0-4088-a616-11ce03dd3274,1480722914.497,86111.4,37.3970786866667,-121.9842369835,2,0,0
3bb5d6c4-17d0-4088-a616-11ce03dd3274,1480722914.703,86111.6,37.3970787105,-121.984236985167,2,0,0
3bb5d6c4-17d0-4088-a616-11ce03dd3274,1480722914.897,86111.8,37.3970787421667,-121.984237006,2,0,0
3bb5d6c4-17d0-4088-a616-11ce03dd3274,1480722915.099,86112,37.3970787398333,-121.984236997,2,0,0
3bb5d6c4-17d0-4088-a616-11ce03dd3274,1480722915.306,86112.2,37.3970787771667,-121.9842370245,2,0,0
3bb5d6c4-17d0-4088-a616-11ce03dd3274,1480722915.507,86112.4,37.3970788156667,-121.984237037667,2,0,0
3bb5d6c4-17d0-4088-a616-11ce03dd3274,1480722915.699,86112.6,37.3970788311667,-121.984237049333,2,0,0
3bb5d6c4-17d0-4088-a616-11ce03dd3274,1480722915.903,86112.8,37.3970788723333,-121.984237060333,2,0,0
3bb5d6c4-17d0-4088-a616-11ce03dd3274,1480722916.101,86113,37.3970788768333,-121.984237060167,2,0,0
3bb5d6c4-17d0-4088-a616-11ce03dd3274,1480722916.299,86113.2,37.3970788866667,-121.984237069667,2,0,0
3bb5d6c4-17d0-4088-a616-11ce03dd3274,1480722916.504,86113.4,37.3970789088333,-121.9842370775,2,0,0
3bb5d6c4-17d0-4088-a616-11ce03dd3274,1480722916.697,86113.6,37.3970789408333,-121.984237085667,2,0,0
3bb5d6c4-17d0-4088-a616-11ce03dd3274,1480722916.902,86113.8,37.3970789476667,-121.984237088833,2,0,0
3bb5d6c4-17d0-4088-a616-11ce03dd3274,1480722917.105,86114,37.3970789483333,-121.984237091,2,0,0
3bb5d6c4-17d0-4088-a616-11ce03dd3274,1480722917.298,86114.2,37.3970789771667,-121.984237099,2,0,0
3bb5d6c4-17d0-4088-a616-11ce03dd3274,1480722917.498,86114.4,37.3970789921667,-121.984237102,2,0,0
3bb5d6c4-17d0-4088-a616-11ce03dd3274,1480722917.701,86114.6,37.397078996,-121.984237103167,2,0,0
3bb5d6c4-17d0-4088-a616-11ce03dd3274,1480722917.905,86114.8,37.3970790046667,-121.984237108,2,0,0
3bb5d6c4-17d0-4088-a616-11ce03dd3274,1480722918.103,86115,37.3970790276667,-121.984237103833,2,0,0
3bb5d6c4-17d0-4088-a616-11ce03dd3274,1480722918.3,86115.2,37.397079012,-121.984237106,2,0,0
3bb5d6c4-17d0-4088-a616-11ce03dd3274,1480722918.5,86115.4,37.3970790325,-121.984237108833,2,0,0
3bb5d6c4-17d0-4088-a616-11ce03dd3274,1480722918.705,86115.6,37.3970790345,-121.984237118,2,0,0
3bb5d6c4-17d0-4088-a616-11ce03dd3274,1480722918.901,86115.8,37.3970790258333,-121.984237110833,2,0,0
3bb5d6c4-17d0-4088-a616-11ce03dd3274,1480722919.101,86116,37.3970790168333,-121.9842370985,2,0,0
3bb5d6c4-17d0-4088-a616-11ce03dd3274,1480722919.306,86116.2,37.3970790156667,-121.984237093,2,0,0
3bb5d6c4-17d0-4088-a616-11ce03dd3274,1480722919.496,86116.4,37.3970790203333,-121.984237093167,2,0,0
3bb5d6c4-17d0-4088-a616-11ce03dd3274,1480722919.698,86116.6,37.3970790043333,-121.984237082667,2,0,0
3bb5d6c4-17d0-4088-a616-11ce03dd3274,1480722919.9,86116.8,37.3970790215,-121.9842370785,2,0,0
3bb5d6c4-17d0-4088-a616-11ce03dd3274,1480722920.099,86117,37.3970790163333,-121.9842370705,2,0,0
3bb5d6c4-17d0-4088-a616-11ce03dd3274,1480722920.299,86117.2,37.3970790168333,-121.984237068167,2,0,0
3bb5d6c4-17d0-4088-a616-11ce03dd3274,1480722920.503,86117.4,37.3970790291667,-121.984237061167,2,0,0
3bb5d6c4-17d0-4088-a616-11ce03dd3274,1480722920.697,86117.6,37.3970789975,-121.984237046167,2,0,0
3bb5d6c4-17d0-4088-a616-11ce03dd3274,1480722920.905,86117.8,37.3970789888333,-121.984237026833,2,0,0
3bb5d6c4-17d0-4088-a616-11ce03dd3274,1480722921.104,86118,37.397078992,-121.984237028167,2,0,0
3bb5d6c4-17d0-4088-a616-11ce03dd3274,1480722921.302,86118.2,37.3970789701667,-121.984237009667,2,0,0
3bb5d6c4-17d0-4088-a616-11ce03dd3274,1480722921.505,86118.4,37.3970789648333,-121.984237007667,2,0,0
3bb5d6c4-17d0-4088-a616-11ce03dd3274,1480722921.697,86118.6,37.3970789448333,-121.984236993,2,0,0
3bb5d6c4-17d0-4088-a616-11ce03dd3274,1480722921.899,86118.8,37.3970789371667,-121.984236998833,2,0,0
3bb5d6c4-17d0-4088-a616-11ce03dd3274,1480722922.098,86119,37.3970789316667,-121.984236982667,2,0,0
3bb5d6c4-17d0-4088-a616-11ce03dd3274,1480722922.306,86119.2,37.3970789061667,-121.984236972167,2,0,0
3bb5d6c4-17d0-4088-a616-11ce03dd3274,1480722922.504,86119.4,37.3970789091667,-121.9842369675,2,0,0
3bb5d6c4-17d0-4088-a616-11ce03dd3274,1480722922.702,86119.6,37.3970789005,-121.984236960667,2,0,0
3bb5d6c4-17d0-4088-a616-11ce03dd3274,1480722922.9,86119.8,37.3970788876667,-121.984236957667,2,0,0
3bb5d6c4-17d0-4088-a616-11ce03dd3274,1480722923.104,86120,37.3970788925,-121.984236951,2,0,0
3bb5d6c4-17d0-4088-a616-11ce03dd3274,1480722923.297,86120.2,37.397078901,-121.984236957167,2,0,0
3bb5d6c4-17d0-4088-a616-11ce03dd3274,1480722923.503,86120.4,37.3970788948333,-121.984236942833,2,0,0
3bb5d6c4-17d0-4088-a616-11ce03dd3274,1480722923.696,86120.6,37.397078886,-121.9842369495,2,0,0
3bb5d6c4-17d0-4088-a616-11ce03dd3274,1480722923.899,86120.8,37.3970788595,-121.984236927,2,0,0
3bb5d6c4-17d0-4088-a616-11ce03dd3274,1480722924.104,86121,37.3970788571667,-121.984236923,2,0,0
3bb5d6c4-17d0-4088-a616-11ce03dd3274,1480722924.301,86121.2,37.3970788438333,-121.984236912167,2,0,0
3bb5d6c4-17d0-4088-a616-11ce03dd3274,1480722924.5,86121.4,37.3970788528333,-121.984236909,2,0,0
3bb5d6c4-17d0-4088-a616-11ce03dd3274,1480722924.701,86121.6,37.3970788481667,-121.9842369025,2,0,0
3bb5d6c4-17d0-4088-a616-11ce03dd3274,1480722924.905,86121.8,37.397078842,-121.984236890667,2,0,0
3bb5d6c4-17d0-4088-a616-11ce03dd3274,1480722925.103,86122,37.397078829,-121.984236881833,2,0,0
3bb5d6c4-17d0-4088-a616-11ce03dd3274,1480722925.299,86122.2,37.3970788283333,-121.984236871333,2,0,0
3bb5d6c4-17d0-4088-a616-11ce03dd3274,1480722925.501,86122.4,37.3970788158333,-121.984236862,2,0,0
3bb5d6c4-17d0-4088-a616-11ce03dd3274,1480722925.705,86122.6,37.3970787946667,-121.984236845667,2,0,0
3bb5d6c4-17d0-4088-a616-11ce03dd3274,1480722925.9,86122.8,37.3970787861667,-121.984236831833,2,0,0
3bb5d6c4-17d0-4088-a616-11ce03dd3274,1480722926.099,86123,37.3970787725,-121.984236830667,2,0,0
3bb5d6c4-17d0-4088-a616-11ce03dd3274,1480722926.302,86123.2,37.3970787633333,-121.9842368185,2,0,0
3bb5d6c4-17d0-4088-a616-11ce03dd3274,1480722926.503,86123.4,37.3970787686667,-121.984236797167,2,0,0
3bb5d6c4-17d0-4088-a616-11ce03dd3274,1480722926.701,86123.6,37.3970787456667,-121.9842367805,2,0,0
3bb5d6c4-17d0-4088-a616-11ce03dd3274,1480722926.906,86123.8,37.3970787238333,-121.984236775167,2,0,0
3bb5d6c4-17d0-4088-a616-11ce03dd3274,1480722927.105,86124,37.3970787073333,-121.984236754,2,0,0
3bb5d6c4-17d0-4088-a616-11ce03dd3274,1480722927.299,86124.2,37.397078698,-121.984236731833,2,0,0
3bb5d6c4-17d0-4088-a616-11ce03dd3274,1480722927.501,86124.4,37.397078678,-121.9842367245,2,0,0
3bb5d6c4-17d0-4088-a616-11ce03dd3274,1480722927.705,86124.6,37.3970786621667,-121.984236711167,2,0,0
3bb5d6c4-17d0-4088-a616-11ce03dd3274,1480722927.9,86124.8,37.3970786453333,-121.984236694667,2,0,0
3bb5d6c4-17d0-4088-a616-11ce03dd3274,1480722928.1,86125,37.3970786343333,-121.984236690167,2,0,0
3bb5d6c4-17d0-4088-a616-11ce03dd3274,1480722928.295,86125.2,37.39707861,-121.984236670333,2,0,0
3bb5d6c4-17d0-4088-a616-11ce03dd3274,1480722928.498,86125.4,37.3970785926667,-121.9842366605,2,0,0
3bb5d6c4-17d0-4088-a616-11ce03dd3274,1480722928.705,86125.6,37.3970785761667,-121.984236635667,2,0,0
3bb5d6c4-17d0-4088-a616-11ce03dd3274,1480722928.9,86125.8,37.3970785631667,-121.984236623167,2,0,0
3bb5d6c4-17d0-4088-a616-11ce03dd3274,1480722929.1,86126,37.3970785473333,-121.984236606167,2,0,0
3bb5d6c4-17d0-4088-a616-11ce03dd3274,1480722929.303,86126.2,37.39707853,-121.984236602833,2,0,0
3bb5d6c4-17d0-4088-a616-11ce03dd3274,1480722929.496,86126.4,37.397078514,-121.9842365845,2,0,0
3bb5d6c4-17d0-4088-a616-11ce03dd3274,1480722929.7,86126.6,37.3970785091667,-121.984236573833,2,0,0
3bb5d6c4-17d0-4088-a616-11ce03dd3274,1480722929.905,86126.8,37.3970784883333,-121.984236567167,2,0,0
3bb5d6c4-17d0-4088-a616-11ce03dd3274,1480722930.103,86127,37.3970784888333,-121.984236551667,2,0,0
3bb5d6c4-17d0-4088-a616-11ce03dd3274,1480722930.301,86127.2,37.397078483,-121.984236554333,2,0,0
3bb5d6c4-17d0-4088-a616-11ce03dd3274,1480722930.496,86127.4,37.3970784683333,-121.984236547,2,0,0
3bb5d6c4-17d0-4088-a616-11ce03dd3274,1480722930.7,86127.6,37.3970784476667,-121.984236520667,2,0,0
3bb5d6c4-17d0-4088-a616-11ce03dd3274,1480722930.905,86127.8,37.397078459,-121.9842365155,2,0,0
3bb5d6c4-17d0-4088-a616-11ce03dd3274,1480722931.1,86128,37.397078447,-121.984236518667,2,0,0
3bb5d6c4-17d0-4088-a616-11ce03dd3274,1480722931.303,86128.2,37.3970784375,-121.984236501167,2,0,0
3bb5d6c4-17d0-4088-a616-11ce03dd3274,1480722931.499,86128.4,37.3970784235,-121.984236484167,2,0,0
3bb5d6c4-17d0-4088-a616-11ce03dd3274,1480722931.7,86128.6,37.3970784188333,-121.98423649,2,0,0
3bb5d6c4-17d0-4088-a616-11ce03dd3274,1480722931.902,86128.8,37.3970783961667,-121.984236474,2,0,0
3bb5d6c4-17d0-4088-a616-11ce03dd3274,1480722932.102,86129,37.3970783846667,-121.984236463833,2,0,0
3bb5d6c4-17d0-4088-a616-11ce03dd3274,1480722932.304,86129.2,37.3970783518333,-121.984236449833,2,0,0
3bb5d6c4-17d0-4088-a616-11ce03dd3274,1480722932.501,86129.4,37.397078331,-121.984236436833,2,0,0
3bb5d6c4-17d0-4088-a616-11ce03dd3274,1480722932.704,86129.6,37.3970783336667,-121.984236416667,2,0,0
3bb5d6c4-17d0-4088-a616-11ce03dd3274,1480722932.9,86129.8,37.3970783258333,-121.984236393167,2,0,0
3bb5d6c4-17d0-4088-a616-11ce03dd3274,1480722933.098,86130,37.3970783398333,-121.984236381667,2,0,0
3bb5d6c4-17d0-4088-a616-11ce03dd3274,1480722933.302,86130.2,37.3970783325,-121.984236373333,2,0,0
3bb5d6c4-17d0-4088-a616-11ce03dd3274,1480722933.497,86130.4,37.3970783323333,-121.984236369833,2,0,0
3bb5d6c4-17d0-4088-a616-11ce03dd3274,1480722933.702,86130.6,37.3970783368333,-121.984236361,2,0,0
3bb5d6c4-17d0-4088-a616-11ce03dd3274,1480722933.9,86130.8,37.3970783345,-121.984236349,2,0,0
3bb5d6c4-17d0-4088-a616-11ce03dd3274,1480722934.102,86131,37.3970783408333,-121.9842363555,2,0,0
3bb5d6c4-17d0-4088-a616-11ce03dd3274,1480722934.298,86131.2,37.397078349,-121.984236342667,2,0,0
3bb5d6c4-17d0-4088-a616-11ce03dd3274,1480722934.505,86131.4,37.3970783491667,-121.984236333,2,0,0
3bb5d6c4-17d0-4088-a616-11ce03dd3274,1480722934.699,86131.6,37.397078369,-121.9842363375,2,0,0
3bb5d6c4-17d0-4088-a616-11ce03dd3274,1480722934.905,86131.8,37.3970783705,-121.984236325833,2,0,0
3bb5d6c4-17d0-4088-a616-11ce03dd3274,1480722935.098,86132,37.397078375,-121.984236315667,2,0,0
3bb5d6c4-17d0-4088-a616-11ce03dd3274,1480722935.304,86132.2,37.3970783853333,-121.984236311333,2,0,0
3bb5d6c4-17d0-4088-a616-11ce03dd3274,1480722935.496,86132.4,37.3970783885,-121.9842363,2,0,0
3bb5d6c4-17d0-4088-a616-11ce03dd3274,1480722935.704,86132.6,37.3970783961667,-121.984236337833,2,0,0
3bb5d6c4-17d0-4088-a616-11ce03dd3274,1480722935.899,86132.8,37.3970784006667,-121.984236362833,2,0,0
3bb5d6c4-17d0-4088-a616-11ce03dd3274,1480722936.102,86133,37.3970784176667,-121.9842363425,2,0,0
3bb5d6c4-17d0-4088-a616-11ce03dd3274,1480722936.306,86133.2,37.3970784183333,-121.984236356333,2,0,0
3bb5d6c4-17d0-4088-a616-11ce03dd3274,1480722936.507,86133.4,37.3970784598333,-121.984236335,2,0,0
3bb5d6c4-17d0-4088-a616-11ce03dd3274,1480722936.698,86133.6,37.3970784803333,-121.984236333,2,0,0
3bb5d6c4-17d0-4088-a616-11ce03dd3274,1480722936.902,86133.8,37.3970784888333,-121.984236369,2,0,0
3bb5d6c4-17d0-4088-a616-11ce03dd3274,1480722937.1,86134,37.3970785063333,-121.9842363505,2,0,0
3bb5d6c4-17d0-4088-a616-11ce03dd3274,1480722937.298,86134.2,37.3970785355,-121.984236367167,2,0,0
3bb5d6c4-17d0-4088-a616-11ce03dd3274,1480722937.502,86134.4,37.3970785483333,-121.9842363725,2,0,0
3bb5d6c4-17d0-4088-a616-11ce03dd3274,1480722937.705,86134.6,37.397078448,-121.984236380833,2,0,0
3bb5d6c4-17d0-4088-a616-11ce03dd3274,1480722937.901,86134.8,37.3970782186667,-121.984236390667,2,0,0
3bb5d6c4-17d0-4088-a616-11ce03dd3274,1480722938.102,86135,37.3970777888333,-121.984236277333,2,0,0
3bb5d6c4-17d0-4088-a616-11ce03dd3274,1480722938.298,86135.2,37.3970772611667,-121.9842361825,2,0,0
3bb5d6c4-17d0-4088-a616-11ce03dd3274,1480722938.499,86135.4,37.3970765531667,-121.984236146167,2,0,0
3bb5d6c4-17d0-4088-a616-11ce03dd3274,1480722938.703,86135.6,37.3970758178333,-121.98423609,2,0,0
3bb5d6c4-17d0-4088-a616-11ce03dd3274,1480722938.898,86135.8,37.3970748445,-121.984235934,2,0,0
3bb5d6c4-17d0-4088-a616-11ce03dd3274,1480722939.098,86136,37.3970738088333,-121.984235846333,2,0,0
3bb5d6c4-17d0-4088-a616-11ce03dd3274,1480722939.304,86136.2,37.3970726966667,-121.984235709,2,0,0
3bb5d6c4-17d0-4088-a616-11ce03dd3274,1480722939.496,86136.4,37.397071485,-121.984235599,2,0,0
3bb5d6c4-17d0-4088-a616-11ce03dd3274,1480722939.699,86136.6,37.3970701891667,-121.984235473333,2,0,0
3bb5d6c4-17d0-4088-a616-11ce03dd3274,1480722939.9,86136.8,37.3970690233333,-121.984235412667,2,0,0
3bb5d6c4-17d0-4088-a616-11ce03dd3274,1480722940.105,86137,37.3970678825,-121.984235286333,2,0,0
3bb5d6c4-17d0-4088-a616-11ce03dd3274,1480722940.303,86137.2,37.3970666105,-121.984235201,2,0,0
3bb5d6c4-17d0-4088-a616-11ce03dd3274,1480722940.499,86137.4,37.3970652961667,-121.984235017,2,0,0
3bb5d6c4-17d0-4088-a616-11ce03dd3274,1480722940.704,86137.6,37.3970642326667,-121.984234836167,2,0,0
3bb5d6c4-17d0-4088-a616-11ce03dd3274,1480722940.897,86137.8,37.397063319,-121.984234659167,2,0,0
3bb5d6c4-17d0-4088-a616-11ce03dd3274,1480722941.104,86138,37.3970625883333,-121.984234603,2,0,0
3bb5d6c4-17d0-4088-a616-11ce03dd3274,1480722941.303,86138.2,37.39706182,-121.9842345035,2,0,0
3bb5d6c4-17d0-4088-a616-11ce03dd3274,1480722941.498,86138.4,37.397061043,-121.9842343815,2,0,0
3bb5d6c4-17d0-4088-a616-11ce03dd3274,1480722941.701,86138.6,37.3970602861667,-121.984234315333,2,0,0
3bb5d6c4-17d0-4088-a616-11ce03dd3274,1480722941.903,86138.8,37.397059585,-121.984234199667,2,0,0
3bb5d6c4-17d0-4088-a616-11ce03dd3274,1480722942.103,86139,37.3970589893333,-121.984234150667,2,0,0
3bb5d6c4-17d0-4088-a616-11ce03dd3274,1480722942.304,86139.2,37.3970584745,-121.984234132833,2,0,0
3bb5d6c4-17d0-4088-a616-11ce03dd3274,1480722942.501,86139.4,37.3970580733333,-121.984234050167,2,0,0
3bb5d6c4-17d0-4088-a616-11ce03dd3274,1480722942.703,86139.6,37.397057741,-121.984233967167,2,0,0
3bb5d6c4-17d0-4088-a616-11ce03dd3274,1480722942.901,86139.8,37.3970573706667,-121.9842338835,2,0,0
3bb5d6c4-17d0-4088-a616-11ce03dd3274,1480722943.098,86140,37.3970569196667,-121.9842338225,2,0,0
3bb5d6c4-17d0-4088-a616-11ce03dd3274,1480722943.301,86140.2,37.3970563921667,-121.9842337775,2,0,0
3bb5d6c4-17d0-4088-a616-11ce03dd3274,1480722943.5,86140.4,37.3970559366667,-121.984233663,2,0,0
3bb5d6c4-17d0-4088-a616-11ce03dd3274,1480722943.695,86140.6,37.3970555253333,-121.984233578,2,0,0
3bb5d6c4-17d0-4088-a616-11ce03dd3274,1480722943.904,86140.8,37.3970551133333,-121.984233554,2,0,0
3bb5d6c4-17d0-4088-a616-11ce03dd3274,1480722944.097,86141,37.3970547231667,-121.984233529333,2,0,0
3bb5d6c4-17d0-4088-a616-11ce03dd3274,1480722944.3,86141.2,37.3970544076667,-121.984233475167,2,0,0
3bb5d6c4-17d0-4088-a616-11ce03dd3274,1480722944.502,86141.4,37.3970541691667,-121.984233413167,2,0,0
3bb5d6c4-17d0-4088-a616-11ce03dd3274,1480722944.696,86141.6,37.397054021,-121.984233370167,2,0,0
3bb5d6c4-17d0-4088-a616-11ce03dd3274,1480722944.902,86141.8,37.3970538801667,-121.984233335333,2,0,0
3bb5d6c4-17d0-4088-a616-11ce03dd3274,1480722945.099,86142,37.3970536265,-121.984233269167,2,0,0
3bb5d6c4-17d0-4088-a616-11ce03dd3274,1480722945.306,86142.2,37.3970532541667,-121.984233219333,2,0,0
3bb5d6c4-17d0-4088-a616-11ce03dd3274,1480722945.501,86142.4,37.3970527406667,-121.9842332285,2,0,0
3bb5d6c4-17d0-4088-a616-11ce03dd3274,1480722945.699,86142.6,37.397052151,-121.984233208,2,0,0
3bb5d6c4-17d0-4088-a616-11ce03dd3274,1480722945.905,86142.8,37.3970513221667,-121.984233156,2,0,0
3bb5d6c4-17d0-4088-a616-11ce03dd3274,1480722946.1,86143,37.3970505198333,-121.984233114833,2,0,0
3bb5d6c4-17d0-4088-a616-11ce03dd3274,1480722946.302,86143.2,37.397049551,-121.984233058167,2,0,0
3bb5d6c4-17d0-4088-a616-11ce03dd3274,1480722946.498,86143.4,37.3970484516667,-121.984233035,2,0,0
3bb5d6c4-17d0-4088-a616-11ce03dd3274,1480722946.701,86143.6,37.397047268,-121.984232939167,2,0,0
3bb5d6c4-17d0-4088-a616-11ce03dd3274,1480722946.905,86143.8,37.3970460793333,-121.9842328585,2,0,0
3bb5d6c4-17d0-4088-a616-11ce03dd3274,1480722947.101,86144,37.3970449006667,-121.984232897833,2,0,0
3bb5d6c4-17d0-4088-a616-11ce03dd3274,1480722947.296,86144.2,37.3970438496667,-121.984232911833,2,0,0
3bb5d6c4-17d0-4088-a616-11ce03dd3274,1480722947.498,86144.4,37.3970427596667,-121.984232925167,2,0,0
3bb5d6c4-17d0-4088-a616-11ce03dd3274,1480722947.705,86144.6,37.3970416401667,-121.9842329295,2,0,0
3bb5d6c4-17d0-4088-a616-11ce03dd3274,1480722947.902,86144.8,37.3970405666667,-121.984232891,2,0,0
3bb5d6c4-17d0-4088-a616-11ce03dd3274,1480722948.103,86145,37.3970393576667,-121.984232860167,2,0,0
3bb5d6c4-17d0-4088-a616-11ce03dd3274,1480722948.305,86145.2,37.3970380813333,-121.984232808833,2,0,0
3bb5d6c4-17d0-4088-a616-11ce03dd3274,1480722948.504,86145.4,37.3970367753333,-121.984232820167,2,0,0
3bb5d6c4-17d0-4088-a616-11ce03dd3274,1480722948.698,86145.6,37.3970354476667,-121.984232823167,2,0,0
3bb5d6c4-17d0-4088-a616-11ce03dd3274,1480722948.906,86145.8,37.3970340688333,-121.984232784333,2,0,0
3bb5d6c4-17d0-4088-a616-11ce03dd3274,1480722949.1,86146,37.3970326928333,-121.984232792333,2,0,0
3bb5d6c4-17d0-4088-a616-11ce03dd3274,1480722949.305,86146.2,37.3970314885,-121.984232805167,2,0,0
3bb5d6c4-17d0-4088-a616-11ce03dd3274,1480722949.504,86146.4,37.397030258,-121.984232780333,2,0,0
3bb5d6c4-17d0-4088-a616-11ce03dd3274,1480722949.701,86146.6,37.3970289396667,-121.984232912,2,0,0
3bb5d6c4-17d0-4088-a616-11ce03dd3274,1480722949.897,86146.8,37.3970274935,-121.9842331175,2,0,0
3bb5d6c4-17d0-4088-a616-11ce03dd3274,1480722950.105,86147,37.3970260866667,-121.984233346667,2,0,0
3bb5d6c4-17d0-4088-a616-11ce03dd3274,1480722950.302,86147.2,37.397024625,-121.984233651833,2,0,0
3bb5d6c4-17d0-4088-a616-11ce03dd3274,1480722950.501,86147.4,37.3970233075,-121.984234069833,2,0,0
3bb5d6c4-17d0-4088-a616-11ce03dd3274,1480722950.7,86147.6,37.3970220558333,-121.984234516,2,0,0
3bb5d6c4-17d0-4088-a616-11ce03dd3274,1480722950.896,86147.8,37.397020934,-121.984234955333,2,0,0
3bb5d6c4-17d0-4088-a616-11ce03dd3274,1480722951.096,86148,37.397019889,-121.9842354655,2,0,0
3bb5d6c4-17d0-4088-a616-11ce03dd3274,1480722951.304,86148.2,37.3970188888333,-121.984236035,2,0,0
3bb5d6c4-17d0-4088-a616-11ce03dd3274,1480722951.502,86148.4,37.3970178603333,-121.9842366935,2,0,0
3bb5d6c4-17d0-4088-a616-11ce03dd3274,1480722951.701,86148.6,37.3970168595,-121.984237291333,2,0,0
3bb5d6c4-17d0-4088-a616-11ce03dd3274,1480722951.903,86148.8,37.3970160478333,-121.9842377925,2,0,0
3bb5d6c4-17d0-4088-a616-11ce03dd3274,1480722952.101,86149,37.3970154706667,-121.984238149833,2,0,0
3bb5d6c4-17d0-4088-a616-11ce03dd3274,1480722952.304,86149.2,37.3970150831667,-121.98423841,2,0,0
3bb5d6c4-17d0-4088-a616-11ce03dd3274,1480722952.503,86149.4,37.3970150788333,-121.984238402,2,0,0
3bb5d6c4-17d0-4088-a616-11ce03dd3274,1480722952.7,86149.6,37.3970152396667,-121.984238428833,2,0,0
3bb5d6c4-17d0-4088-a616-11ce03dd3274,1480722952.895,86149.8,37.3970152338333,-121.9842384005,2,0,0
3bb5d6c4-17d0-4088-a616-11ce03dd3274,1480722953.104,86150,37.3970152263333,-121.984238380333,2,0,0
3bb5d6c4-17d0-4088-a616-11ce03dd3274,1480722953.305,86150.2,37.3970152705,-121.984238367,2,0,0
3bb5d6c4-17d0-4088-a616-11ce03dd3274,1480722953.501,86150.4,37.3970152871667,-121.984238344167,2,0,0
3bb5d6c4-17d0-4088-a616-11ce03dd3274,1480722953.704,86150.6,37.3970153238333,-121.984238271833,2,0,0
3bb5d6c4-17d0-4088-a616-11ce03dd3274,1480722953.899,86150.8,37.3970154458333,-121.984238151333,2,0,0
3bb5d6c4-17d0-4088-a616-11ce03dd3274,1480722954.1,86151,37.3970156991667,-121.984237863,2,0,0
3bb5d6c4-17d0-4088-a616-11ce03dd3274,1480722954.303,86151.2,37.3970160261667,-121.984237470167,2,0,0
3bb5d6c4-17d0-4088-a616-11ce03dd3274,1480722954.496,86151.4,37.3970164961667,-121.984236941333,2,0,0
3bb5d6c4-17d0-4088-a616-11ce03dd3274,1480722954.703,86151.6,37.3970170981667,-121.984236256,2,0,0
3bb5d6c4-17d0-4088-a616-11ce03dd3274,1480722954.896,86151.8,37.3970178205,-121.984235507,2,0,0
3bb5d6c4-17d0-4088-a616-11ce03dd3274,1480722955.103,86152,37.3970185715,-121.984234540667,2,0,0
3bb5d6c4-17d0-4088-a616-11ce03dd3274,1480722955.304,86152.2,37.3970194506667,-121.984233273833,2,0,0
3bb5d6c4-17d0-4088-a616-11ce03dd3274,1480722955.496,86152.4,37.3970205218333,-121.9842319335,2,0,0
3bb5d6c4-17d0-4088-a616-11ce03dd3274,1480722955.702,86152.6,37.3970216656667,-121.9842304525,2,0,0
3bb5d6c4-17d0-4088-a616-11ce03dd3274,1480722955.897,86152.8,37.3970228651667,-121.984228744667,2,0,0
3bb5d6c4-17d0-4088-a616-11ce03dd3274,1480722956.104,86153,37.3970240561667,-121.984226851667,2,0,0
3bb5d6c4-17d0-4088-a616-11ce03dd3274,1480722956.296,86153.2,37.3970252508333,-121.984224761333,2,0,0
3bb5d6c4-17d0-4088-a616-11ce03dd3274,1480722956.495,86153.4,37.3970262498333,-121.984222421667,2,0,0
3bb5d6c4-17d0-4088-a616-11ce03dd3274,1480722956.699,86153.6,37.3970273383333,-121.984220004833,2,0,0
3bb5d6c4-17d0-4088-a616-11ce03dd3274,1480722956.896,86153.8,37.3970282096667,-121.984217452167,2,0,0
3bb5d6c4-17d0-4088-a616-11ce03dd3274,1480722957.095,86154,37.3970290426667,-121.984214707167,2,0,0
3bb5d6c4-17d0-4088-a616-11ce03dd3274,1480722957.301,86154.2,37.3970297265,-121.984211863667,2,0,0
3bb5d6c4-17d0-4088-a616-11ce03dd3274,1480722957.504,86154.4,37.3970303203333,-121.984208956833,2,0,0
3bb5d6c4-17d0-4088-a616-11ce03dd3274,1480722957.695,86154.6,37.3970309226667,-121.984205986333,2,0,0
3bb5d6c4-17d0-4088-a616-11ce03dd3274,1480722957.9,86154.8,37.397031408,-121.984203027,2,0,0
3bb5d6c4-17d0-4088-a616-11ce03dd3274,1480722958.103,86155,37.3970318431667,-121.984199997833,2,0,0
3bb5d6c4-17d0-4088-a616-11ce03dd3274,1480722958.298,86155.2,37.3970320876667,-121.984196986,2,0,0
3bb5d6c4-17d0-4088-a616-11ce03dd3274,1480722958.502,86155.4,37.3970321215,-121.9841940615,2,0,0
3bb5d6c4-17d0-4088-a616-11ce03dd3274,1480722958.697,86155.6,37.3970320685,-121.984191293833,2,0,0
3bb5d6c4-17d0-4088-a616-11ce03dd3274,1480722958.894,86155.8,37.3970319385,-121.984188645,2,0,0
3bb5d6c4-17d0-4088-a616-11ce03dd3274,1480722959.097,86156,37.3970318541667,-121.984186247,2,0,0
3bb5d6c4-17d0-4088-a616-11ce03dd3274,1480722959.298,86156.2,37.3970317255,-121.984184072,2,0,0
3bb5d6c4-17d0-4088-a616-11ce03dd3274,1480722959.498,86156.4,37.3970314606667,-121.984182144333,2,0,0
3bb5d6c4-17d0-4088-a616-11ce03dd3274,1480722959.699,86156.6,37.3970312691667,-121.984180169167,2,0,0
3bb5d6c4-17d0-4088-a616-11ce03dd3274,1480722959.902,86156.8,37.3970310185,-121.984178282667,2,0,0
3bb5d6c4-17d0-4088-a616-11ce03dd3274,1480722960.101,86157,37.3970307345,-121.984176224333,2,0,0
3bb5d6c4-17d0-4088-a616-11ce03dd3274,1480722960.297,86157.2,37.3970303126667,-121.984174062167,2,0,0
3bb5d6c4-17d0-4088-a616-11ce03dd3274,1480722960.5,86157.4,37.3970298848333,-121.984171750167,2,0,0
3bb5d6c4-17d0-4088-a616-11ce03dd3274,1480722960.696,86157.6,37.3970294681667,-121.984169244333,2,0,0
3bb5d6c4-17d0-4088-a616-11ce03dd3274,1480722960.901,86157.8,37.397028946,-121.984166666,2,0,0
3bb5d6c4-17d0-4088-a616-11ce03dd3274,1480722961.097,86158,37.3970284648333,-121.984163862167,2,0,0
3bb5d6c4-17d0-4088-a616-11ce03dd3274,1480722961.302,86158.2,37.3970278571667,-121.984161025833,2,0,0
3bb5d6c4-17d0-4088-a616-11ce03dd3274,1480722961.497,86158.4,37.3970273445,-121.984158031833,2,0,0
3bb5d6c4-17d0-4088-a616-11ce03dd3274,1480722961.702,86158.6,37.3970267205,-121.984154831167,2,0,0
3bb5d6c4-17d0-4088-a616-11ce03dd3274,1480722961.897,86158.8,37.3970260623333,-121.984151218,2,0,0
3bb5d6c4-17d0-4088-a616-11ce03dd3274,1480722962.105,86159,37.3970253828333,-121.984147234833,2,0,0
3bb5d6c4-17d0-4088-a616-11ce03dd3274,1480722962.297,86159.2,37.3970245171667,-121.984142949167,2,0,0
3bb5d6c4-17d0-4088-a616-11ce03dd3274,1480722962.5,86159.4,37.3970238141667,-121.984138322667,2,0,0
3bb5d6c4-17d0-4088-a616-11ce03dd3274,1480722962.704,86159.6,37.3970230355,-121.98413331,2,0,0
3bb5d6c4-17d0-4088-a616-11ce03dd3274,1480722962.896,86159.8,37.3970222556667,-121.984128065833,2,0,0
3bb5d6c4-17d0-4088-a616-11ce03dd3274,1480722963.1,86160,37.3970215183333,-121.984122399167,2,0,0
3bb5d6c4-17d0-4088-a616-11ce03dd3274,1480722963.297,86160.2,37.3970209275,-121.984116567833,2,0,0
3bb5d6c4-17d0-4088-a616-11ce03dd3274,1480722963.5,86160.4,37.3970202116667,-121.984110433667,2,0,0
3bb5d6c4-17d0-4088-a616-11ce03dd3274,1480722963.699,86160.6,37.3970196735,-121.984104022833,2,0,0
3bb5d6c4-17d0-4088-a616-11ce03dd3274,1480722963.904,86160.8,37.3970192321667,-121.984097369667,2,0,0
3bb5d6c4-17d0-4088-a616-11ce03dd3274,1480722964.1,86161,37.3970187513333,-121.984090506,2,0,0
3bb5d6c4-17d0-4088-a616-11ce03dd3274,1480722964.297,86161.2,37.3970184631667,-121.9840833305,2,0,0
3bb5d6c4-17d0-4088-a616-11ce03dd3274,1480722964.499,86161.4,37.3970181485,-121.984075973167,2,0,0
3bb5d6c4-17d0-4088-a616-11ce03dd3274,1480722964.705,86161.6,37.3970179251667,-121.984068358667,2,0,0
3bb5d6c4-17d0-4088-a616-11ce03dd3274,1480722964.902,86161.8,37.397017867,-121.984060628833,2,0,0
3bb5d6c4-17d0-4088-a616-11ce03dd3274,1480722965.103,86162,37.3970179105,-121.984052714667,2,0,0
3bb5d6c4-17d0-4088-a616-11ce03dd3274,1480722965.299,86162.2,37.3970179573333,-121.984044609167,2,0,0
3bb5d6c4-17d0-4088-a616-11ce03dd3274,1480722965.503,86162.4,37.3970180591667,-121.984036310667,2,0,0
3bb5d6c4-17d0-4088-a616-11ce03dd3274,1480722965.695,86162.6,37.3970183066667,-121.984027860833,2,0,0
3bb5d6c4-17d0-4088-a616-11ce03dd3274,1480722965.903,86162.8,37.3970186215,-121.984019254833,2,0,0
3bb5d6c4-17d0-4088-a616-11ce03dd3274,1480722966.1,86163,37.3970189143333,-121.984010457667,2,0,0
3bb5d6c4-17d0-4088-a616-11ce03dd3274,1480722966.298,86163.2,37.3970191235,-121.984001536333,2,0,0
3bb5d6c4-17d0-4088-a616-11ce03dd3274,1480722966.496,86163.4,37.3970193555,-121.983992420667,2,0,0
3bb5d6c4-17d0-4088-a616-11ce03dd3274,1480722966.7,86163.6,37.3970196881667,-121.983983308167,2,0,0
3bb5d6c4-17d0-4088-a616-11ce03dd3274,1480722966.896,86163.8,37.3970200116667,-121.983974214833,2,0,0
3bb5d6c4-17d0-4088-a616-11ce03dd3274,1480722967.095,86164,37.3970202465,-121.983965187667,2,0,0
3bb5d6c4-17d0-4088-a616-11ce03dd3274,1480722967.303,86164.2,37.3970206311667,-121.983956181333,2,0,0
3bb5d6c4-17d0-4088-a616-11ce03dd3274,1480722967.496,86164.4,37.3970209663333,-121.983947198333,2,0,0
3bb5d6c4-17d0-4088-a616-11ce03dd3274,1480722967.702,86164.6,37.3970213156667,-121.983938230167,2,0,0
3bb5d6c4-17d0-4088-a616-11ce03dd3274,1480722967.896,86164.8,37.3970217055,-121.983929274167,2,0,0
3bb5d6c4-17d0-4088-a616-11ce03dd3274,1480722968.101,86165,37.397022112,-121.983920311167,2,0,0
3bb5d6c4-17d0-4088-a616-11ce03dd3274,1480722968.303,86165.2,37.3970225261667,-121.983911246167,2,0,0
3bb5d6c4-17d0-4088-a616-11ce03dd3274,1480722968.496,86165.4,37.3970229111667,-121.983902283,2,0,0
3bb5d6c4-17d0-4088-a616-11ce03dd3274,1480722968.702,86165.6,37.3970234221667,-121.983893279167,2,0,0
3bb5d6c4-17d0-4088-a616-11ce03dd3274,1480722968.899,86165.8,37.3970239436667,-121.9838842915,2,0,0
3bb5d6c4-17d0-4088-a616-11ce03dd3274,1480722969.1,86166,37.3970245,-121.983875287833,2,0,0
3bb5d6c4-17d0-4088-a616-11ce03dd3274,1480722969.305,86166.2,37.397025159,-121.983866291167,2,0,0
3bb5d6c4-17d0-4088-a616-11ce03dd3274,1480722969.498,86166.4,37.397025977,-121.983857299667,2,0,0
3bb5d6c4-17d0-4088-a616-11ce03dd3274,1480722969.695,86166.6,37.3970269421667,-121.983848329,2,0,0
3bb5d6c4-17d0-4088-a616-11ce03dd3274,1480722969.902,86166.8,37.3970281006667,-121.983839385667,2,0,0
3bb5d6c4-17d0-4088-a616-11ce03dd3274,1480722970.102,86167,37.3970295508333,-121.983830582,2,0,0
3bb5d6c4-17d0-4088-a616-11ce03dd3274,1480722970.299,86167.2,37.3970312473333,-121.983821815167,2,0,0
3bb5d6c4-17d0-4088-a616-11ce03dd3274,1480722970.495,86167.4,37.3970333375,-121.983813163667,2,0,0
3bb5d6c4-17d0-4088-a616-11ce03dd3274,1480722970.696,86167.6,37.3970357936667,-121.9838046245,2,0,0
3bb5d6c4-17d0-4088-a616-11ce03dd3274,1480722970.9,86167.8,37.397038502,-121.9837963215,2,0,0
3bb5d6c4-17d0-4088-a616-11ce03dd3274,1480722971.101,86168,37.3970418471667,-121.983788265,2,0,0
3bb5d6c4-17d0-4088-a616-11ce03dd3274,1480722971.298,86168.2,37.3970456345,-121.983780501,2,0,0
3bb5d6c4-17d0-4088-a616-11ce03dd3274,1480722971.5,86168.4,37.3970496586667,-121.983772904833,2,0,0
3bb5d6c4-17d0-4088-a616-11ce03dd3274,1480722971.701,86168.6,37.3970542913333,-121.983765839667,2,0,0
3bb5d6c4-17d0-4088-a616-11ce03dd3274,1480722971.903,86168.8,37.3970591915,-121.9837592565,2,0,0
3bb5d6c4-17d0-4088-a616-11ce03dd3274,1480722972.103,86169,37.3970644356667,-121.983753092833,2,0,0
3bb5d6c4-17d0-4088-a616-11ce03dd3274,1480722972.295,86169.2,37.3970702251667,-121.983747947333,2,0,0
3bb5d6c4-17d0-4088-a616-11ce03dd3274,1480722972.499,86169.4,37.3970765473333,-121.983743390333,2,0,0
3bb5d6c4-17d0-4088-a616-11ce03dd3274,1480722972.704,86169.6,37.3970830518333,-121.983739342833,2,0,0
3bb5d6c4-17d0-4088-a616-11ce03dd3274,1480722972.9,86169.8,37.3970898531667,-121.983736123833,2,0,0
3bb5d6c4-17d0-4088-a616-11ce03dd3274,1480722973.103,86170,37.3970967226667,-121.983733702833,2,0,0
3bb5d6c4-17d0-4088-a616-11ce03dd3274,1480722973.297,86170.2,37.397103699,-121.9837319365,2,0,0
3bb5d6c4-17d0-4088-a616-11ce03dd3274,1480722973.496,86170.4,37.3971108005,-121.983731000833,2,0,0
3bb5d6c4-17d0-4088-a616-11ce03dd3274,1480722973.705,86170.6,37.397117818,-121.983730778667,2,0,0
3bb5d6c4-17d0-4088-a616-11ce03dd3274,1480722973.902,86170.8,37.397124637,-121.983731371,2,0,0
3bb5d6c4-17d0-4088-a616-11ce03dd3274,1480722974.103,86171,37.3971313418333,-121.983732882167,2,0,0
3bb5d6c4-17d0-4088-a616-11ce03dd3274,1480722974.294,86171.2,37.39713778,-121.983735111667,2,0,0
3bb5d6c4-17d0-4088-a616-11ce03dd3274,1480722974.494,86171.4,37.3971439483333,-121.98373811,2,0,0
3bb5d6c4-17d0-4088-a616-11ce03dd3274,1480722974.694,86171.6,37.397149611,-121.983741718833,2,0,0
3bb5d6c4-17d0-4088-a616-11ce03dd3274,1480722974.903,86171.8,37.3971550673333,-121.9837459025,2,0,0
3bb5d6c4-17d0-4088-a616-11ce03dd3274,1480722975.099,86172,37.3971602246667,-121.983750715167,2,0,0
3bb5d6c4-17d0-4088-a616-11ce03dd3274,1480722975.304,86172.2,37.3971648505,-121.983756146667,2,0,0
3bb5d6c4-17d0-4088-a616-11ce03dd3274,1480722975.497,86172.4,37.3971691728333,-121.983762073,2,0,0
3bb5d6c4-17d0-4088-a616-11ce03dd3274,1480722975.697,86172.6,37.3971730953333,-121.983768524,2,0,0
3bb5d6c4-17d0-4088-a616-11ce03dd3274,1480722975.899,86172.8,37.3971766526667,-121.983775397,2,0,0
3bb5d6c4-17d0-4088-a616-11ce03dd3274,1480722976.104,86173,37.3971797611667,-121.983782651667,2,0,0
3bb5d6c4-17d0-4088-a616-11ce03dd3274,1480722976.296,86173.2,37.3971824105,-121.983790363333,2,0,0
3bb5d6c4-17d0-4088-a616-11ce03dd3274,1480722976.5,86173.4,37.397184684,-121.9837983695,2,0,0
3bb5d6c4-17d0-4088-a616-11ce03dd3274,1480722976.695,86173.6,37.3971866635,-121.983806524833,2,0,0
3bb5d6c4-17d0-4088-a616-11ce03dd3274,1480722976.903,86173.8,37.3971881223333,-121.983815010167,2,0,0
3bb5d6c4-17d0-4088-a616-11ce03dd3274,1480722977.098,86174,37.3971893928333,-121.983823670167,2,0,0
3bb5d6c4-17d0-4088-a616-11ce03dd3274,1480722977.303,86174.2,37.3971904073333,-121.983832554333,2,0,0
3bb5d6c4-17d0-4088-a616-11ce03dd3274,1480722977.495,86174.4,37.3971912911667,-121.983841520667,2,0,0
3bb5d6c4-17d0-4088-a616-11ce03dd3274,1480722977.7,86174.6,37.3971921463333,-121.983850528833,2,0,0
3bb5d6c4-17d0-4088-a616-11ce03dd3274,1480722977.895,86174.8,37.3971928268333,-121.983859663333,2,0,0
3bb5d6c4-17d0-4088-a616-11ce03dd3274,1480722978.097,86175,37.3971933715,-121.98386886,2,0,0
3bb5d6c4-17d0-4088-a616-11ce03dd3274,1480722978.302,86175.2,37.3971937413333,-121.983878235167,2,0,0
3bb5d6c4-17d0-4088-a616-11ce03dd3274,1480722978.497,86175.4,37.3971940545,-121.983887657333,2,0,0
3bb5d6c4-17d0-4088-a616-11ce03dd3274,1480722978.7,86175.6,37.3971941161667,-121.9838972905,2,0,0
3bb5d6c4-17d0-4088-a616-11ce03dd3274,1480722978.895,86175.8,37.3971942821667,-121.983906798333,2,0,0
3bb5d6c4-17d0-4088-a616-11ce03dd3274,1480722979.096,86176,37.3971942921667,-121.9839164675,2,0,0
3bb5d6c4-17d0-4088-a616-11ce03dd3274,1480722979.3,86176.2,37.3971943471667,-121.9839262355,2,0,0
3bb5d6c4-17d0-4088-a616-11ce03dd3274,1480722979.495,86176.4,37.3971943521667,-121.983936042667,2,0,0
3bb5d6c4-17d0-4088-a616-11ce03dd3274,1480722979.7,86176.6,37.397194252,-121.9839457895,2,0,0
3bb5d6c4-17d0-4088-a616-11ce03dd3274,1480722979.898,86176.8,37.397194093,-121.983955675833,2,0,0
3bb5d6c4-17d0-4088-a616-11ce03dd3274,1480722980.098,86177,37.3971938765,-121.983965505,2,0,0
3bb5d6c4-17d0-4088-a616-11ce03dd3274,1480722980.303,86177.2,37.3971936798333,-121.983975331333,2,0,0
3bb5d6c4-17d0-4088-a616-11ce03dd3274,1480722980.495,86177.4,37.3971933841667,-121.9839851305,2,0,0
3bb5d6c4-17d0-4088-a616-11ce03dd3274,1480722980.701,86177.6,37.3971930601667,-121.983994906667,2,0,0
3bb5d6c4-17d0-4088-a616-11ce03dd3274,1480722980.899,86177.8,37.397192681,-121.984004643833,2,0,0
3bb5d6c4-17d0-4088-a616-11ce03dd3274,1480722981.105,86178,37.3971924046667,-121.984014347667,2,0,0
3bb5d6c4-17d0-4088-a616-11ce03dd3274,1480722981.299,86178.2,37.3971921103333,-121.9840240025,2,0,0
3bb5d6c4-17d0-4088-a616-11ce03dd3274,1480722981.497,86178.4,37.3971917663333,-121.984033688,2,0,0
3bb5d6c4-17d0-4088-a616-11ce03dd3274,1480722981.7,86178.6,37.397191542,-121.984043370333,2,0,0
3bb5d6c4-17d0-4088-a616-11ce03dd3274,1480722981.898,86178.8,37.397191373,-121.984052978167,2,0,0
3bb5d6c4-17d0-4088-a616-11ce03dd3274,1480722982.104,86179,37.3971911123333,-121.984062549333,2,0,0
3bb5d6c4-17d0-4088-a616-11ce03dd3274,1480722982.302,86179.2,37.3971908996667,-121.984072066333,2,0,0
3bb5d6c4-17d0-4088-a616-11ce03dd3274,1480722982.496,86179.4,37.3971907065,-121.984081536,2,0,0
3bb5d6c4-17d0-4088-a616-11ce03dd3274,1480722982.698,86179.6,37.3971904903333,-121.984090689167,2,0,0
3bb5d6c4-17d0-4088-a616-11ce03dd3274,1480722982.895,86179.8,37.3971902211667,-121.984099254333,2,0,0
3bb5d6c4-17d0-4088-a616-11ce03dd3274,1480722983.098,86180,37.39719009,-121.984106825333,2,0,0
3bb5d6c4-17d0-4088-a616-11ce03dd3274,1480722983.304,86180.2,37.3971899768333,-121.984113361,2,0,0
3bb5d6c4-17d0-4088-a616-11ce03dd3274,1480722983.495,86180.4,37.397189906,-121.984118942167,2,0,0
3bb5d6c4-17d0-4088-a616-11ce03dd3274,1480722983.696,86180.6,37.397189784,-121.984123612667,2,0,0
3bb5d6c4-17d0-4088-a616-11ce03dd3274,1480722983.895,86180.8,37.3971897658333,-121.984127207667,2,0,0
3bb5d6c4-17d0-4088-a616-11ce03dd3274,1480722984.097,86181,37.3971896926667,-121.984129741,2,0,0
3bb5d6c4-17d0-4088-a616-11ce03dd3274,1480722984.302,86181.2,37.3971896641667,-121.9841313775,2,0,0
3bb5d6c4-17d0-4088-a616-11ce03dd3274,1480722984.496,86181.4,37.3971896503333,-121.984132218,2,0,0
3bb5d6c4-17d0-4088-a616-11ce03dd3274,1480722984.701,86181.6,37.3971896265,-121.984132318833,2,0,0
3bb5d6c4-17d0-4088-a616-11ce03dd3274,1480722984.904,86181.8,37.3971896411667,-121.984132115833,2,0,0
3bb5d6c4-17d0-4088-a616-11ce03dd3274,1480722985.095,86182,37.3971896525,-121.984132056167,2,0,0
3bb5d6c4-17d0-4088-a616-11ce03dd3274,1480722985.299,86182.2,37.3971896395,-121.984132062167,2,0,0
3bb5d6c4-17d0-4088-a616-11ce03dd3274,1480722985.505,86182.4,37.3971896621667,-121.984132030667,2,0,0
3bb5d6c4-17d0-4088-a616-11ce03dd3274,1480722985.697,86182.6,37.3971896615,-121.984132019167,2,0,0
3bb5d6c4-17d0-4088-a616-11ce03dd3274,1480722985.902,86182.8,37.3971896645,-121.9841319805,2,0,0
3bb5d6c4-17d0-4088-a616-11ce03dd3274,1480722986.098,86183,37.3971896555,-121.98413196,2,0,0
3bb5d6c4-17d0-4088-a616-11ce03dd3274,1480722986.297,86183.2,37.3971896621667,-121.984131931667,2,0,0
3bb5d6c4-17d0-4088-a616-11ce03dd3274,1480722986.5,86183.4,37.3971896613333,-121.9841319045,2,0,0
3bb5d6c4-17d0-4088-a616-11ce03dd3274,1480722986.697,86183.6,37.3971896646667,-121.984131877,2,0,0
3bb5d6c4-17d0-4088-a616-11ce03dd3274,1480722986.901,86183.8,37.3971896393333,-121.984131861167,2,0,0
3bb5d6c4-17d0-4088-a616-11ce03dd3274,1480722987.097,86184,37.3971896443333,-121.9841318425,2,0,0
3bb5d6c4-17d0-4088-a616-11ce03dd3274,1480722987.301,86184.2,37.3971896211667,-121.984131815167,2,0,0
3bb5d6c4-17d0-4088-a616-11ce03dd3274,1480722987.502,86184.4,37.397189619,-121.9841317985,2,0,0
3bb5d6c4-17d0-4088-a616-11ce03dd3274,1480722987.694,86184.6,37.3971895928333,-121.984131792333,2,0,0
3bb5d6c4-17d0-4088-a616-11ce03dd3274,1480722987.897,86184.8,37.3971895756667,-121.984131754333,2,0,0
3bb5d6c4-17d0-4088-a616-11ce03dd3274,1480722988.1,86185,37.397189553,-121.984131728,2,0,0
3bb5d6c4-17d0-4088-a616-11ce03dd3274,1480722988.295,86185.2,37.3971895173333,-121.984131700833,2,0,0
3bb5d6c4-17d0-4088-a616-11ce03dd3274,1480722988.499,86185.4,37.3971895046667,-121.984131686167,2,0,0
3bb5d6c4-17d0-4088-a616-11ce03dd3274,1480722988.695,86185.6,37.3971894908333,-121.984131659167,2,0,0
3bb5d6c4-17d0-4088-a616-11ce03dd3274,1480722988.902,86185.8,37.3971894771667,-121.984131633167,2,0,0
3bb5d6c4-17d0-4088-a616-11ce03dd3274,1480722989.098,86186,37.3971894671667,-121.984131607833,2,0,0
3bb5d6c4-17d0-4088-a616-11ce03dd3274,1480722989.301,86186.2,37.3971894548333,-121.9841316,2,0,0
3bb5d6c4-17d0-4088-a616-11ce03dd3274,1480722989.496,86186.4,37.397189446,-121.984131585833,2,0,0
3bb5d6c4-17d0-4088-a616-11ce03dd3274,1480722989.699,86186.6,37.397189434,-121.984131572,2,0,0
3bb5d6c4-17d0-4088-a616-11ce03dd3274,1480722989.901,86186.8,37.3971894265,-121.984131562,2,0,0
3bb5d6c4-17d0-4088-a616-11ce03dd3274,1480722990.096,86187,37.3971894218333,-121.9841315545,2,0,0
3bb5d6c4-17d0-4088-a616-11ce03dd3274,1480722990.302,86187.2,37.397189406,-121.9841315595,2,0,0
3bb5d6c4-17d0-4088-a616-11ce03dd3274,1480722990.503,86187.4,37.3971893926667,-121.984131633167,2,0,0
3bb5d6c4-17d0-4088-a616-11ce03dd3274,1480722990.695,86187.6,37.3971893856667,-121.984131839833,2,0,0
3bb5d6c4-17d0-4088-a616-11ce03dd3274,1480722990.899,86187.8,37.3971893643333,-121.984132187,2,0,0
3bb5d6c4-17d0-4088-a616-11ce03dd3274,1480722991.096,86188,37.3971893396667,-121.984132700667,2,0,0
3bb5d6c4-17d0-4088-a616-11ce03dd3274,1480722991.298,86188.2,37.3971893208333,-121.984133356833,2,0,0
3bb5d6c4-17d0-4088-a616-11ce03dd3274,1480722991.5,86188.4,37.3971893033333,-121.984134232,2,0,0
3bb5d6c4-17d0-4088-a616-11ce03dd3274,1480722991.695,86188.6,37.39718928,-121.984135231167,2,0,0
3bb5d6c4-17d0-4088-a616-11ce03dd3274,1480722991.903,86188.8,37.3971892443333,-121.98413644,2,0,0
3bb5d6c4-17d0-4088-a616-11ce03dd3274,1480722992.099,86189,37.3971892411667,-121.984137875833,2,0,0
3bb5d6c4-17d0-4088-a616-11ce03dd3274,1480722992.295,86189.2,37.3971891841667,-121.984139565667,2,0,0
3bb5d6c4-17d0-4088-a616-11ce03dd3274,1480722992.499,86189.4,37.3971891245,-121.984141526333,2,0,0
3bb5d6c4-17d0-4088-a616-11ce03dd3274,1480722992.702,86189.6,37.3971890891667,-121.9841437965,2,0,0
3bb5d6c4-17d0-4088-a616-11ce03dd3274,1480722992.895,86189.8,37.3971890586667,-121.9841462675,2,0,0
3bb5d6c4-17d0-4088-a616-11ce03dd3274,1480722993.094,86190,37.3971890001667,-121.984148972667,2,0,0
3bb5d6c4-17d0-4088-a616-11ce03dd3274,1480722993.299,86190.2,37.3971889755,-121.984151993333,2,0,0
3bb5d6c4-17d0-4088-a616-11ce03dd3274,1480722993.501,86190.4,37.3971889321667,-121.984155189167,2,0,0
3bb5d6c4-17d0-4088-a616-11ce03dd3274,1480722993.697,86190.6,37.3971889028333,-121.984158638833,2,0,0
3bb5d6c4-17d0-4088-a616-11ce03dd3274,1480722993.903,86190.8,37.3971888603333,-121.984162267833,2,0,0
3bb5d6c4-17d0-4088-a616-11ce03dd3274,1480722994.098,86191,37.3971887908333,-121.9841660625,2,0,0
3bb5d6c4-17d0-4088-a616-11ce03dd3274,1480722994.304,86191.2,37.3971887565,-121.984170062,2,0,0
3bb5d6c4-17d0-4088-a616-11ce03dd3274,1480722994.496,86191.4,37.3971887058333,-121.984174267,2,0,0
3bb5d6c4-17d0-4088-a616-11ce03dd3274,1480722994.698,86191.6,37.3971886825,-121.984178632833,2,0,0
3bb5d6c4-17d0-4088-a616-11ce03dd3274,1480722994.903,86191.8,37.3971886126667,-121.984183135333,2,0,0
3bb5d6c4-17d0-4088-a616-11ce03dd3274,1480722995.098,86192,37.3971885093333,-121.984187873667,2,0,0
3bb5d6c4-17d0-4088-a616-11ce03dd3274,1480722995.301,86192.2,37.397188434,-121.984192678833,2,0,0
3bb5d6c4-17d0-4088-a616-11ce03dd3274,1480722995.495,86192.4,37.3971883355,-121.984197664667,2,0,0
3bb5d6c4-17d0-4088-a616-11ce03dd3274,1480722995.703,86192.6,37.3971882696667,-121.984202795333,2,0,0
3bb5d6c4-17d0-4088-a616-11ce03dd3274,1480722995.895,86192.8,37.397188247,-121.9842080915,2,0,0
3bb5d6c4-17d0-4088-a616-11ce03dd3274,1480722996.095,86193,37.397188168,-121.984213528333,2,0,0
3bb5d6c4-17d0-4088-a616-11ce03dd3274,1480722996.296,86193.2,37.3971880341667,-121.9842188755,2,0,0
3bb5d6c4-17d0-4088-a616-11ce03dd3274,1480722996.499,86193.4,37.3971880338333,-121.984224091833,2,0,0
3bb5d6c4-17d0-4088-a616-11ce03dd3274,1480722996.694,86193.6,37.3971880446667,-121.984229933167,2,0,0
3bb5d6c4-17d0-4088-a616-11ce03dd3274,1480722996.903,86193.8,37.3971878168333,-121.984236332333,2,0,0
3bb5d6c4-17d0-4088-a616-11ce03dd3274,1480722997.097,86194,37.397187629,-121.984242409333,2,0,0
3bb5d6c4-17d0-4088-a616-11ce03dd3274,1480722997.302,86194.2,37.3971875995,-121.984248577667,2,0,0
3bb5d6c4-17d0-4088-a616-11ce03dd3274,1480722997.503,86194.4,37.3971875388333,-121.984255186833,2,0,0
3bb5d6c4-17d0-4088-a616-11ce03dd3274,1480722997.694,86194.6,37.3971874298333,-121.984261471667,2,0,0
3bb5d6c4-17d0-4088-a616-11ce03dd3274,1480722997.903,86194.8,37.3971872756667,-121.9842679645,2,0,0
3bb5d6c4-17d0-4088-a616-11ce03dd3274,1480722998.104,86195,37.3971872301667,-121.984275185167,2,0,0
3bb5d6c4-17d0-4088-a616-11ce03dd3274,1480722998.297,86195.2,37.3971871431667,-121.984282450833,2,0,0
3bb5d6c4-17d0-4088-a616-11ce03dd3274,1480722998.499,86195.4,37.3971869855,-121.9842898025,2,0,0
3bb5d6c4-17d0-4088-a616-11ce03dd3274,1480722998.7,86195.6,37.3971869733333,-121.984297454333,2,0,0
3bb5d6c4-17d0-4088-a616-11ce03dd3274,1480722998.895,86195.8,37.397186849,-121.9843053045,2,0,0
3bb5d6c4-17d0-4088-a616-11ce03dd3274,1480722999.098,86196,37.3971867773333,-121.984313261167,2,0,0
3bb5d6c4-17d0-4088-a616-11ce03dd3274,1480722999.302,86196.2,37.397186751,-121.984321339333,2,0,0
3bb5d6c4-17d0-4088-a616-11ce03dd3274,1480722999.505,86196.4,37.39718666,-121.984329511667,2,0,0
3bb5d6c4-17d0-4088-a616-11ce03dd3274,1480722999.7,86196.6,37.3971865568333,-121.9843377265,2,0,0
3bb5d6c4-17d0-4088-a616-11ce03dd3274,1480722999.904,86196.8,37.3971864963333,-121.984346002333,2,0,0
3bb5d6c4-17d0-4088-a616-11ce03dd3274,1480723000.097,86197,37.3971863636667,-121.9843542925,2,0,0
3bb5d6c4-17d0-4088-a616-11ce03dd3274,1480723000.295,86197.2,37.3971862721667,-121.984362649,2,0,0
3bb5d6c4-17d0-4088-a616-11ce03dd3274,1480723000.498,86197.4,37.3971861115,-121.9843710655,2,0,0
3bb5d6c4-17d0-4088-a616-11ce03dd3274,1480723000.701,86197.6,37.397185946,-121.984379432333,2,0,0
3bb5d6c4-17d0-4088-a616-11ce03dd3274,1480723000.894,86197.8,37.3971857635,-121.984387861833,2,0,0
3bb5d6c4-17d0-4088-a616-11ce03dd3274,1480723001.097,86198,37.3971856385,-121.984396339333,2,0,0
3bb5d6c4-17d0-4088-a616-11ce03dd3274,1480723001.303,86198.2,37.3971854025,-121.984404865333,2,0,0
3bb5d6c4-17d0-4088-a616-11ce03dd3274,1480723001.502,86198.4,37.3971852068333,-121.984413076333,2,0,0
3bb5d6c4-17d0-4088-a616-11ce03dd3274,1480723001.698,86198.6,37.3971850755,-121.984421583833,2,0,0
3bb5d6c4-17d0-4088-a616-11ce03dd3274,1480723001.902,86198.8,37.3971848033333,-121.984430541833,2,0,0
3bb5d6c4-17d0-4088-a616-11ce03dd3274,1480723002.096,86199,37.3971844503333,-121.984439253167,2,0,0
3bb5d6c4-17d0-4088-a616-11ce03dd3274,1480723002.301,86199.2,37.397184416,-121.984447890667,2,0,0
3bb5d6c4-17d0-4088-a616-11ce03dd3274,1480723002.494,86199.4,37.3971841896667,-121.9844563295,2,0,0
3bb5d6c4-17d0-4088-a616-11ce03dd3274,1480723002.697,86199.6,37.3971839501667,-121.984465462333,2,0,0
3bb5d6c4-17d0-4088-a616-11ce03dd3274,1480723002.901,86199.8,37.3971838283333,-121.984474784833,2,0,0
3bb5d6c4-17d0-4088-a616-11ce03dd3274,1480723003.094,86200,37.3971837498333,-121.984484102333,2,0,0
3bb5d6c4-17d0-4088-a616-11ce03dd3274,1480723003.297,86200.2,37.3971835415,-121.984493656667,2,0,0
3bb5d6c4-17d0-4088-a616-11ce03dd3274,1480723003.499,86200.4,37.3971833893333,-121.984503418167,2,0,0
3bb5d6c4-17d0-4088-a616-11ce03dd3274,1480723003.704,86200.6,37.3971832736667,-121.984513347333,2,0,0
3bb5d6c4-17d0-4088-a616-11ce03dd3274,1480723003.9,86200.8,37.3971832063333,-121.984523377333,2,0,0
3bb5d6c4-17d0-4088-a616-11ce03dd3274,1480723004.094,86201,37.3971830701667,-121.9845334605,2,0,0
3bb5d6c4-17d0-4088-a616-11ce03dd3274,1480723004.303,86201.2,37.3971830926667,-121.984543748833,2,0,0
3bb5d6c4-17d0-4088-a616-11ce03dd3274,1480723004.504,86201.4,37.3971830483333,-121.984554079333,2,0,0
3bb5d6c4-17d0-4088-a616-11ce03dd3274,1480723004.695,86201.6,37.3971830883333,-121.9845644455,2,0,0
3bb5d6c4-17d0-4088-a616-11ce03dd3274,1480723004.903,86201.8,37.3971830908333,-121.984574798333,2,0,0
3bb5d6c4-17d0-4088-a616-11ce03dd3274,1480723005.102,86202,37.3971830471667,-121.984585078333,2,0,0
3bb5d6c4-17d0-4088-a616-11ce03dd3274,1480723005.296,86202.2,37.3971830471667,-121.984595302833,2,0,0
3bb5d6c4-17d0-4088-a616-11ce03dd3274,1480723005.497,86202.4,37.3971830791667,-121.984605563167,2,0,0
3bb5d6c4-17d0-4088-a616-11ce03dd3274,1480723005.702,86202.6,37.3971830925,-121.984615702667,2,0,0
3bb5d6c4-17d0-4088-a616-11ce03dd3274,1480723005.896,86202.8,37.3971831075,-121.984625830333,2,0,0
3bb5d6c4-17d0-4088-a616-11ce03dd3274,1480723006.095,86203,37.3971829903333,-121.984635904833,2,0,0
3bb5d6c4-17d0-4088-a616-11ce03dd3274,1480723006.296,86203.2,37.3971826921667,-121.984645884667,2,0,0
3bb5d6c4-17d0-4088-a616-11ce03dd3274,1480723006.502,86203.4,37.3971821431667,-121.984655693,2,0,0
3bb5d6c4-17d0-4088-a616-11ce03dd3274,1480723006.694,86203.6,37.3971814231667,-121.9846654515,2,0,0
3bb5d6c4-17d0-4088-a616-11ce03dd3274,1480723006.899,86203.8,37.3971802498333,-121.984675022667,2,0,0
3bb5d6c4-17d0-4088-a616-11ce03dd3274,1480723007.101,86204,37.3971785213333,-121.9846842095,2,0,0
3bb5d6c4-17d0-4088-a616-11ce03dd3274,1480723007.295,86204.2,37.3971764201667,-121.984693072333,2,0,0
3bb5d6c4-17d0-4088-a616-11ce03dd3274,1480723007.497,86204.4,37.3971737938333,-121.984701673833,2,0,0
3bb5d6c4-17d0-4088-a616-11ce03dd3274,1480723007.703,86204.6,37.3971704066667,-121.984709852,2,0,0
3bb5d6c4-17d0-4088-a616-11ce03dd3274,1480723007.897,86204.8,37.3971666225,-121.984717729167,2,0,0
3bb5d6c4-17d0-4088-a616-11ce03dd3274,1480723008.101,86205,37.3971623773333,-121.984725026167,2,0,0
3bb5d6c4-17d0-4088-a616-11ce03dd3274,1480723008.303,86205.2,37.3971578051667,-121.9847316075,2,0,0
3bb5d6c4-17d0-4088-a616-11ce03dd3274,1480723008.495,86205.4,37.3971528055,-121.984737563333,2,0,0
3bb5d6c4-17d0-4088-a616-11ce03dd3274,1480723008.697,86205.6,37.3971477041667,-121.984743235333,2,0,0
3bb5d6c4-17d0-4088-a616-11ce03dd3274,1480723008.901,86205.8,37.3971424518333,-121.984748644,2,0,0
3bb5d6c4-17d0-4088-a616-11ce03dd3274,1480723009.095,86206,37.3971368931667,-121.984753454333,2,0,0
3bb5d6c4-17d0-4088-a616-11ce03dd3274,1480723009.301,86206.2,37.3971312638333,-121.984758066333,2,0,0
3bb5d6c4-17d0-4088-a616-11ce03dd3274,1480723009.498,86206.4,37.3971257008333,-121.984762569833,2,0,0
3bb5d6c4-17d0-4088-a616-11ce03dd3274,1480723009.694,86206.6,37.3971200985,-121.984766762833,2,0,0
3bb5d6c4-17d0-4088-a616-11ce03dd3274,1480723009.898,86206.8,37.3971144653333,-121.984770637667,2,0,0
3bb5d6c4-17d0-4088-a616-11ce03dd3274,1480723010.103,86207,37.3971089081667,-121.984774393333,2,0,0
3bb5d6c4-17d0-4088-a616-11ce03dd3274,1480723010.298,86207.2,37.3971033998333,-121.984778051667,2,0,0
3bb5d6c4-17d0-4088-a616-11ce03dd3274,1480723010.498,86207.4,37.3970978925,-121.984781568333,2,0,0
3bb5d6c4-17d0-4088-a616-11ce03dd3274,1480723010.702,86207.6,37.3970925306667,-121.984785182333,2,0,0
3bb5d6c4-17d0-4088-a616-11ce03dd3274,1480723010.896,86207.8,37.3970872633333,-121.984788753667,2,0,0
3bb5d6c4-17d0-4088-a616-11ce03dd3274,1480723011.093,86208,37.397081925,-121.9847921675,2,0,0
3bb5d6c4-17d0-4088-a616-11ce03dd3274,1480723011.298,86208.2,37.3970767055,-121.984795587333,2,0,0
3bb5d6c4-17d0-4088-a616-11ce03dd3274,1480723011.503,86208.4,37.397071763,-121.9847992325,2,0,0
3bb5d6c4-17d0-4088-a616-11ce03dd3274,1480723011.701,86208.6,37.3970668443333,-121.9848026095,2,0,0
3bb5d6c4-17d0-4088-a616-11ce03dd3274,1480723011.899,86208.8,37.3970618853333,-121.984805558167,2,0,0
3bb5d6c4-17d0-4088-a616-11ce03dd3274,1480723012.103,86209,37.3970568946667,-121.984808299,2,0,0
3bb5d6c4-17d0-4088-a616-11ce03dd3274,1480723012.296,86209.2,37.3970518356667,-121.984810829,2,0,0
3bb5d6c4-17d0-4088-a616-11ce03dd3274,1480723012.502,86209.4,37.3970470001667,-121.984812729667,2,0,0
3bb5d6c4-17d0-4088-a616-11ce03dd3274,1480723012.698,86209.6,37.3970421905,-121.984813624333,2,0,0
3bb5d6c4-17d0-4088-a616-11ce03dd3274,1480723012.899,86209.8,37.3970374843333,-121.984814014167,2,0,0
3bb5d6c4-17d0-4088-a616-11ce03dd3274,1480723013.101,86210,37.3970329006667,-121.984813938,2,0,0
3bb5d6c4-17d0-4088-a616-11ce03dd3274,1480723013.303,86210.2,37.3970283556667,-121.984812948333,2,0,0
3bb5d6c4-17d0-4088-a616-11ce03dd3274,1480723013.502,86210.4,37.3970240006667,-121.984811488333,2,0,0
3bb5d6c4-17d0-4088-a616-11ce03dd3274,1480723013.693,86210.6,37.3970199681667,-121.9848095675,2,0,0
3bb5d6c4-17d0-4088-a616-11ce03dd3274,1480723013.898,86210.8,37.397016254,-121.984807098,2,0,0
3bb5d6c4-17d0-4088-a616-11ce03dd3274,1480723014.101,86211,37.3970126976667,-121.984804082167,2,0,0
3bb5d6c4-17d0-4088-a616-11ce03dd3274,1480723014.303,86211.2,37.3970093566667,-121.9848004875,2,0,0
3bb5d6c4-17d0-4088-a616-11ce03dd3274,1480723014.494,86211.4,37.3970063553333,-121.984796437333,2,0,0
3bb5d6c4-17d0-4088-a616-11ce03dd3274,1480723014.699,86211.6,37.3970036595,-121.9847919325,2,0,0
3bb5d6c4-17d0-4088-a616-11ce03dd3274,1480723014.894,86211.8,37.397001473,-121.984787155167,2,0,0
3bb5d6c4-17d0-4088-a616-11ce03dd3274,1480723015.102,86212,37.396999683,-121.984782048667,2,0,0
3bb5d6c4-17d0-4088-a616-11ce03dd3274,1480723015.303,86212.2,37.3969983951667,-121.9847768065,2,0,0
3bb5d6c4-17d0-4088-a616-11ce03dd3274,1480723015.502,86212.4,37.39699757,-121.984771383333,2,0,0
3bb5d6c4-17d0-4088-a616-11ce03dd3274,1480723015.7,86212.6,37.3969972191667,-121.9847658045,2,0,0
3bb5d6c4-17d0-4088-a616-11ce03dd3274,1480723015.901,86212.8,37.3969974475,-121.984760116167,2,0,0
3bb5d6c4-17d0-4088-a616-11ce03dd3274,1480723016.104,86213,37.3969982188333,-121.984754561167,2,0,0
3bb5d6c4-17d0-4088-a616-11ce03dd3274,1480723016.303,86213.2,37.3969993568333,-121.9847491065,2,0,0
3bb5d6c4-17d0-4088-a616-11ce03dd3274,1480723016.493,86213.4,37.3970011388333,-121.984743762667,2,0,0
3bb5d6c4-17d0-4088-a616-11ce03dd3274,1480723016.703,86213.6,37.3970034915,-121.984738747833,2,0,0
3bb5d6c4-17d0-4088-a616-11ce03dd3274,1480723016.9,86213.8,37.3970062066667,-121.984733988667,2,0,0
3bb5d6c4-17d0-4088-a616-11ce03dd3274,1480723017.102,86214,37.3970092443333,-121.984729595,2,0,0
3bb5d6c4-17d0-4088-a616-11ce03dd3274,1480723017.295,86214.2,37.3970126733333,-121.9847256465,2,0,0
3bb5d6c4-17d0-4088-a616-11ce03dd3274,1480723017.499,86214.4,37.3970165623333,-121.984722219,2,0,0
3bb5d6c4-17d0-4088-a616-11ce03dd3274,1480723017.7,86214.6,37.3970208205,-121.9847191975,2,0,0
3bb5d6c4-17d0-4088-a616-11ce03dd3274,1480723017.904,86214.8,37.3970252353333,-121.984716799833,2,0,0
3bb5d6c4-17d0-4088-a616-11ce03dd3274,1480723018.094,86215,37.3970299506667,-121.984715365667,2,0,0
3bb5d6c4-17d0-4088-a616-11ce03dd3274,1480723018.298,86215.2,37.3970347538333,-121.984714526333,2,0,0
3bb5d6c4-17d0-4088-a616-11ce03dd3274,1480723018.503,86215.4,37.3970396771667,-121.984714226833,2,0,0
3bb5d6c4-17d0-4088-a616-11ce03dd3274,1480723018.701,86215.6,37.3970446316667,-121.984714808,2,0,0
3bb5d6c4-17d0-4088-a616-11ce03dd3274,1480723018.897,86215.8,37.3970493126667,-121.9847162545,2,0,0
3bb5d6c4-17d0-4088-a616-11ce03dd3274,1480723019.104,86216,37.397054027,-121.984718504667,2,0,0
3bb5d6c4-17d0-4088-a616-11ce03dd3274,1480723019.296,86216.2,37.3970587123333,-121.984721010167,2,0,0
3bb5d6c4-17d0-4088-a616-11ce03dd3274,1480723019.498,86216.4,37.3970635521667,-121.984723678833,2,0,0
3bb5d6c4-17d0-4088-a616-11ce03dd3274,1480723019.703,86216.6,37.397068206,-121.984726652167,2,0,0
3bb5d6c4-17d0-4088-a616-11ce03dd3274,1480723019.898,86216.8,37.3970728385,-121.984729756,2,0,0
3bb5d6c4-17d0-4088-a616-11ce03dd3274,1480723020.102,86217,37.3970774565,-121.984732807667,2,0,0
3bb5d6c4-17d0-4088-a616-11ce03dd3274,1480723020.295,86217.2,37.3970821853333,-121.984735753167,2,0,0
3bb5d6c4-17d0-4088-a616-11ce03dd3274,1480723020.498,86217.4,37.397087038,-121.98473851,2,0,0
3bb5d6c4-17d0-4088-a616-11ce03dd3274,1480723020.703,86217.6,37.3970920223333,-121.984741017667,2,0,0
3bb5d6c4-17d0-4088-a616-11ce03dd3274,1480723020.896,86217.8,37.3970972125,-121.984743282667,2,0,0
3bb5d6c4-17d0-4088-a616-11ce03dd3274,1480723021.094,86218,37.397102578,-121.984745433333,2,0,0
3bb5d6c4-17d0-4088-a616-11ce03dd3274,1480723021.294,86218.2,37.3971080863333,-121.984747250833,2,0,0
3bb5d6c4-17d0-4088-a616-11ce03dd3274,1480723021.495,86218.4,37.3971137676667,-121.984748593333,2,0,0
3bb5d6c4-17d0-4088-a616-11ce03dd3274,1480723021.699,86218.6,37.3971195431667,-121.9847494105,2,0,0
3bb5d6c4-17d0-4088-a616-11ce03dd3274,1480723021.902,86218.8,37.397125278,-121.9847498375,2,0,0
3bb5d6c4-17d0-4088-a616-11ce03dd3274,1480723022.094,86219,37.3971309771667,-121.984749784667,2,0,0
3bb5d6c4-17d0-4088-a616-11ce03dd3274,1480723022.296,86219.2,37.3971366226667,-121.984749167667,2,0,0
3bb5d6c4-17d0-4088-a616-11ce03dd3274,1480723022.501,86219.4,37.3971422796667,-121.984748078167,2,0,0
3bb5d6c4-17d0-4088-a616-11ce03dd3274,1480723022.703,86219.6,37.3971477698333,-121.984746372167,2,0,0
3bb5d6c4-17d0-4088-a616-11ce03dd3274,1480723022.897,86219.8,37.3971529088333,-121.984743887167,2,0,0
3bb5d6c4-17d0-4088-a616-11ce03dd3274,1480723023.104,86220,37.3971578436667,-121.984740750333,2,0,0
3bb5d6c4-17d0-4088-a616-11ce03dd3274,1480723023.297,86220.2,37.3971624253333,-121.984737048667,2,0,0
3bb5d6c4-17d0-4088-a616-11ce03dd3274,1480723023.504,86220.4,37.3971667475,-121.984732922,2,0,0
3bb5d6c4-17d0-4088-a616-11ce03dd3274,1480723023.697,86220.6,37.3971706621667,-121.984728154333,2,0,0
3bb5d6c4-17d0-4088-a616-11ce03dd3274,1480723023.901,86220.8,37.3971741001667,-121.984722900667,2,0,0
3bb5d6c4-17d0-4088-a616-11ce03dd3274,1480723024.096,86221,37.397177239,-121.984717342,2,0,0
3bb5d6c4-17d0-4088-a616-11ce03dd3274,1480723024.298,86221.2,37.3971799178333,-121.984711510167,2,0,0
3bb5d6c4-17d0-4088-a616-11ce03dd3274,1480723024.502,86221.4,37.3971820256667,-121.984705278667,2,0,0
3bb5d6c4-17d0-4088-a616-11ce03dd3274,1480723024.696,86221.6,37.3971836641667,-121.9846987105,2,0,0
3bb5d6c4-17d0-4088-a616-11ce03dd3274,1480723024.898,86221.8,37.3971850698333,-121.984691865333,2,0,0
3bb5d6c4-17d0-4088-a616-11ce03dd3274,1480723025.103,86222,37.3971863211667,-121.984684796667,2,0,0
3bb5d6c4-17d0-4088-a616-11ce03dd3274,1480723025.296,86222.2,37.3971870905,-121.984677348667,2,0,0
3bb5d6c4-17d0-4088-a616-11ce03dd3274,1480723025.495,86222.4,37.3971875686667,-121.984669805833,2,0,0
3bb5d6c4-17d0-4088-a616-11ce03dd3274,1480723025.703,86222.6,37.397187893,-121.984661981333,2,0,0
3bb5d6c4-17d0-4088-a616-11ce03dd3274,1480723025.894,86222.8,37.3971880736667,-121.984654198167,2,0,0
3bb5d6c4-17d0-4088-a616-11ce03dd3274,1480723026.096,86223,37.3971881155,-121.984646199167,2,0,0
3bb5d6c4-17d0-4088-a616-11ce03dd3274,1480723026.297,86223.2,37.3971881916667,-121.984638100833,2,0,0
3bb5d6c4-17d0-4088-a616-11ce03dd3274,1480723026.5,86223.4,37.397188235,-121.984629891667,2,0,0
3bb5d6c4-17d0-4088-a616-11ce03dd3274,1480723026.699,86223.6,37.397188079,-121.9846216085,2,0,0
3bb5d6c4-17d0-4088-a616-11ce03dd3274,1480723026.902,86223.8,37.3971879228333,-121.984613229333,2,0,0
3bb5d6c4-17d0-4088-a616-11ce03dd3274,1480723027.095,86224,37.3971878403333,-121.984604710667,2,0,0
3bb5d6c4-17d0-4088-a616-11ce03dd3274,1480723027.298,86224.2,37.3971875576667,-121.984596102,2,0,0
3bb5d6c4-17d0-4088-a616-11ce03dd3274,1480723027.499,86224.4,37.3971873825,-121.984587458833,2,0,0
3bb5d6c4-17d0-4088-a616-11ce03dd3274,1480723027.695,86224.6,37.39718721,-121.984578642833,2,0,0
3bb5d6c4-17d0-4088-a616-11ce03dd3274,1480723027.897,86224.8,37.3971870388333,-121.984569826667,2,0,0
3bb5d6c4-17d0-4088-a616-11ce03dd3274,1480723028.1,86225,37.3971868406667,-121.9845610095,2,0,0
3bb5d6c4-17d0-4088-a616-11ce03dd3274,1480723028.295,86225.2,37.3971867518333,-121.984552235667,2,0,0
3bb5d6c4-17d0-4088-a616-11ce03dd3274,1480723028.493,86225.4,37.397186693,-121.984543650667,2,0,0
3bb5d6c4-17d0-4088-a616-11ce03dd3274,1480723028.697,86225.6,37.397186614,-121.984535134167,2,0,0
3bb5d6c4-17d0-4088-a616-11ce03dd3274,1480723028.903,86225.8,37.3971865538333,-121.9845267375,2,0,0
3bb5d6c4-17d0-4088-a616-11ce03dd3274,1480723029.096,86226,37.3971864793333,-121.984518366,2,0,0
3bb5d6c4-17d0-4088-a616-11ce03dd3274,1480723029.298,86226.2,37.3971863046667,-121.984510095667,2,0,0
3bb5d6c4-17d0-4088-a616-11ce03dd3274,1480723029.494,86226.4,37.3971863853333,-121.984501936167,2,0,0
3bb5d6c4-17d0-4088-a616-11ce03dd3274,1480723029.694,86226.6,37.3971865253333,-121.9844938405,2,0,0
3bb5d6c4-17d0-4088-a616-11ce03dd3274,1480723029.903,86226.8,37.3971865311667,-121.984485880333,2,0,0
3bb5d6c4-17d0-4088-a616-11ce03dd3274,1480723030.094,86227,37.3971866515,-121.984477942333,2,0,0
3bb5d6c4-17d0-4088-a616-11ce03dd3274,1480723030.298,86227.2,37.3971867558333,-121.98447017,2,0,0
3bb5d6c4-17d0-4088-a616-11ce03dd3274,1480723030.496,86227.4,37.3971868341667,-121.984462504333,2,0,0
3bb5d6c4-17d0-4088-a616-11ce03dd3274,1480723030.696,86227.6,37.3971870653333,-121.984455269833,2,0,0
3bb5d6c4-17d0-4088-a616-11ce03dd3274,1480723030.903,86227.8,37.3971871323333,-121.984447989167,2,0,0
3bb5d6c4-17d0-4088-a616-11ce03dd3274,1480723031.095,86228,37.3971872498333,-121.984440145833,2,0,0
3bb5d6c4-17d0-4088-a616-11ce03dd3274,1480723031.297,86228.2,37.397187411,-121.984432611,2,0,0
3bb5d6c4-17d0-4088-a616-11ce03dd3274,1480723031.498,86228.4,37.3971875185,-121.984425327333,2,0,0
3bb5d6c4-17d0-4088-a616-11ce03dd3274,1480723031.698,86228.6,37.3971875451667,-121.984418036,2,0,0
3bb5d6c4-17d0-4088-a616-11ce03dd3274,1480723031.901,86228.8,37.397187753,-121.9844107655,2,0,0
3bb5d6c4-17d0-4088-a616-11ce03dd3274,1480723032.096,86229,37.3971879738333,-121.984402983333,2,0,0
3bb5d6c4-17d0-4088-a616-11ce03dd3274,1480723032.303,86229.2,37.3971880798333,-121.98439519,2,0,0
3bb5d6c4-17d0-4088-a616-11ce03dd3274,1480723032.499,86229.4,37.3971881685,-121.984387357333,2,0,0
3bb5d6c4-17d0-4088-a616-11ce03dd3274,1480723032.699,86229.6,37.3971882916667,-121.9843792235,2,0,0
3bb5d6c4-17d0-4088-a616-11ce03dd3274,1480723032.903,86229.8,37.3971883528333,-121.984370955167,2,0,0
3bb5d6c4-17d0-4088-a616-11ce03dd3274,1480723033.102,86230,37.397188458,-121.984362631667,2,0,0
3bb5d6c4-17d0-4088-a616-11ce03dd3274,1480723033.296,86230.2,37.3971885906667,-121.984354379,2,0,0
3bb5d6c4-17d0-4088-a616-11ce03dd3274,1480723033.498,86230.4,37.39718867,-121.98434612,2,0,0
3bb5d6c4-17d0-4088-a616-11ce03dd3274,1480723033.701,86230.6,37.3971887601667,-121.984337810833,2,0,0
3bb5d6c4-17d0-4088-a616-11ce03dd3274,1480723033.896,86230.8,37.3971887753333,-121.984329503833,2,0,0
3bb5d6c4-17d0-4088-a616-11ce03dd3274,1480723034.096,86231,37.3971888251667,-121.984321271167,2,0,0
3bb5d6c4-17d0-4088-a616-11ce03dd3274,1480723034.299,86231.2,37.3971889181667,-121.984312990167,2,0,0
3bb5d6c4-17d0-4088-a616-11ce03dd3274,1480723034.5,86231.4,37.3971889765,-121.9843047325,2,0,0
3bb5d6c4-17d0-4088-a616-11ce03dd3274,1480723034.698,86231.6,37.3971890635,-121.9842964475,2,0,0
3bb5d6c4-17d0-4088-a616-11ce03dd3274,1480723034.902,86231.8,37.3971891033333,-121.984288129,2,0,0
3bb5d6c4-17d0-4088-a616-11ce03dd3274,1480723035.103,86232,37.3971891615,-121.984279746167,2,0,0
3bb5d6c4-17d0-4088-a616-11ce03dd3274,1480723035.3,86232.2,37.397189252,-121.984271485167,2,0,0
3bb5d6c4-17d0-4088-a616-11ce03dd3274,1480723035.499,86232.4,37.3971894208333,-121.984263651667,2,0,0
3bb5d6c4-17d0-4088-a616-11ce03dd3274,1480723035.692,86232.6,37.3971893608333,-121.984255078,2,0,0
3bb5d6c4-17d0-4088-a616-11ce03dd3274,1480723035.897,86232.8,37.3971895026667,-121.984246271333,2,0,0
3bb5d6c4-17d0-4088-a616-11ce03dd3274,1480723036.097,86233,37.3971896651667,-121.984237867833,2,0,0
3bb5d6c4-17d0-4088-a616-11ce03dd3274,1480723036.301,86233.2,37.3971896525,-121.984229644333,2,0,0
3bb5d6c4-17d0-4088-a616-11ce03dd3274,1480723036.493,86233.4,37.3971896661667,-121.984221426333,2,0,0
3bb5d6c4-17d0-4088-a616-11ce03dd3274,1480723036.703,86233.6,37.3971896826667,-121.9842124595,2,0,0
3bb5d6c4-17d0-4088-a616-11ce03dd3274,1480723036.893,86233.8,37.3971896865,-121.9842035265,2,0,0
3bb5d6c4-17d0-4088-a616-11ce03dd3274,1480723037.095,86234,37.397189594,-121.984194553333,2,0,0
3bb5d6c4-17d0-4088-a616-11ce03dd3274,1480723037.298,86234.2,37.3971896045,-121.9841853185,2,0,0
3bb5d6c4-17d0-4088-a616-11ce03dd3274,1480723037.493,86234.4,37.3971896461667,-121.984175828,2,0,0
3bb5d6c4-17d0-4088-a616-11ce03dd3274,1480723037.695,86234.6,37.397189645,-121.9841662225,2,0,0
3bb5d6c4-17d0-4088-a616-11ce03dd3274,1480723037.9,86234.8,37.3971895938333,-121.984156426833,2,0,0
3bb5d6c4-17d0-4088-a616-11ce03dd3274,1480723038.093,86235,37.3971895913333,-121.984146464667,2,0,0
3bb5d6c4-17d0-4088-a616-11ce03dd3274,1480723038.302,86235.2,37.3971895953333,-121.9841364105,2,0,0
3bb5d6c4-17d0-4088-a616-11ce03dd3274,1480723038.498,86235.4,37.3971895185,-121.9841262765,2,0,0
3bb5d6c4-17d0-4088-a616-11ce03dd3274,1480723038.7,86235.6,37.3971895075,-121.984116115667,2,0,0
3bb5d6c4-17d0-4088-a616-11ce03dd3274,1480723038.892,86235.8,37.3971894481667,-121.9841059235,2,0,0
3bb5d6c4-17d0-4088-a616-11ce03dd3274,1480723039.094,86236,37.3971893576667,-121.9840957615,2,0,0
3bb5d6c4-17d0-4088-a616-11ce03dd3274,1480723039.293,86236.2,37.397189331,-121.984085648,2,0,0
3bb5d6c4-17d0-4088-a616-11ce03dd3274,1480723039.496,86236.4,37.3971891843333,-121.984075504833,2,0,0
3bb5d6c4-17d0-4088-a616-11ce03dd3274,1480723039.696,86236.6,37.3971891078333,-121.984065244333,2,0,0
3bb5d6c4-17d0-4088-a616-11ce03dd3274,1480723039.898,86236.8,37.3971891418333,-121.9840550055,2,0,0
3bb5d6c4-17d0-4088-a616-11ce03dd3274,1480723040.1,86237,37.3971890815,-121.984044790167,2,0,0
3bb5d6c4-17d0-4088-a616-11ce03dd3274,1480723040.298,86237.2,37.397189045,-121.984034534667,2,0,0
3bb5d6c4-17d0-4088-a616-11ce03dd3274,1480723040.5,86237.4,37.3971890688333,-121.984024221,2,0,0
3bb5d6c4-17d0-4088-a616-11ce03dd3274,1480723040.696,86237.6,37.3971889693333,-121.984014070667,2,0,0
3bb5d6c4-17d0-4088-a616-11ce03dd3274,1480723040.9,86237.8,37.3971888583333,-121.984004045667,2,0,0
3bb5d6c4-17d0-4088-a616-11ce03dd3274,1480723041.098,86238,37.397188836,-121.983993982667,2,0,0
3bb5d6c4-17d0-4088-a616-11ce03dd3274,1480723041.293,86238.2,37.3971886951667,-121.983983879333,2,0,0
3bb5d6c4-17d0-4088-a616-11ce03dd3274,1480723041.495,86238.4,37.3971886223333,-121.983973864833,2,0,0
3bb5d6c4-17d0-4088-a616-11ce03dd3274,1480723041.695,86238.6,37.3971884945,-121.9839638605,2,0,0
3bb5d6c4-17d0-4088-a616-11ce03dd3274,1480723041.902,86238.8,37.397188376,-121.983953814,2,0,0
3bb5d6c4-17d0-4088-a616-11ce03dd3274,1480723042.097,86239,37.3971882766667,-121.983943951833,2,0,0
3bb5d6c4-17d0-4088-a616-11ce03dd3274,1480723042.293,86239.2,37.397188135,-121.983934009667,2,0,0
3bb5d6c4-17d0-4088-a616-11ce03dd3274,1480723042.502,86239.4,37.3971880548333,-121.9839242265,2,0,0
3bb5d6c4-17d0-4088-a616-11ce03dd3274,1480723042.7,86239.6,37.3971878536667,-121.983914436167,2,0,0
3bb5d6c4-17d0-4088-a616-11ce03dd3274,1480723042.897,86239.8,37.397187724,-121.983904558333,2,0,0
3bb5d6c4-17d0-4088-a616-11ce03dd3274,1480723043.102,86240,37.397187608,-121.983894720167,2,0,0
3bb5d6c4-17d0-4088-a616-11ce03dd3274,1480723043.296,86240.2,37.3971873493333,-121.9838849185,2,0,0
3bb5d6c4-17d0-4088-a616-11ce03dd3274,1480723043.494,86240.4,37.3971870928333,-121.9838751,2,0,0
3bb5d6c4-17d0-4088-a616-11ce03dd3274,1480723043.698,86240.6,37.3971866171667,-121.983865242333,2,0,0
3bb5d6c4-17d0-4088-a616-11ce03dd3274,1480723043.901,86240.8,37.3971860115,-121.983855408833,2,0,0
3bb5d6c4-17d0-4088-a616-11ce03dd3274,1480723044.096,86241,37.3971852075,-121.983845696167,2,0,0
3bb5d6c4-17d0-4088-a616-11ce03dd3274,1480723044.294,86241.2,37.3971841908333,-121.983836001667,2,0,0
3bb5d6c4-17d0-4088-a616-11ce03dd3274,1480723044.5,86241.4,37.3971828268333,-121.983826375,2,0,0
3bb5d6c4-17d0-4088-a616-11ce03dd3274,1480723044.701,86241.6,37.3971809691667,-121.983816971333,2,0,0
3bb5d6c4-17d0-4088-a616-11ce03dd3274,1480723044.894,86241.8,37.3971786466667,-121.983807645667,2,0,0
3bb5d6c4-17d0-4088-a616-11ce03dd3274,1480723045.101,86242,37.3971757245,-121.983798640667,2,0,0
3bb5d6c4-17d0-4088-a616-11ce03dd3274,1480723045.303,86242.2,37.3971721013333,-121.983790144,2,0,0
3bb5d6c4-17d0-4088-a616-11ce03dd3274,1480723045.495,86242.4,37.397167823,-121.9837821565,2,0,0
3bb5d6c4-17d0-4088-a616-11ce03dd3274,1480723045.7,86242.6,37.3971629493333,-121.983774894833,2,0,0
3bb5d6c4-17d0-4088-a616-11ce03dd3274,1480723045.893,86242.8,37.3971574151667,-121.9837683915,2,0,0
3bb5d6c4-17d0-4088-a616-11ce03dd3274,1480723046.094,86243,37.3971512143333,-121.983762907,2,0,0
3bb5d6c4-17d0-4088-a616-11ce03dd3274,1480723046.296,86243.2,37.3971444966667,-121.9837585705,2,0,0
3bb5d6c4-17d0-4088-a616-11ce03dd3274,1480723046.498,86243.4,37.3971375385,-121.983755315333,2,0,0
3bb5d6c4-17d0-4088-a616-11ce03dd3274,1480723046.703,86243.6,37.3971303036667,-121.983753120833,2,0,0
3bb5d6c4-17d0-4088-a616-11ce03dd3274,1480723046.897,86243.8,37.3971230498333,-121.983751985333,2,0,0
3bb5d6c4-17d0-4088-a616-11ce03dd3274,1480723047.102,86244,37.3971156628333,-121.983752140167,2,0,0
3bb5d6c4-17d0-4088-a616-11ce03dd3274,1480723047.296,86244.2,37.397108458,-121.983753209667,2,0,0
3bb5d6c4-17d0-4088-a616-11ce03dd3274,1480723047.495,86244.4,37.3971014043333,-121.9837552245,2,0,0
3bb5d6c4-17d0-4088-a616-11ce03dd3274,1480723047.693,86244.6,37.3970945071667,-121.983758043833,2,0,0
3bb5d6c4-17d0-4088-a616-11ce03dd3274,1480723047.897,86244.8,37.3970879298333,-121.983761645167,2,0,0
3bb5d6c4-17d0-4088-a616-11ce03dd3274,1480723048.098,86245,37.3970817726667,-121.983765666167,2,0,0
3bb5d6c4-17d0-4088-a616-11ce03dd3274,1480723048.298,86245.2,37.3970756995,-121.983769810833,2,0,0
3bb5d6c4-17d0-4088-a616-11ce03dd3274,1480723048.496,86245.4,37.3970700431667,-121.9837742475,2,0,0
3bb5d6c4-17d0-4088-a616-11ce03dd3274,1480723048.7,86245.6,37.3970647795,-121.983778917167,2,0,0
3bb5d6c4-17d0-4088-a616-11ce03dd3274,1480723048.897,86245.8,37.3970593043333,-121.983782851167,2,0,0
3bb5d6c4-17d0-4088-a616-11ce03dd3274,1480723049.096,86246,37.3970538365,-121.9837863,2,0,0
3bb5d6c4-17d0-4088-a616-11ce03dd3274,1480723049.301,86246.2,37.3970485375,-121.983789405,2,0,0
3bb5d6c4-17d0-4088-a616-11ce03dd3274,1480723049.498,86246.4,37.3970432748333,-121.983791906667,2,0,0
3bb5d6c4-17d0-4088-a616-11ce03dd3274,1480723049.693,86246.6,37.397038029,-121.983793591667,2,0,0
3bb5d6c4-17d0-4088-a616-11ce03dd3274,1480723049.894,86246.8,37.3970329185,-121.9837945565,2,0,0
3bb5d6c4-17d0-4088-a616-11ce03dd3274,1480723050.099,86247,37.3970280015,-121.9837948425,2,0,0
3bb5d6c4-17d0-4088-a616-11ce03dd3274,1480723050.301,86247.2,37.3970233423333,-121.983794315667,2,0,0
3bb5d6c4-17d0-4088-a616-11ce03dd3274,1480723050.495,86247.4,37.3970188795,-121.983793084833,2,0,0
3bb5d6c4-17d0-4088-a616-11ce03dd3274,1480723050.696,86247.6,37.3970145973333,-121.98379135,2,0,0
3bb5d6c4-17d0-4088-a616-11ce03dd3274,1480723050.899,86247.8,37.397010609,-121.983789102167,2,0,0
3bb5d6c4-17d0-4088-a616-11ce03dd3274,1480723051.1,86248,37.397006783,-121.983786292833,2,0,0
3bb5d6c4-17d0-4088-a616-11ce03dd3274,1480723051.298,86248.2,37.3970033058333,-121.983782926833,2,0,0
3bb5d6c4-17d0-4088-a616-11ce03dd3274,1480723051.495,86248.4,37.3969999813333,-121.983779028,2,0,0
3bb5d6c4-17d0-4088-a616-11ce03dd3274,1480723051.697,86248.6,37.3969970196667,-121.9837746915,2,0,0
3bb5d6c4-17d0-4088-a616-11ce03dd3274,1480723051.899,86248.8,37.3969945326667,-121.9837698095,2,0,0
3bb5d6c4-17d0-4088-a616-11ce03dd3274,1480723052.101,86249,37.3969925095,-121.983764560833,2,0,0
3bb5d6c4-17d0-4088-a616-11ce03dd3274,1480723052.294,86249.2,37.3969908093333,-121.983758924,2,0,0
3bb5d6c4-17d0-4088-a616-11ce03dd3274,1480723052.501,86249.4,37.3969897488333,-121.9837529775,2,0,0
3bb5d6c4-17d0-4088-a616-11ce03dd3274,1480723052.702,86249.6,37.3969892731667,-121.983746915,2,0,0
3bb5d6c4-17d0-4088-a616-11ce03dd3274,1480723052.895,86249.8,37.3969893453333,-121.983740649833,2,0,0
3bb5d6c4-17d0-4088-a616-11ce03dd3274,1480723053.1,86250,37.3969900968333,-121.9837345155,2,0,0
3bb5d6c4-17d0-4088-a616-11ce03dd3274,1480723053.293,86250.2,37.3969914106667,-121.9837284635,2,0,0
3bb5d6c4-17d0-4088-a616-11ce03dd3274,1480723053.498,86250.4,37.3969933648333,-121.983722567667,2,0,0
3bb5d6c4-17d0-4088-a616-11ce03dd3274,1480723053.702,86250.6,37.3969959286667,-121.983717058833,2,0,0
3bb5d6c4-17d0-4088-a616-11ce03dd3274,1480723053.893,86250.8,37.396999094,-121.983711803833,2,0,0
3bb5d6c4-17d0-4088-a616-11ce03dd3274,1480723054.097,86251,37.397002678,-121.983707073667,2,0,0
3bb5d6c4-17d0-4088-a616-11ce03dd3274,1480723054.297,86251.2,37.3970067581667,-121.9837029485,2,0,0
3bb5d6c4-17d0-4088-a616-11ce03dd3274,1480723054.494,86251.4,37.3970112993333,-121.983699585667,2,0,0
3bb5d6c4-17d0-4088-a616-11ce03dd3274,1480723054.697,86251.6,37.3970162083333,-121.983696902667,2,0,0
3bb5d6c4-17d0-4088-a616-11ce03dd3274,1480723054.902,86251.8,37.3970212621667,-121.983694854667,2,0,0
3bb5d6c4-17d0-4088-a616-11ce03dd3274,1480723055.097,86252,37.397026596,-121.983693435333,2,0,0
3bb5d6c4-17d0-4088-a616-11ce03dd3274,1480723055.297,86252.2,37.397032146,-121.983692508667,2,0,0
3bb5d6c4-17d0-4088-a616-11ce03dd3274,1480723055.494,86252.4,37.397037782,-121.983691965667,2,0,0
3bb5d6c4-17d0-4088-a616-11ce03dd3274,1480723055.693,86252.6,37.3970435301667,-121.983691754,2,0,0
3bb5d6c4-17d0-4088-a616-11ce03dd3274,1480723055.897,86252.8,37.3970493955,-121.9836921505,2,0,0
3bb5d6c4-17d0-4088-a616-11ce03dd3274,1480723056.103,86253,37.3970553395,-121.983692735,2,0,0
3bb5d6c4-17d0-4088-a616-11ce03dd3274,1480723056.3,86253.2,37.3970614058333,-121.98369335,2,0,0
3bb5d6c4-17d0-4088-a616-11ce03dd3274,1480723056.503,86253.4,37.3970676041667,-121.983694190833,2,0,0
3bb5d6c4-17d0-4088-a616-11ce03dd3274,1480723056.699,86253.6,37.397073888,-121.9836953195,2,0,0
3bb5d6c4-17d0-4088-a616-11ce03dd3274,1480723056.895,86253.8,37.3970802245,-121.983696551667,2,0,0
3bb5d6c4-17d0-4088-a616-11ce03dd3274,1480723057.097,86254,37.3970867133333,-121.983697912,2,0,0
3bb5d6c4-17d0-4088-a616-11ce03dd3274,1480723057.301,86254.2,37.3970931165,-121.983699529333,2,0,0
3bb5d6c4-17d0-4088-a616-11ce03dd3274,1480723057.502,86254.4,37.3970995005,-121.983701440333,2,0,0
3bb5d6c4-17d0-4088-a616-11ce03dd3274,1480723057.695,86254.6,37.3971059458333,-121.983703588,2,0,0
3bb5d6c4-17d0-4088-a616-11ce03dd3274,1480723057.901,86254.8,37.3971123451667,-121.983706109667,2,0,0
3bb5d6c4-17d0-4088-a616-11ce03dd3274,1480723058.103,86255,37.3971186643333,-121.9837089905,2,0,0
3bb5d6c4-17d0-4088-a616-11ce03dd3274,1480723058.297,86255.2,37.3971247958333,-121.983712197333,2,0,0
3bb5d6c4-17d0-4088-a616-11ce03dd3274,1480723058.498,86255.4,37.3971308138333,-121.9837159285,2,0,0
3bb5d6c4-17d0-4088-a616-11ce03dd3274,1480723058.702,86255.6,37.3971366906667,-121.983720094333,2,0,0
3bb5d6c4-17d0-4088-a616-11ce03dd3274,1480723058.898,86255.8,37.3971422726667,-121.983724678167,2,0,0
3bb5d6c4-17d0-4088-a616-11ce03dd3274,1480723059.1,86256,37.397147652,-121.983729586,2,0,0
3bb5d6c4-17d0-4088-a616-11ce03dd3274,1480723059.295,86256.2,37.3971527273333,-121.983734862,2,0,0
3bb5d6c4-17d0-4088-a616-11ce03dd3274,1480723059.496,86256.4,37.3971575053333,-121.983740635833,2,0,0
3bb5d6c4-17d0-4088-a616-11ce03dd3274,1480723059.703,86256.6,37.3971620693333,-121.983746767333,2,0,0
3bb5d6c4-17d0-4088-a616-11ce03dd3274,1480723059.896,86256.8,37.3971662403333,-121.983753126833,2,0,0
3bb5d6c4-17d0-4088-a616-11ce03dd3274,1480723060.098,86257,37.3971699523333,-121.983759904,2,0,0
3bb5d6c4-17d0-4088-a616-11ce03dd3274,1480723060.294,86257.2,37.3971734241667,-121.9837669145,2,0,0
3bb5d6c4-17d0-4088-a616-11ce03dd3274,1480723060.496,86257.4,37.3971764545,-121.983774255,2,0,0
3bb5d6c4-17d0-4088-a616-11ce03dd3274,1480723060.7,86257.6,37.3971791763333,-121.983781829667,2,0,0
3bb5d6c4-17d0-4088-a616-11ce03dd3274,1480723060.894,86257.8,37.3971815063333,-121.983789624333,2,0,0
3bb5d6c4-17d0-4088-a616-11ce03dd3274,1480723061.102,86258,37.3971835103333,-121.9837976045,2,0,0
3bb5d6c4-17d0-4088-a616-11ce03dd3274,1480723061.293,86258.2,37.3971850551667,-121.983805689167,2,0,0
3bb5d6c4-17d0-4088-a616-11ce03dd3274,1480723061.492,86258.4,37.3971861853333,-121.9838138925,2,0,0
3bb5d6c4-17d0-4088-a616-11ce03dd3274,1480723061.698,86258.6,37.3971870675,-121.9838221175,2,0,0
3bb5d6c4-17d0-4088-a616-11ce03dd3274,1480723061.894,86258.8,37.3971876695,-121.983830381167,2,0,0
3bb5d6c4-17d0-4088-a616-11ce03dd3274,1480723062.096,86259,37.3971880461667,-121.983838597667,2,0,0
3bb5d6c4-17d0-4088-a616-11ce03dd3274,1480723062.296,86259.2,37.3971882968333,-121.983846767667,2,0,0
3bb5d6c4-17d0-4088-a616-11ce03dd3274,1480723062.493,86259.4,37.3971884766667,-121.983854955833,2,0,0
3bb5d6c4-17d0-4088-a616-11ce03dd3274,1480723062.693,86259.6,37.3971887518333,-121.98386311,2,0,0
3bb5d6c4-17d0-4088-a616-11ce03dd3274,1480723062.897,86259.8,37.3971888753333,-121.983871218,2,0,0
3bb5d6c4-17d0-4088-a616-11ce03dd3274,1480723063.101,86260,37.3971888981667,-121.983879328667,2,0,0
3bb5d6c4-17d0-4088-a616-11ce03dd3274,1480723063.293,86260.2,37.3971889638333,-121.983887425667,2,0,0
3bb5d6c4-17d0-4088-a616-11ce03dd3274,1480723063.496,86260.4,37.3971889803333,-121.983895577167,2,0,0
3bb5d6c4-17d0-4088-a616-11ce03dd3274,1480723063.697,86260.6,37.3971889346667,-121.983903862,2,0,0
3bb5d6c4-17d0-4088-a616-11ce03dd3274,1480723063.9,86260.8,37.3971888641667,-121.9839121445,2,0,0
3bb5d6c4-17d0-4088-a616-11ce03dd3274,1480723064.094,86261,37.3971888481667,-121.983920553,2,0,0
3bb5d6c4-17d0-4088-a616-11ce03dd3274,1480723064.296,86261.2,37.3971887761667,-121.983928989333,2,0,0
3bb5d6c4-17d0-4088-a616-11ce03dd3274,1480723064.493,86261.4,37.3971886856667,-121.9839375515,2,0,0
3bb5d6c4-17d0-4088-a616-11ce03dd3274,1480723064.697,86261.6,37.3971885716667,-121.983946203333,2,0,0
3bb5d6c4-17d0-4088-a616-11ce03dd3274,1480723064.902,86261.8,37.3971884341667,-121.983954878,2,0,0
3bb5d6c4-17d0-4088-a616-11ce03dd3274,1480723065.094,86262,37.3971883863333,-121.983963637167,2,0,0
3bb5d6c4-17d0-4088-a616-11ce03dd3274,1480723065.293,86262.2,37.3971883135,-121.983972470833,2,0,0
3bb5d6c4-17d0-4088-a616-11ce03dd3274,1480723065.495,86262.4,37.397188279,-121.983981383167,2,0,0
3bb5d6c4-17d0-4088-a616-11ce03dd3274,1480723065.696,86262.6,37.3971881743333,-121.983990360833,2,0,0
3bb5d6c4-17d0-4088-a616-11ce03dd3274,1480723065.9,86262.8,37.397188116,-121.983999377667,2,0,0
3bb5d6c4-17d0-4088-a616-11ce03dd3274,1480723066.096,86263,37.3971880365,-121.9840084465,2,0,0
3bb5d6c4-17d0-4088-a616-11ce03dd3274,1480723066.301,86263.2,37.3971879588333,-121.984017608667,2,0,0
3bb5d6c4-17d0-4088-a616-11ce03dd3274,1480723066.5,86263.4,37.3971878533333,-121.984026808333,2,0,0
3bb5d6c4-17d0-4088-a616-11ce03dd3274,1480723066.693,86263.6,37.397187642,-121.984036006,2,0,0
3bb5d6c4-17d0-4088-a616-11ce03dd3274,1480723066.902,86263.8,37.3971876036667,-121.9840452435,2,0,0
3bb5d6c4-17d0-4088-a616-11ce03dd3274,1480723067.092,86264,37.397187456,-121.984054464333,2,0,0
3bb5d6c4-17d0-4088-a616-11ce03dd3274,1480723067.299,86264.2,37.3971873953333,-121.984063712833,2,0,0
3bb5d6c4-17d0-4088-a616-11ce03dd3274,1480723067.497,86264.4,37.3971873811667,-121.984072983667,2,0,0
3bb5d6c4-17d0-4088-a616-11ce03dd3274,1480723067.702,86264.6,37.3971872945,-121.9840822695,2,0,0
3bb5d6c4-17d0-4088-a616-11ce03dd3274,1480723067.897,86264.8,37.3971871626667,-121.984091599667,2,0,0
3bb5d6c4-17d0-4088-a616-11ce03dd3274,1480723068.1,86265,37.397187102,-121.9841008775,2,0,0
3bb5d6c4-17d0-4088-a616-11ce03dd3274,1480723068.295,86265.2,37.397187003,-121.984110193333,2,0,0
3bb5d6c4-17d0-4088-a616-11ce03dd3274,1480723068.492,86265.4,37.3971868993333,-121.984119420833,2,0,0
3bb5d6c4-17d0-4088-a616-11ce03dd3274,1480723068.692,86265.6,37.3971868688333,-121.984128652333,2,0,0
3bb5d6c4-17d0-4088-a616-11ce03dd3274,1480723068.896,86265.8,37.3971867771667,-121.9841377345,2,0,0
3bb5d6c4-17d0-4088-a616-11ce03dd3274,1480723069.096,86266,37.3971867295,-121.984146752,2,0,0
3bb5d6c4-17d0-4088-a616-11ce03dd3274,1480723069.294,86266.2,37.3971867406667,-121.984155704833,2,0,0
3bb5d6c4-17d0-4088-a616-11ce03dd3274,1480723069.498,86266.4,37.3971867198333,-121.984164582,2,0,0
3bb5d6c4-17d0-4088-a616-11ce03dd3274,1480723069.697,86266.6,37.3971866683333,-121.984173390333,2,0,0
3bb5d6c4-17d0-4088-a616-11ce03dd3274,1480723069.901,86266.8,37.3971866051667,-121.9841821095,2,0,0
3bb5d6c4-17d0-4088-a616-11ce03dd3274,1480723070.097,86267,37.3971865693333,-121.984190739,2,0,0
3bb5d6c4-17d0-4088-a616-11ce03dd3274,1480723070.297,86267.2,37.3971864898333,-121.984199334833,2,0,0
3bb5d6c4-17d0-4088-a616-11ce03dd3274,1480723070.491,86267.4,37.3971864456667,-121.984207893333,2,0,0
3bb5d6c4-17d0-4088-a616-11ce03dd3274,1480723070.694,86267.6,37.3971863845,-121.984216406,2,0,0
3bb5d6c4-17d0-4088-a616-11ce03dd3274,1480723070.892,86267.8,37.3971863273333,-121.984224456167,2,0,0
3bb5d6c4-17d0-4088-a616-11ce03dd3274,1480723071.097,86268,37.3971863443333,-121.984232661833,2,0,0
3bb5d6c4-17d0-4088-a616-11ce03dd3274,1480723071.3,86268.2,37.397186197,-121.984241299667,2,0,0
3bb5d6c4-17d0-4088-a616-11ce03dd3274,1480723071.497,86268.4,37.3971860305,-121.984249686333,2,0,0
3bb5d6c4-17d0-4088-a616-11ce03dd3274,1480723071.696,86268.6,37.39718614,-121.984257846667,2,0,0
3bb5d6c4-17d0-4088-a616-11ce03dd3274,1480723071.901,86268.8,37.39718611,-121.984265556833,2,0,0
3bb5d6c4-17d0-4088-a616-11ce03dd3274,1480723072.093,86269,37.3971859301667,-121.984273780667,2,0,0
3bb5d6c4-17d0-4088-a616-11ce03dd3274,1480723072.293,86269.2,37.397185913,-121.984282398,2,0,0
3bb5d6c4-17d0-4088-a616-11ce03dd3274,1480723072.493,86269.4,37.397185926,-121.984290797833,2,0,0
3bb5d6c4-17d0-4088-a616-11ce03dd3274,1480723072.696,86269.6,37.3971858298333,-121.984299271167,2,0,0
3bb5d6c4-17d0-4088-a616-11ce03dd3274,1480723072.893,86269.8,37.3971857453333,-121.984307943167,2,0,0
3bb5d6c4-17d0-4088-a616-11ce03dd3274,1480723073.095,86270,37.3971857236667,-121.984316654333,2,0,0
3bb5d6c4-17d0-4088-a616-11ce03dd3274,1480723073.292,86270.2,37.39718564,-121.984325434167,2,0,0
3bb5d6c4-17d0-4088-a616-11ce03dd3274,1480723073.498,86270.4,37.3971855255,-121.984334279167,2,0,0
3bb5d6c4-17d0-4088-a616-11ce03dd3274,1480723073.691,86270.6,37.3971854133333,-121.984343194667,2,0,0
3bb5d6c4-17d0-4088-a616-11ce03dd3274,1480723073.895,86270.8,37.3971852905,-121.984352215,2,0,0
3bb5d6c4-17d0-4088-a616-11ce03dd3274,1480723074.101,86271,37.39718516,-121.984361245,2,0,0
3bb5d6c4-17d0-4088-a616-11ce03dd3274,1480723074.292,86271.2,37.3971850006667,-121.9843703355,2,0,0
3bb5d6c4-17d0-4088-a616-11ce03dd3274,1480723074.497,86271.4,37.3971848658333,-121.984379493833,2,0,0
3bb5d6c4-17d0-4088-a616-11ce03dd3274,1480723074.702,86271.6,37.397184722,-121.984388678667,2,0,0
3bb5d6c4-17d0-4088-a616-11ce03dd3274,1480723074.902,86271.8,37.3971845408333,-121.984397821167,2,0,0
3bb5d6c4-17d0-4088-a616-11ce03dd3274,1480723075.097,86272,37.397184316,-121.984406926667,2,0,0
3bb5d6c4-17d0-4088-a616-11ce03dd3274,1480723075.297,86272.2,37.3971841653333,-121.984415689167,2,0,0
3bb5d6c4-17d0-4088-a616-11ce03dd3274,1480723075.502,86272.4,37.3971840518333,-121.984424902167,2,0,0
3bb5d6c4-17d0-4088-a616-11ce03dd3274,1480723075.692,86272.6,37.3971837108333,-121.9844342775,2,0,0
3bb5d6c4-17d0-4088-a616-11ce03dd3274,1480723075.896,86272.8,37.3971834088333,-121.9844433425,2,0,0
3bb5d6c4-17d0-4088-a616-11ce03dd3274,1480723076.094,86273,37.3971832856667,-121.98445204,2,0,0
3bb5d6c4-17d0-4088-a616-11ce03dd3274,1480723076.297,86273.2,37.3971830228333,-121.9844608745,2,0,0
3bb5d6c4-17d0-4088-a616-11ce03dd3274,1480723076.498,86273.4,37.3971828783333,-121.984470185333,2,0,0
3bb5d6c4-17d0-4088-a616-11ce03dd3274,1480723076.701,86273.6,37.397182801,-121.984479364167,2,0,0
3bb5d6c4-17d0-4088-a616-11ce03dd3274,1480723076.896,86273.8,37.3971827391667,-121.984488429833,2,0,0
3bb5d6c4-17d0-4088-a616-11ce03dd3274,1480723077.093,86274,37.3971826281667,-121.984497659,2,0,0
3bb5d6c4-17d0-4088-a616-11ce03dd3274,1480723077.299,86274.2,37.397182552,-121.984506901167,2,0,0
3bb5d6c4-17d0-4088-a616-11ce03dd3274,1480723077.497,86274.4,37.3971825645,-121.984516168,2,0,0
3bb5d6c4-17d0-4088-a616-11ce03dd3274,1480723077.699,86274.6,37.3971824778333,-121.9845253765,2,0,0
3bb5d6c4-17d0-4088-a616-11ce03dd3274,1480723077.901,86274.8,37.3971824243333,-121.984534620333,2,0,0
3bb5d6c4-17d0-4088-a616-11ce03dd3274,1480723078.101,86275,37.397182399,-121.984543811833,2,0,0
3bb5d6c4-17d0-4088-a616-11ce03dd3274,1480723078.297,86275.2,37.3971823628333,-121.984552999667,2,0,0
3bb5d6c4-17d0-4088-a616-11ce03dd3274,1480723078.499,86275.4,37.3971823833333,-121.984562254167,2,0,0
3bb5d6c4-17d0-4088-a616-11ce03dd3274,1480723078.693,86275.6,37.3971824311667,-121.984571472167,2,0,0
3bb5d6c4-17d0-4088-a616-11ce03dd3274,1480723078.891,86275.8,37.397182415,-121.984580630167,2,0,0
3bb5d6c4-17d0-4088-a616-11ce03dd3274,1480723079.101,86276,37.3971824488333,-121.984589817833,2,0,0
3bb5d6c4-17d0-4088-a616-11ce03dd3274,1480723079.297,86276.2,37.3971825038333,-121.9845989735,2,0,0
3bb5d6c4-17d0-4088-a616-11ce03dd3274,1480723079.492,86276.4,37.3971825621667,-121.984608105333,2,0,0
3bb5d6c4-17d0-4088-a616-11ce03dd3274,1480723079.692,86276.6,37.3971826276667,-121.9846172465,2,0,0
3bb5d6c4-17d0-4088-a616-11ce03dd3274,1480723079.894,86276.8,37.3971826285,-121.984626311,2,0,0
3bb5d6c4-17d0-4088-a616-11ce03dd3274,1480723080.096,86277,37.3971825636667,-121.984635409833,2,0,0
3bb5d6c4-17d0-4088-a616-11ce03dd3274,1480723080.294,86277.2,37.3971823583333,-121.9846443785,2,0,0
3bb5d6c4-17d0-4088-a616-11ce03dd3274,1480723080.498,86277.4,37.3971819946667,-121.9846533045,2,0,0
3bb5d6c4-17d0-4088-a616-11ce03dd3274,1480723080.7,86277.6,37.397181361,-121.984662025333,2,0,0
3bb5d6c4-17d0-4088-a616-11ce03dd3274,1480723080.898,86277.8,37.3971802953333,-121.984670487,2,0,0
3bb5d6c4-17d0-4088-a616-11ce03dd3274,1480723081.095,86278,37.397178592,-121.9846787655,2,0,0
3bb5d6c4-17d0-4088-a616-11ce03dd3274,1480723081.297,86278.2,37.3971764306667,-121.984686638667,2,0,0
3bb5d6c4-17d0-4088-a616-11ce03dd3274,1480723081.498,86278.4,37.397174047,-121.984694234667,2,0,0
3bb5d6c4-17d0-4088-a616-11ce03dd3274,1480723081.699,86278.6,37.3971711615,-121.984701745833,2,0,0
3bb5d6c4-17d0-4088-a616-11ce03dd3274,1480723081.896,86278.8,37.3971677858333,-121.9847089005,2,0,0
3bb5d6c4-17d0-4088-a616-11ce03dd3274,1480723082.097,86279,37.397164053,-121.984715771,2,0,0
3bb5d6c4-17d0-4088-a616-11ce03dd3274,1480723082.297,86279.2,37.397160234,-121.984722103833,2,0,0
3bb5d6c4-17d0-4088-a616-11ce03dd3274,1480723082.501,86279.4,37.397155981,-121.984727982167,2,0,0
3bb5d6c4-17d0-4088-a616-11ce03dd3274,1480723082.692,86279.6,37.3971515676667,-121.984733440667,2,0,0
3bb5d6c4-17d0-4088-a616-11ce03dd3274,1480723082.895,86279.8,37.3971469848333,-121.984738521833,2,0,0
3bb5d6c4-17d0-4088-a616-11ce03dd3274,1480723083.098,86280,37.3971422721667,-121.984743293333,2,0,0
3bb5d6c4-17d0-4088-a616-11ce03dd3274,1480723083.299,86280.2,37.397137444,-121.984747843167,2,0,0
3bb5d6c4-17d0-4088-a616-11ce03dd3274,1480723083.496,86280.4,37.39713257,-121.984752219667,2,0,0
3bb5d6c4-17d0-4088-a616-11ce03dd3274,1480723083.7,86280.6,37.3971276088333,-121.984756343833,2,0,0
3bb5d6c4-17d0-4088-a616-11ce03dd3274,1480723083.894,86280.8,37.3971227103333,-121.984760250333,2,0,0
3bb5d6c4-17d0-4088-a616-11ce03dd3274,1480723084.098,86281,37.3971178388333,-121.984764011,2,0,0
3bb5d6c4-17d0-4088-a616-11ce03dd3274,1480723084.299,86281.2,37.3971129951667,-121.984767569833,2,0,0
3bb5d6c4-17d0-4088-a616-11ce03dd3274,1480723084.492,86281.4,37.3971081453333,-121.984771089,2,0,0
3bb5d6c4-17d0-4088-a616-11ce03dd3274,1480723084.693,86281.6,37.3971032865,-121.984774489833,2,0,0
3bb5d6c4-17d0-4088-a616-11ce03dd3274,1480723084.898,86281.8,37.3970984408333,-121.984777938833,2,0,0
3bb5d6c4-17d0-4088-a616-11ce03dd3274,1480723085.092,86282,37.397093729,-121.984781472333,2,0,0
3bb5d6c4-17d0-4088-a616-11ce03dd3274,1480723085.296,86282.2,37.3970891635,-121.984785081833,2,0,0
3bb5d6c4-17d0-4088-a616-11ce03dd3274,1480723085.502,86282.4,37.3970845913333,-121.984788555333,2,0,0
3bb5d6c4-17d0-4088-a616-11ce03dd3274,1480723085.694,86282.6,37.397080056,-121.984791992167,2,0,0
3bb5d6c4-17d0-4088-a616-11ce03dd3274,1480723085.898,86282.8,37.3970757345,-121.984795647833,2,0,0
3bb5d6c4-17d0-4088-a616-11ce03dd3274,1480723086.099,86283,37.3970715188333,-121.984799324333,2,0,0
3bb5d6c4-17d0-4088-a616-11ce03dd3274,1480723086.3,86283.2,37.3970672891667,-121.984802771667,2,0,0
3bb5d6c4-17d0-4088-a616-11ce03dd3274,1480723086.496,86283.4,37.3970630456667,-121.984805835333,2,0,0
3bb5d6c4-17d0-4088-a616-11ce03dd3274,1480723086.693,86283.6,37.397058823,-121.984808850833,2,0,0
3bb5d6c4-17d0-4088-a616-11ce03dd3274,1480723086.893,86283.8,37.397054583,-121.984811541,2,0,0
3bb5d6c4-17d0-4088-a616-11ce03dd3274,1480723087.096,86284,37.3970503291667,-121.9848136265,2,0,0
3bb5d6c4-17d0-4088-a616-11ce03dd3274,1480723087.291,86284.2,37.3970461548333,-121.984815020667,2,0,0
3bb5d6c4-17d0-4088-a616-11ce03dd3274,1480723087.494,86284.4,37.3970420858333,-121.984815916167,2,0,0
3bb5d6c4-17d0-4088-a616-11ce03dd3274,1480723087.696,86284.6,37.3970380463333,-121.984816586833,2,0,0
3bb5d6c4-17d0-4088-a616-11ce03dd3274,1480723087.892,86284.8,37.3970341271667,-121.984816589,2,0,0
3bb5d6c4-17d0-4088-a616-11ce03dd3274,1480723088.095,86285,37.397030306,-121.984815800667,2,0,0
3bb5d6c4-17d0-4088-a616-11ce03dd3274,1480723088.292,86285.2,37.3970265231667,-121.984814815,2,0,0
3bb5d6c4-17d0-4088-a616-11ce03dd3274,1480723088.494,86285.4,37.3970228816667,-121.9848135965,2,0,0
3bb5d6c4-17d0-4088-a616-11ce03dd3274,1480723088.701,86285.6,37.3970195378333,-121.984811756333,2,0,0
3bb5d6c4-17d0-4088-a616-11ce03dd3274,1480723088.895,86285.8,37.397016371,-121.984809620833,2,0,0
3bb5d6c4-17d0-4088-a616-11ce03dd3274,1480723089.096,86286,37.3970134373333,-121.984807182667,2,0,0
3bb5d6c4-17d0-4088-a616-11ce03dd3274,1480723089.294,86286.2,37.397010684,-121.984804411833,2,0,0
3bb5d6c4-17d0-4088-a616-11ce03dd3274,1480723089.498,86286.4,37.3970080526667,-121.9848012695,2,0,0
3bb5d6c4-17d0-4088-a616-11ce03dd3274,1480723089.702,86286.6,37.3970058206667,-121.984797799833,2,0,0
3bb5d6c4-17d0-4088-a616-11ce03dd3274,1480723089.894,86286.8,37.397003741,-121.984794117667,2,0,0
3bb5d6c4-17d0-4088-a616-11ce03dd3274,1480723090.1,86287,37.3970019211667,-121.984790184167,2,0,0
3bb5d6c4-17d0-4088-a616-11ce03dd3274,1480723090.301,86287.2,37.3970005075,-121.984786074667,2,0,0
3bb5d6c4-17d0-4088-a616-11ce03dd3274,1480723090.494,86287.4,37.3969992681667,-121.984781853333,2,0,0
3bb5d6c4-17d0-4088-a616-11ce03dd3274,1480723090.691,86287.6,37.3969984425,-121.984777548,2,0,0
3bb5d6c4-17d0-4088-a616-11ce03dd3274,1480723090.893,86287.8,37.3969978661667,-121.984773146833,2,0,0
3bb5d6c4-17d0-4088-a616-11ce03dd3274,1480723091.1,86288,37.3969975831667,-121.984768719,2,0,0
3bb5d6c4-17d0-4088-a616-11ce03dd3274,1480723091.292,86288.2,37.3969976283333,-121.984764185167,2,0,0
3bb5d6c4-17d0-4088-a616-11ce03dd3274,1480723091.494,86288.4,37.3969980906667,-121.984759670667,2,0,0
3bb5d6c4-17d0-4088-a616-11ce03dd3274,1480723091.699,86288.6,37.3969988728333,-121.984755234,2,0,0
3bb5d6c4-17d0-4088-a616-11ce03dd3274,1480723091.893,86288.8,37.3970000013333,-121.984750876,2,0,0
3bb5d6c4-17d0-4088-a616-11ce03dd3274,1480723092.095,86289,37.3970013548333,-121.984746559333,2,0,0
3bb5d6c4-17d0-4088-a616-11ce03dd3274,1480723092.301,86289.2,37.3970032596667,-121.984742474833,2,0,0
3bb5d6c4-17d0-4088-a616-11ce03dd3274,1480723092.492,86289.4,37.3970054,-121.984738557333,2,0,0
3bb5d6c4-17d0-4088-a616-11ce03dd3274,1480723092.691,86289.6,37.3970078053333,-121.984734781,2,0,0
3bb5d6c4-17d0-4088-a616-11ce03dd3274,1480723092.892,86289.8,37.3970104925,-121.984731308667,2,0,0
3bb5d6c4-17d0-4088-a616-11ce03dd3274,1480723093.099,86290,37.3970133951667,-121.984728192,2,0,0
3bb5d6c4-17d0-4088-a616-11ce03dd3274,1480723093.298,86290.2,37.397016688,-121.984725410167,2,0,0
3bb5d6c4-17d0-4088-a616-11ce03dd3274,1480723093.498,86290.4,37.3970201568333,-121.984722796,2,0,0
3bb5d6c4-17d0-4088-a616-11ce03dd3274,1480723093.699,86290.6,37.3970238396667,-121.984720554,2,0,0
3bb5d6c4-17d0-4088-a616-11ce03dd3274,1480723093.893,86290.8,37.397027617,-121.98471902,2,0,0
3bb5d6c4-17d0-4088-a616-11ce03dd3274,1480723094.1,86291,37.3970316723333,-121.984718020833,2,0,0
3bb5d6c4-17d0-4088-a616-11ce03dd3274,1480723094.296,86291.2,37.3970358143333,-121.984717525833,2,0,0
3bb5d6c4-17d0-4088-a616-11ce03dd3274,1480723094.499,86291.4,37.397039993,-121.984717421333,2,0,0
3bb5d6c4-17d0-4088-a616-11ce03dd3274,1480723094.699,86291.6,37.397044119,-121.984718033,2,0,0
3bb5d6c4-17d0-4088-a616-11ce03dd3274,1480723094.896,86291.8,37.3970482031667,-121.9847192405,2,0,0
3bb5d6c4-17d0-4088-a616-11ce03dd3274,1480723095.098,86292,37.3970523713333,-121.984720732667,2,0,0
3bb5d6c4-17d0-4088-a616-11ce03dd3274,1480723095.293,86292.2,37.397056663,-121.984722345667,2,0,0
3bb5d6c4-17d0-4088-a616-11ce03dd3274,1480723095.501,86292.4,37.3970609481667,-121.984724202,2,0,0
3bb5d6c4-17d0-4088-a616-11ce03dd3274,1480723095.694,86292.6,37.3970652061667,-121.984726226167,2,0,0
3bb5d6c4-17d0-4088-a616-11ce03dd3274,1480723095.899,86292.8,37.3970695566667,-121.9847283095,2,0,0
3bb5d6c4-17d0-4088-a616-11ce03dd3274,1480723096.101,86293,37.3970740346667,-121.984730373167,2,0,0
3bb5d6c4-17d0-4088-a616-11ce03dd3274,1480723096.296,86293.2,37.3970786538333,-121.984732496333,2,0,0
3bb5d6c4-17d0-4088-a616-11ce03dd3274,1480723096.495,86293.4,37.3970833763333,-121.984734587667,2,0,0
3bb5d6c4-17d0-4088-a616-11ce03dd3274,1480723096.695,86293.6,37.3970882511667,-121.984736557167,2,0,0
3bb5d6c4-17d0-4088-a616-11ce03dd3274,1480723096.898,86293.8,37.397093144,-121.984738354833,2,0,0
3bb5d6c4-17d0-4088-a616-11ce03dd3274,1480723097.092,86294,37.3970981261667,-121.984739964,2,0,0
3bb5d6c4-17d0-4088-a616-11ce03dd3274,1480723097.3,86294.2,37.3971030708333,-121.984741338667,2,0,0
3bb5d6c4-17d0-4088-a616-11ce03dd3274,1480723097.494,86294.4,37.3971079826667,-121.984742539333,2,0,0
3bb5d6c4-17d0-4088-a616-11ce03dd3274,1480723097.699,86294.6,37.397112919,-121.984743373167,2,0,0
3bb5d6c4-17d0-4088-a616-11ce03dd3274,1480723097.892,86294.8,37.3971179453333,-121.9847438035,2,0,0
3bb5d6c4-17d0-4088-a616-11ce03dd3274,1480723098.1,86295,37.3971229128333,-121.984743937167,2,0,0
3bb5d6c4-17d0-4088-a616-11ce03dd3274,1480723098.301,86295.2,37.397127908,-121.984743809333,2,0,0
3bb5d6c4-17d0-4088-a616-11ce03dd3274,1480723098.492,86295.4,37.3971328213333,-121.984743168333,2,0,0
3bb5d6c4-17d0-4088-a616-11ce03dd3274,1480723098.701,86295.6,37.3971377033333,-121.9847420625,2,0,0
3bb5d6c4-17d0-4088-a616-11ce03dd3274,1480723098.894,86295.8,37.3971424051667,-121.984740606333,2,0,0
3bb5d6c4-17d0-4088-a616-11ce03dd3274,1480723099.1,86296,37.3971470273333,-121.984738790833,2,0,0
3bb5d6c4-17d0-4088-a616-11ce03dd3274,1480723099.292,86296.2,37.3971513898333,-121.98473656,2,0,0
3bb5d6c4-17d0-4088-a616-11ce03dd3274,1480723099.497,86296.4,37.3971555231667,-121.984733710167,2,0,0
3bb5d6c4-17d0-4088-a616-11ce03dd3274,1480723099.698,86296.6,37.3971593968333,-121.984730425833,2,0,0
3bb5d6c4-17d0-4088-a616-11ce03dd3274,1480723099.892,86296.8,37.397163123,-121.984726969667,2,0,0
3bb5d6c4-17d0-4088-a616-11ce03dd3274,1480723100.096,86297,37.3971666183333,-121.9847231565,2,0,0
3bb5d6c4-17d0-4088-a616-11ce03dd3274,1480723100.294,86297.2,37.397169696,-121.984718803167,2,0,0
3bb5d6c4-17d0-4088-a616-11ce03dd3274,1480723100.496,86297.4,37.397172488,-121.984714267,2,0,0
3bb5d6c4-17d0-4088-a616-11ce03dd3274,1480723100.698,86297.6,37.3971749376667,-121.984709520333,2,0,0
3bb5d6c4-17d0-4088-a616-11ce03dd3274,1480723100.894,86297.8,37.3971770393333,-121.984704477333,2,0,0
3bb5d6c4-17d0-4088-a616-11ce03dd3274,1480723101.095,86298,37.3971788146667,-121.984699262167,2,0,0
3bb5d6c4-17d0-4088-a616-11ce03dd3274,1480723101.299,86298.2,37.3971803751667,-121.984693760333,2,0,0
3bb5d6c4-17d0-4088-a616-11ce03dd3274,1480723101.491,86298.4,37.3971819673333,-121.984688069833,2,0,0
3bb5d6c4-17d0-4088-a616-11ce03dd3274,1480723101.693,86298.6,37.3971831401667,-121.984682077667,2,0,0
3bb5d6c4-17d0-4088-a616-11ce03dd3274,1480723101.9,86298.8,37.3971840118333,-121.984675894167,2,0,0
3bb5d6c4-17d0-4088-a616-11ce03dd3274,1480723102.099,86299,37.3971846863333,-121.984669581,2,0,0
3bb5d6c4-17d0-4088-a616-11ce03dd3274,1480723102.293,86299.2,37.3971851945,-121.984663104667,2,0,0
3bb5d6c4-17d0-4088-a616-11ce03dd3274,1480723102.498,86299.4,37.397185602,-121.984656559667,2,0,0
3bb5d6c4-17d0-4088-a616-11ce03dd3274,1480723102.7,86299.6,37.3971858723333,-121.984649838833,2,0,0
3bb5d6c4-17d0-4088-a616-11ce03dd3274,1480723102.894,86299.8,37.3971861208333,-121.984643070333,2,0,0
3bb5d6c4-17d0-4088-a616-11ce03dd3274,1480723103.092,86300,37.3971862925,-121.984636200167,2,0,0
3bb5d6c4-17d0-4088-a616-11ce03dd3274,1480723103.301,86300.2,37.3971864875,-121.9846290585,2,0,0
3bb5d6c4-17d0-4088-a616-11ce03dd3274,1480723103.496,86300.4,37.3971866521667,-121.984621773333,2,0,0
3bb5d6c4-17d0-4088-a616-11ce03dd3274,1480723103.694,86300.6,37.397186757,-121.984614323667,2,0,0
3bb5d6c4-17d0-4088-a616-11ce03dd3274,1480723103.899,86300.8,37.3971868845,-121.984606772667,2,0,0
3bb5d6c4-17d0-4088-a616-11ce03dd3274,1480723104.093,86301,37.3971870181667,-121.98459913,2,0,0
3bb5d6c4-17d0-4088-a616-11ce03dd3274,1480723104.293,86301.2,37.3971871616667,-121.9845913785,2,0,0
3bb5d6c4-17d0-4088-a616-11ce03dd3274,1480723104.492,86301.4,37.397187446,-121.984583661,2,0,0
3bb5d6c4-17d0-4088-a616-11ce03dd3274,1480723104.695,86301.6,37.3971876591667,-121.984575819333,2,0,0
3bb5d6c4-17d0-4088-a616-11ce03dd3274,1480723104.901,86301.8,37.3971878791667,-121.984567967,2,0,0
3bb5d6c4-17d0-4088-a616-11ce03dd3274,1480723105.098,86302,37.39718811,-121.984560076167,2,0,0
3bb5d6c4-17d0-4088-a616-11ce03dd3274,1480723105.293,86302.2,37.3971884535,-121.984552168167,2,0,0
3bb5d6c4-17d0-4088-a616-11ce03dd3274,1480723105.492,86302.4,37.397188864,-121.984544241667,2,0,0
3bb5d6c4-17d0-4088-a616-11ce03dd3274,1480723105.702,86302.6,37.3971891586667,-121.984536351667,2,0,0
3bb5d6c4-17d0-4088-a616-11ce03dd3274,1480723105.899,86302.8,37.39718944,-121.984528559667,2,0,0
3bb5d6c4-17d0-4088-a616-11ce03dd3274,1480723106.097,86303,37.3971897278333,-121.984520915167,2,0,0
3bb5d6c4-17d0-4088-a616-11ce03dd3274,1480723106.295,86303.2,37.3971900213333,-121.984513285667,2,0,0
3bb5d6c4-17d0-4088-a616-11ce03dd3274,1480723106.501,86303.4,37.397190325,-121.984505871667,2,0,0
3bb5d6c4-17d0-4088-a616-11ce03dd3274,1480723106.693,86303.6,37.3971907068333,-121.984498500833,2,0,0
3bb5d6c4-17d0-4088-a616-11ce03dd3274,1480723106.899,86303.8,37.39719101,-121.984491277,2,0,0
3bb5d6c4-17d0-4088-a616-11ce03dd3274,1480723107.097,86304,37.3971913051667,-121.9844841235,2,0,0
3bb5d6c4-17d0-4088-a616-11ce03dd3274,1480723107.299,86304.2,37.3971915891667,-121.984477047333,2,0,0
3bb5d6c4-17d0-4088-a616-11ce03dd3274,1480723107.492,86304.4,37.3971918991667,-121.984470095167,2,0,0
3bb5d6c4-17d0-4088-a616-11ce03dd3274,1480723107.696,86304.6,37.3971922146667,-121.984463207,2,0,0
3bb5d6c4-17d0-4088-a616-11ce03dd3274,1480723107.897,86304.8,37.3971926301667,-121.984456723667,2,0,0
3bb5d6c4-17d0-4088-a616-11ce03dd3274,1480723108.094,86305,37.3971928133333,-121.984450506,2,0,0
3bb5d6c4-17d0-4088-a616-11ce03dd3274,1480723108.294,86305.2,37.3971929728333,-121.9844436635,2,0,0
3bb5d6c4-17d0-4088-a616-11ce03dd3274,1480723108.496,86305.4,37.3971935243333,-121.984437013833,2,0,0
3bb5d6c4-17d0-4088-a616-11ce03dd3274,1480723108.698,86305.6,37.3971938498333,-121.984430977667,2,0,0
3bb5d6c4-17d0-4088-a616-11ce03dd3274,1480723108.892,86305.8,37.397194023,-121.984424718167,2,0,0
3bb5d6c4-17d0-4088-a616-11ce03dd3274,1480723109.099,86306,37.3971941686667,-121.984418540167,2,0,0
3bb5d6c4-17d0-4088-a616-11ce03dd3274,1480723109.299,86306.2,37.3971945245,-121.9844127155,2,0,0
3bb5d6c4-17d0-4088-a616-11ce03dd3274,1480723109.498,86306.4,37.3971949376667,-121.984406583667,2,0,0
3bb5d6c4-17d0-4088-a616-11ce03dd3274,1480723109.7,86306.6,37.3971951253333,-121.984400348667,2,0,0
3bb5d6c4-17d0-4088-a616-11ce03dd3274,1480723109.897,86306.8,37.3971953581667,-121.984394181667,2,0,0
3bb5d6c4-17d0-4088-a616-11ce03dd3274,1480723110.099,86307,37.3971956991667,-121.984387971,2,0,0
3bb5d6c4-17d0-4088-a616-11ce03dd3274,1480723110.295,86307.2,37.397195966,-121.984381647833,2,0,0
3bb5d6c4-17d0-4088-a616-11ce03dd3274,1480723110.498,86307.4,37.3971962293333,-121.984375224333,2,0,0
3bb5d6c4-17d0-4088-a616-11ce03dd3274,1480723110.699,86307.6,37.3971965158333,-121.984368837833,2,0,0
3bb5d6c4-17d0-4088-a616-11ce03dd3274,1480723110.893,86307.8,37.3971967656667,-121.9843623685,2,0,0
3bb5d6c4-17d0-4088-a616-11ce03dd3274,1480723111.098,86308,37.3971970273333,-121.984355948167,2,0,0
3bb5d6c4-17d0-4088-a616-11ce03dd3274,1480723111.291,86308.2,37.397197282,-121.984349491167,2,0,0
3bb5d6c4-17d0-4088-a616-11ce03dd3274,1480723111.491,86308.4,37.397197511,-121.984343059167,2,0,0
3bb5d6c4-17d0-4088-a616-11ce03dd3274,1480723111.697,86308.6,37.3971977006667,-121.984336605833,2,0,0
3bb5d6c4-17d0-4088-a616-11ce03dd3274,1480723111.891,86308.8,37.3971978703333,-121.984330205333,2,0,0
3bb5d6c4-17d0-4088-a616-11ce03dd3274,1480723112.095,86309,37.3971979763333,-121.984323713,2,0,0
3bb5d6c4-17d0-4088-a616-11ce03dd3274,1480723112.296,86309.2,37.3971980196667,-121.984317266667,2,0,0
3bb5d6c4-17d0-4088-a616-11ce03dd3274,1480723112.499,86309.4,37.397198041,-121.9843107935,2,0,0
3bb5d6c4-17d0-4088-a616-11ce03dd3274,1480723112.702,86309.6,37.3971980325,-121.9843042995,2,0,0
3bb5d6c4-17d0-4088-a616-11ce03dd3274,1480723112.9,86309.8,37.3971980228333,-121.984297656667,2,0,0
3bb5d6c4-17d0-4088-a616-11ce03dd3274,1480723113.093,86310,37.3971979538333,-121.984290916833,2,0,0
3bb5d6c4-17d0-4088-a616-11ce03dd3274,1480723113.297,86310.2,37.3971978271667,-121.9842841025,2,0,0
3bb5d6c4-17d0-4088-a616-11ce03dd3274,1480723113.5,86310.4,37.3971976925,-121.984277165167,2,0,0
3bb5d6c4-17d0-4088-a616-11ce03dd3274,1480723113.698,86310.6,37.3971975661667,-121.984270279833,2,0,0
3bb5d6c4-17d0-4088-a616-11ce03dd3274,1480723113.893,86310.8,37.3971974675,-121.984263638333,2,0,0
3bb5d6c4-17d0-4088-a616-11ce03dd3274,1480723114.096,86311,37.3971972173333,-121.984256289833,2,0,0
3bb5d6c4-17d0-4088-a616-11ce03dd3274,1480723114.301,86311.2,37.3971969515,-121.984248636667,2,0,0
3bb5d6c4-17d0-4088-a616-11ce03dd3274,1480723114.498,86311.4,37.3971968131667,-121.984241515667,2,0,0
3bb5d6c4-17d0-4088-a616-11ce03dd3274,1480723114.691,86311.6,37.3971967168333,-121.984234285333,2,0,0
3bb5d6c4-17d0-4088-a616-11ce03dd3274,1480723114.895,86311.8,37.3971964503333,-121.984227204833,2,0,0
3bb5d6c4-17d0-4088-a616-11ce03dd3274,1480723115.092,86312,37.3971962323333,-121.984219970667,2,0,0
3bb5d6c4-17d0-4088-a616-11ce03dd3274,1480723115.295,86312.2,37.39719611,-121.9842122765,2,0,0
3bb5d6c4-17d0-4088-a616-11ce03dd3274,1480723115.498,86312.4,37.3971959333333,-121.9842046805,2,0,0
3bb5d6c4-17d0-4088-a616-11ce03dd3274,1480723115.698,86312.6,37.3971957716667,-121.984196954167,2,0,0
3bb5d6c4-17d0-4088-a616-11ce03dd3274,1480723115.892,86312.8,37.397195525,-121.9841889295,2,0,0
3bb5d6c4-17d0-4088-a616-11ce03dd3274,1480723116.097,86313,37.3971953728333,-121.984180784833,2,0,0
3bb5d6c4-17d0-4088-a616-11ce03dd3274,1480723116.297,86313.2,37.397195308,-121.984172445,2,0,0
3bb5d6c4-17d0-4088-a616-11ce03dd3274,1480723116.491,86313.4,37.3971951403333,-121.984163992333,2,0,0
3bb5d6c4-17d0-4088-a616-11ce03dd3274,1480723116.695,86313.6,37.3971950215,-121.984155438333,2,0,0
3bb5d6c4-17d0-4088-a616-11ce03dd3274,1480723116.9,86313.8,37.3971950115,-121.9841466275,2,0,0
3bb5d6c4-17d0-4088-a616-11ce03dd3274,1480723117.101,86314,37.3971949085,-121.984137854,2,0,0
3bb5d6c4-17d0-4088-a616-11ce03dd3274,1480723117.3,86314.2,37.3971948755,-121.984128948667,2,0,0
3bb5d6c4-17d0-4088-a616-11ce03dd3274,1480723117.497,86314.4,37.3971947751667,-121.9841199585,2,0,0
3bb5d6c4-17d0-4088-a616-11ce03dd3274,1480723117.691,86314.6,37.3971946245,-121.984110989833,2,0,0
3bb5d6c4-17d0-4088-a616-11ce03dd3274,1480723117.899,86314.8,37.3971945526667,-121.984101891167,2,0,0
3bb5d6c4-17d0-4088-a616-11ce03dd3274,1480723118.099,86315,37.3971944033333,-121.984092760167,2,0,0
3bb5d6c4-17d0-4088-a616-11ce03dd3274,1480723118.301,86315.2,37.3971944156667,-121.984083546167,2,0,0
3bb5d6c4-17d0-4088-a616-11ce03dd3274,1480723118.494,86315.4,37.3971943316667,-121.984074382833,2,0,0
3bb5d6c4-17d0-4088-a616-11ce03dd3274,1480723118.694,86315.6,37.397194395,-121.984065096333,2,0,0
3bb5d6c4-17d0-4088-a616-11ce03dd3274,1480723118.892,86315.8,37.3971945035,-121.9840558065,2,0,0
3bb5d6c4-17d0-4088-a616-11ce03dd3274,1480723119.093,86316,37.3971945675,-121.984046591333,2,0,0
3bb5d6c4-17d0-4088-a616-11ce03dd3274,1480723119.297,86316.2,37.3971946563333,-121.984037391333,2,0,0
3bb5d6c4-17d0-4088-a616-11ce03dd3274,1480723119.5,86316.4,37.3971947615,-121.984028255333,2,0,0
3bb5d6c4-17d0-4088-a616-11ce03dd3274,1480723119.691,86316.6,37.3971948391667,-121.984019061667,2,0,0
3bb5d6c4-17d0-4088-a616-11ce03dd3274,1480723119.9,86316.8,37.3971949555,-121.984009896333,2,0,0
3bb5d6c4-17d0-4088-a616-11ce03dd3274,1480723120.095,86317,37.3971951075,-121.984000830667,2,0,0
3bb5d6c4-17d0-4088-a616-11ce03dd3274,1480723120.297,86317.2,37.39719526,-121.983991689833,2,0,0
3bb5d6c4-17d0-4088-a616-11ce03dd3274,1480723120.5,86317.4,37.3971954701667,-121.983982573833,2,0,0
3bb5d6c4-17d0-4088-a616-11ce03dd3274,1480723120.69,86317.6,37.3971956053333,-121.983973526,2,0,0
3bb5d6c4-17d0-4088-a616-11ce03dd3274,1480723120.899,86317.8,37.397195759,-121.983964480833,2,0,0
3bb5d6c4-17d0-4088-a616-11ce03dd3274,1480723121.095,86318,37.3971959608333,-121.983955458167,2,0,0
3bb5d6c4-17d0-4088-a616-11ce03dd3274,1480723121.292,86318.2,37.3971961085,-121.9839464405,2,0,0
3bb5d6c4-17d0-4088-a616-11ce03dd3274,1480723121.495,86318.4,37.3971962891667,-121.983937460667,2,0,0
3bb5d6c4-17d0-4088-a616-11ce03dd3274,1480723121.694,86318.6,37.3971965618333,-121.983928473,2,0,0
3bb5d6c4-17d0-4088-a616-11ce03dd3274,1480723121.899,86318.8,37.3971965823333,-121.983919582333,2,0,0
3bb5d6c4-17d0-4088-a616-11ce03dd3274,1480723122.091,86319,37.3971965871667,-121.983910645,2,0,0
3bb5d6c4-17d0-4088-a616-11ce03dd3274,1480723122.301,86319.2,37.3971965295,-121.9839017275,2,0,0
3bb5d6c4-17d0-4088-a616-11ce03dd3274,1480723122.493,86319.4,37.39719635,-121.983892775667,2,0,0
3bb5d6c4-17d0-4088-a616-11ce03dd3274,1480723122.692,86319.6,37.3971962208333,-121.983883882833,2,0,0
3bb5d6c4-17d0-4088-a616-11ce03dd3274,1480723122.9,86319.8,37.3971958763333,-121.983875066,2,0,0
3bb5d6c4-17d0-4088-a616-11ce03dd3274,1480723123.092,86320,37.3971954405,-121.983866173667,2,0,0
3bb5d6c4-17d0-4088-a616-11ce03dd3274,1480723123.294,86320.2,37.3971947151667,-121.983857322,2,0,0
3bb5d6c4-17d0-4088-a616-11ce03dd3274,1480723123.497,86320.4,37.39719389,-121.983848521833,2,0,0
3bb5d6c4-17d0-4088-a616-11ce03dd3274,1480723123.691,86320.6,37.397192823,-121.983839764333,2,0,0
3bb5d6c4-17d0-4088-a616-11ce03dd3274,1480723123.898,86320.8,37.3971913281667,-121.983831218,2,0,0
3bb5d6c4-17d0-4088-a616-11ce03dd3274,1480723124.093,86321,37.3971896458333,-121.983822604,2,0,0
3bb5d6c4-17d0-4088-a616-11ce03dd3274,1480723124.296,86321.2,37.3971874903333,-121.983814136667,2,0,0
3bb5d6c4-17d0-4088-a616-11ce03dd3274,1480723124.499,86321.4,37.3971849601667,-121.983805786333,2,0,0
3bb5d6c4-17d0-4088-a616-11ce03dd3274,1480723124.692,86321.6,37.3971820733333,-121.983797743333,2,0,0
3bb5d6c4-17d0-4088-a616-11ce03dd3274,1480723124.896,86321.8,37.3971784901667,-121.9837900325,2,0,0
3bb5d6c4-17d0-4088-a616-11ce03dd3274,1480723125.101,86322,37.3971744123333,-121.983782797333,2,0,0
3bb5d6c4-17d0-4088-a616-11ce03dd3274,1480723125.292,86322.2,37.3971696956667,-121.9837763205,2,0,0
3bb5d6c4-17d0-4088-a616-11ce03dd3274,1480723125.494,86322.4,37.3971643905,-121.983770663,2,0,0
3bb5d6c4-17d0-4088-a616-11ce03dd3274,1480723125.699,86322.6,37.3971585726667,-121.9837657895,2,0,0
3bb5d6c4-17d0-4088-a616-11ce03dd3274,1480723125.892,86322.8,37.3971524591667,-121.983761809833,2,0,0
3bb5d6c4-17d0-4088-a616-11ce03dd3274,1480723126.097,86323,37.3971458546667,-121.983758674333,2,0,0
3bb5d6c4-17d0-4088-a616-11ce03dd3274,1480723126.293,86323.2,37.397139145,-121.983756574833,2,0,0
3bb5d6c4-17d0-4088-a616-11ce03dd3274,1480723126.493,86323.4,37.3971322861667,-121.983755348167,2,0,0
3bb5d6c4-17d0-4088-a616-11ce03dd3274,1480723126.691,86323.6,37.3971254345,-121.983754955333,2,0,0
3bb5d6c4-17d0-4088-a616-11ce03dd3274,1480723126.898,86323.8,37.3971186316667,-121.983755383333,2,0,0
3bb5d6c4-17d0-4088-a616-11ce03dd3274,1480723127.1,86324,37.397111888,-121.983756507333,2,0,0
3bb5d6c4-17d0-4088-a616-11ce03dd3274,1480723127.295,86324.2,37.3971053456667,-121.983758354667,2,0,0
3bb5d6c4-17d0-4088-a616-11ce03dd3274,1480723127.499,86324.4,37.397098879,-121.983760906667,2,0,0
3bb5d6c4-17d0-4088-a616-11ce03dd3274,1480723127.698,86324.6,37.3970927583333,-121.983763881833,2,0,0
3bb5d6c4-17d0-4088-a616-11ce03dd3274,1480723127.895,86324.8,37.3970868078333,-121.983767290333,2,0,0
3bb5d6c4-17d0-4088-a616-11ce03dd3274,1480723128.092,86325,37.3970809801667,-121.983770745667,2,0,0
3bb5d6c4-17d0-4088-a616-11ce03dd3274,1480723128.298,86325.2,37.397075308,-121.983774304333,2,0,0
3bb5d6c4-17d0-4088-a616-11ce03dd3274,1480723128.501,86325.4,37.3970699375,-121.983777940167,2,0,0
3bb5d6c4-17d0-4088-a616-11ce03dd3274,1480723128.691,86325.6,37.3970646488333,-121.983781248167,2,0,0
3bb5d6c4-17d0-4088-a616-11ce03dd3274,1480723128.897,86325.8,37.3970593528333,-121.983784042,2,0,0
3bb5d6c4-17d0-4088-a616-11ce03dd3274,1480723129.098,86326,37.3970540125,-121.983786397333,2,0,0
3bb5d6c4-17d0-4088-a616-11ce03dd3274,1480723129.296,86326.2,37.3970489455,-121.983788486667,2,0,0
3bb5d6c4-17d0-4088-a616-11ce03dd3274,1480723129.501,86326.4,37.3970438953333,-121.983789908,2,0,0
3bb5d6c4-17d0-4088-a616-11ce03dd3274,1480723129.695,86326.6,37.397038998,-121.983790630833,2,0,0
3bb5d6c4-17d0-4088-a616-11ce03dd3274,1480723129.898,86326.8,37.3970343615,-121.983790874333,2,0,0
3bb5d6c4-17d0-4088-a616-11ce03dd3274,1480723130.094,86327,37.3970298625,-121.983790544667,2,0,0
3bb5d6c4-17d0-4088-a616-11ce03dd3274,1480723130.298,86327.2,37.3970256265,-121.983789557833,2,0,0
3bb5d6c4-17d0-4088-a616-11ce03dd3274,1480723130.492,86327.4,37.3970217148333,-121.983788095,2,0,0
3bb5d6c4-17d0-4088-a616-11ce03dd3274,1480723130.693,86327.6,37.397018011,-121.983786197667,2,0,0
3bb5d6c4-17d0-4088-a616-11ce03dd3274,1480723130.897,86327.8,37.397014531,-121.983783990167,2,0,0
3bb5d6c4-17d0-4088-a616-11ce03dd3274,1480723131.092,86328,37.3970113073333,-121.983781193833,2,0,0
3bb5d6c4-17d0-4088-a616-11ce03dd3274,1480723131.295,86328.2,37.3970084235,-121.9837780765,2,0,0
3bb5d6c4-17d0-4088-a616-11ce03dd3274,1480723131.491,86328.4,37.3970057663333,-121.9837748275,2,0,0
3bb5d6c4-17d0-4088-a616-11ce03dd3274,1480723131.7,86328.6,37.3970034208333,-121.983771307833,2,0,0
3bb5d6c4-17d0-4088-a616-11ce03dd3274,1480723131.897,86328.8,37.3970013515,-121.9837675395,2,0,0
3bb5d6c4-17d0-4088-a616-11ce03dd3274,1480723132.091,86329,37.3969995915,-121.983763533833,2,0,0
3bb5d6c4-17d0-4088-a616-11ce03dd3274,1480723132.297,86329.2,37.396998218,-121.9837592715,2,0,0
3bb5d6c4-17d0-4088-a616-11ce03dd3274,1480723132.494,86329.4,37.3969970428333,-121.9837548375,2,0,0
3bb5d6c4-17d0-4088-a616-11ce03dd3274,1480723132.696,86329.6,37.3969962046667,-121.983750259,2,0,0
3bb5d6c4-17d0-4088-a616-11ce03dd3274,1480723132.89,86329.8,37.396995639,-121.983745530333,2,0,0
3bb5d6c4-17d0-4088-a616-11ce03dd3274,1480723133.095,86330,37.3969955038333,-121.983740636167,2,0,0
3bb5d6c4-17d0-4088-a616-11ce03dd3274,1480723133.29,86330.2,37.3969957805,-121.983735667667,2,0,0
3bb5d6c4-17d0-4088-a616-11ce03dd3274,1480723133.496,86330.4,37.3969964151667,-121.983730645833,2,0,0
3bb5d6c4-17d0-4088-a616-11ce03dd3274,1480723133.694,86330.6,37.3969974415,-121.983725600833,2,0,0
3bb5d6c4-17d0-4088-a616-11ce03dd3274,1480723133.898,86330.8,37.3969990028333,-121.983720625333,2,0,0
3bb5d6c4-17d0-4088-a616-11ce03dd3274,1480723134.093,86331,37.397001034,-121.983715795833,2,0,0
3bb5d6c4-17d0-4088-a616-11ce03dd3274,1480723134.3,86331.2,37.3970035216667,-121.983711202833,2,0,0
3bb5d6c4-17d0-4088-a616-11ce03dd3274,1480723134.493,86331.4,37.3970065583333,-121.9837069175,2,0,0
3bb5d6c4-17d0-4088-a616-11ce03dd3274,1480723134.701,86331.6,37.3970098718333,-121.983703008333,2,0,0
3bb5d6c4-17d0-4088-a616-11ce03dd3274,1480723134.896,86331.8,37.3970136491667,-121.9836996135,2,0,0
3bb5d6c4-17d0-4088-a616-11ce03dd3274,1480723135.1,86332,37.3970176966667,-121.983696777333,2,0,0
3bb5d6c4-17d0-4088-a616-11ce03dd3274,1480723135.291,86332.2,37.3970219291667,-121.983694438,2,0,0
3bb5d6c4-17d0-4088-a616-11ce03dd3274,1480723135.491,86332.4,37.3970263268333,-121.983692752333,2,0,0
3bb5d6c4-17d0-4088-a616-11ce03dd3274,1480723135.699,86332.6,37.3970309971667,-121.983691754,2,0,0
3bb5d6c4-17d0-4088-a616-11ce03dd3274,1480723135.894,86332.8,37.3970356885,-121.983691341333,2,0,0
3bb5d6c4-17d0-4088-a616-11ce03dd3274,1480723136.091,86333,37.397040472,-121.983691332,2,0,0
3bb5d6c4-17d0-4088-a616-11ce03dd3274,1480723136.3,86333.2,37.3970453888333,-121.983691790667,2,0,0
3bb5d6c4-17d0-4088-a616-11ce03dd3274,1480723136.5,86333.4,37.3970502863333,-121.983692692833,2,0,0
3bb5d6c4-17d0-4088-a616-11ce03dd3274,1480723136.696,86333.6,37.39705519,-121.983693637833,2,0,0
3bb5d6c4-17d0-4088-a616-11ce03dd3274,1480723136.895,86333.8,37.3970601055,-121.983694937,2,0,0
3bb5d6c4-17d0-4088-a616-11ce03dd3274,1480723137.094,86334,37.3970649861667,-121.983696494,2,0,0
3bb5d6c4-17d0-4088-a616-11ce03dd3274,1480723137.299,86334.2,37.39706985,-121.983698419167,2,0,0
3bb5d6c4-17d0-4088-a616-11ce03dd3274,1480723137.493,86334.4,37.3970747385,-121.983700274333,2,0,0
3bb5d6c4-17d0-4088-a616-11ce03dd3274,1480723137.694,86334.6,37.3970796523333,-121.983702297833,2,0,0
3bb5d6c4-17d0-4088-a616-11ce03dd3274,1480723137.892,86334.8,37.3970846138333,-121.983704507,2,0,0
3bb5d6c4-17d0-4088-a616-11ce03dd3274,1480723138.094,86335,37.3970895678333,-121.983706926167,2,0,0
3bb5d6c4-17d0-4088-a616-11ce03dd3274,1480723138.293,86335.2,37.3970947061667,-121.983709302167,2,0,0
3bb5d6c4-17d0-4088-a616-11ce03dd3274,1480723138.495,86335.4,37.3970998766667,-121.9837118785,2,0,0
3bb5d6c4-17d0-4088-a616-11ce03dd3274,1480723138.696,86335.6,37.3971050963333,-121.983714741667,2,0,0
3bb5d6c4-17d0-4088-a616-11ce03dd3274,1480723138.893,86335.8,37.3971103995,-121.9837177685,2,0,0
3bb5d6c4-17d0-4088-a616-11ce03dd3274,1480723139.096,86336,37.3971156418333,-121.9837209625,2,0,0
3bb5d6c4-17d0-4088-a616-11ce03dd3274,1480723139.3,86336.2,37.3971209073333,-121.983724377167,2,0,0
3bb5d6c4-17d0-4088-a616-11ce03dd3274,1480723139.491,86336.4,37.3971261235,-121.983728098,2,0,0
3bb5d6c4-17d0-4088-a616-11ce03dd3274,1480723139.692,86336.6,37.3971311696667,-121.983732167333,2,0,0
3bb5d6c4-17d0-4088-a616-11ce03dd3274,1480723139.899,86336.8,37.3971360048333,-121.9837364015,2,0,0
3bb5d6c4-17d0-4088-a616-11ce03dd3274,1480723140.092,86337,37.3971407135,-121.983740882,2,0,0
3bb5d6c4-17d0-4088-a616-11ce03dd3274,1480723140.294,86337.2,37.397145218,-121.983745571167,2,0,0
3bb5d6c4-17d0-4088-a616-11ce03dd3274,1480723140.497,86337.4,37.397149506,-121.9837507355,2,0,0
3bb5d6c4-17d0-4088-a616-11ce03dd3274,1480723140.7,86337.6,37.3971535416667,-121.983756111833,2,0,0
3bb5d6c4-17d0-4088-a616-11ce03dd3274,1480723140.897,86337.8,37.3971575725,-121.9837615495,2,0,0
3bb5d6c4-17d0-4088-a616-11ce03dd3274,1480723141.092,86338,37.397161286,-121.983767225333,2,0,0
3bb5d6c4-17d0-4088-a616-11ce03dd3274,1480723141.295,86338.2,37.397164679,-121.983773126333,2,0,0
3bb5d6c4-17d0-4088-a616-11ce03dd3274,1480723141.495,86338.4,37.397167912,-121.9837792175,2,0,0
3bb5d6c4-17d0-4088-a616-11ce03dd3274,1480723141.692,86338.6,37.3971710625,-121.983785488333,2,0,0
3bb5d6c4-17d0-4088-a616-11ce03dd3274,1480723141.896,86338.8,37.3971740431667,-121.983791965833,2,0,0
3bb5d6c4-17d0-4088-a616-11ce03dd3274,1480723142.091,86339,37.3971768065,-121.983798649167,2,0,0
3bb5d6c4-17d0-4088-a616-11ce03dd3274,1480723142.295,86339.2,37.3971794055,-121.983805466667,2,0,0
3bb5d6c4-17d0-4088-a616-11ce03dd3274,1480723142.5,86339.4,37.3971818,-121.983812444167,2,0,0
3bb5d6c4-17d0-4088-a616-11ce03dd3274,1480723142.692,86339.6,37.3971839966667,-121.983819518167,2,0,0
3bb5d6c4-17d0-4088-a616-11ce03dd3274,1480723142.898,86339.8,37.3971859795,-121.983826777667,2,0,0
3bb5d6c4-17d0-4088-a616-11ce03dd3274,1480723143.099,86340,37.3971877218333,-121.983834183167,2,0,0
3bb5d6c4-17d0-4088-a616-11ce03dd3274,1480723143.299,86340.2,37.3971892686667,-121.983841658167,2,0,0
3bb5d6c4-17d0-4088-a616-11ce03dd3274,1480723143.494,86340.4,37.3971905266667,-121.983849250833,2,0,0
3bb5d6c4-17d0-4088-a616-11ce03dd3274,1480723143.692,86340.6,37.3971916256667,-121.983856874833,2,0,0
3bb5d6c4-17d0-4088-a616-11ce03dd3274,1480723143.9,86340.8,37.3971925341667,-121.983864640167,2,0,0
3bb5d6c4-17d0-4088-a616-11ce03dd3274,1480723144.092,86341,37.3971932741667,-121.983872368833,2,0,0
3bb5d6c4-17d0-4088-a616-11ce03dd3274,1480723144.299,86341.2,37.3971937893333,-121.983880051333,2,0,0
3bb5d6c4-17d0-4088-a616-11ce03dd3274,1480723144.491,86341.4,37.3971942948333,-121.9838876485,2,0,0
3bb5d6c4-17d0-4088-a616-11ce03dd3274,1480723144.69,86341.6,37.3971946313333,-121.9838952585,2,0,0
3bb5d6c4-17d0-4088-a616-11ce03dd3274,1480723144.897,86341.8,37.3971949343333,-121.983902760667,2,0,0
3bb5d6c4-17d0-4088-a616-11ce03dd3274,1480723145.09,86342,37.3971952746667,-121.9839102065,2,0,0
3bb5d6c4-17d0-4088-a616-11ce03dd3274,1480723145.293,86342.2,37.3971955026667,-121.983917678833,2,0,0
3bb5d6c4-17d0-4088-a616-11ce03dd3274,1480723145.494,86342.4,37.3971958413333,-121.983925125333,2,0,0
3bb5d6c4-17d0-4088-a616-11ce03dd3274,1480723145.691,86342.6,37.3971960218333,-121.9839325885,2,0,0
3bb5d6c4-17d0-4088-a616-11ce03dd3274,1480723145.899,86342.8,37.3971961888333,-121.983940107667,2,0,0
3bb5d6c4-17d0-4088-a616-11ce03dd3274,1480723146.097,86343,37.3971963913333,-121.983947598667,2,0,0
3bb5d6c4-17d0-4088-a616-11ce03dd3274,1480723146.291,86343.2,37.3971965476667,-121.983955127,2,0,0
3bb5d6c4-17d0-4088-a616-11ce03dd3274,1480723146.493,86343.4,37.3971965838333,-121.983962593333,2,0,0
3bb5d6c4-17d0-4088-a616-11ce03dd3274,1480723146.692,86343.6,37.3971966131667,-121.983970085667,2,0,0
3bb5d6c4-17d0-4088-a616-11ce03dd3274,1480723146.898,86343.8,37.3971965815,-121.983977609833,2,0,0
3bb5d6c4-17d0-4088-a616-11ce03dd3274,1480723147.099,86344,37.3971964221667,-121.983985089833,2,0,0
3bb5d6c4-17d0-4088-a616-11ce03dd3274,1480723147.294,86344.2,37.3971963071667,-121.983992737333,2,0,0
3bb5d6c4-17d0-4088-a616-11ce03dd3274,1480723147.499,86344.4,37.3971961378333,-121.984000320833,2,0,0
3bb5d6c4-17d0-4088-a616-11ce03dd3274,1480723147.691,86344.6,37.3971959716667,-121.984007928833,2,0,0
3bb5d6c4-17d0-4088-a616-11ce03dd3274,1480723147.899,86344.8,37.3971957256667,-121.9840156565,2,0,0
3bb5d6c4-17d0-4088-a616-11ce03dd3274,1480723148.092,86345,37.3971955586667,-121.9840234185,2,0,0
3bb5d6c4-17d0-4088-a616-11ce03dd3274,1480723148.291,86345.2,37.3971953343333,-121.9840312065,2,0,0
3bb5d6c4-17d0-4088-a616-11ce03dd3274,1480723148.499,86345.4,37.3971951566667,-121.9840390045,2,0,0
3bb5d6c4-17d0-4088-a616-11ce03dd3274,1480723148.696,86345.6,37.397194919,-121.984046831333,2,0,0
3bb5d6c4-17d0-4088-a616-11ce03dd3274,1480723148.89,86345.8,37.3971946493333,-121.984054572833,2,0,0
3bb5d6c4-17d0-4088-a616-11ce03dd3274,1480723149.096,86346,37.3971944155,-121.984062267833,2,0,0
3bb5d6c4-17d0-4088-a616-11ce03dd3274,1480723149.298,86346.2,37.3971941135,-121.984069887667,2,0,0
3bb5d6c4-17d0-4088-a616-11ce03dd3274,1480723149.497,86346.4,37.3971938368333,-121.984077422167,2,0,0
3bb5d6c4-17d0-4088-a616-11ce03dd3274,1480723149.691,86346.6,37.3971935415,-121.984084972833,2,0,0
3bb5d6c4-17d0-4088-a616-11ce03dd3274,1480723149.893,86346.8,37.3971931681667,-121.9840924305,2,0,0
3bb5d6c4-17d0-4088-a616-11ce03dd3274,1480723150.098,86347,37.3971928456667,-121.984099885333,2,0,0
3bb5d6c4-17d0-4088-a616-11ce03dd3274,1480723150.291,86347.2,37.3971925293333,-121.9841071905,2,0,0
3bb5d6c4-17d0-4088-a616-11ce03dd3274,1480723150.492,86347.4,37.3971922473333,-121.984114453667,2,0,0
3bb5d6c4-17d0-4088-a616-11ce03dd3274,1480723150.693,86347.6,37.397192003,-121.984121640833,2,0,0
3bb5d6c4-17d0-4088-a616-11ce03dd3274,1480723150.899,86347.8,37.3971917486667,-121.9841287795,2,0,0
3bb5d6c4-17d0-4088-a616-11ce03dd3274,1480723151.095,86348,37.3971915146667,-121.98413585,2,0,0
3bb5d6c4-17d0-4088-a616-11ce03dd3274,1480723151.299,86348.2,37.3971912798333,-121.984142926667,2,0,0
3bb5d6c4-17d0-4088-a616-11ce03dd3274,1480723151.493,86348.4,37.3971911596667,-121.984149966,2,0,0
3bb5d6c4-17d0-4088-a616-11ce03dd3274,1480723151.69,86348.6,37.3971910376667,-121.984156887167,2,0,0
3bb5d6c4-17d0-4088-a616-11ce03dd3274,1480723151.892,86348.8,37.3971909163333,-121.984163815667,2,0,0
3bb5d6c4-17d0-4088-a616-11ce03dd3274,1480723152.097,86349,37.3971908415,-121.984170598833,2,0,0
3bb5d6c4-17d0-4088-a616-11ce03dd3274,1480723152.299,86349.2,37.3971907188333,-121.984177420833,2,0,0
3bb5d6c4-17d0-4088-a616-11ce03dd3274,1480723152.49,86349.4,37.3971906968333,-121.9841841235,2,0,0
3bb5d6c4-17d0-4088-a616-11ce03dd3274,1480723152.691,86349.6,37.3971905945,-121.984190799167,2,0,0
3bb5d6c4-17d0-4088-a616-11ce03dd3274,1480723152.897,86349.8,37.397190612,-121.984197453167,2,0,0
3bb5d6c4-17d0-4088-a616-11ce03dd3274,1480723153.097,86350,37.3971905093333,-121.984204051167,2,0,0
3bb5d6c4-17d0-4088-a616-11ce03dd3274,1480723153.292,86350.2,37.3971904641667,-121.9842106635,2,0,0
3bb5d6c4-17d0-4088-a616-11ce03dd3274,1480723153.494,86350.4,37.3971903625,-121.984217266333,2,0,0
3bb5d6c4-17d0-4088-a616-11ce03dd3274,1480723153.695,86350.6,37.3971903641667,-121.984223393333,2,0,0
3bb5d6c4-17d0-4088-a616-11ce03dd3274,1480723153.895,86350.8,37.3971904923333,-121.984229762667,2,0,0
3bb5d6c4-17d0-4088-a616-11ce03dd3274,1480723154.098,86351,37.3971903383333,-121.984236640333,2,0,0
3bb5d6c4-17d0-4088-a616-11ce03dd3274,1480723154.301,86351.2,37.3971901835,-121.984243293833,2,0,0
3bb5d6c4-17d0-4088-a616-11ce03dd3274,1480723154.495,86351.4,37.3971901893333,-121.9842496975,2,0,0
3bb5d6c4-17d0-4088-a616-11ce03dd3274,1480723154.692,86351.6,37.3971902361667,-121.984256370333,2,0,0
3bb5d6c4-17d0-4088-a616-11ce03dd3274,1480723154.898,86351.8,37.3971901693333,-121.984262611333,2,0,0
3bb5d6c4-17d0-4088-a616-11ce03dd3274,1480723155.091,86352,37.3971900615,-121.984269151833,2,0,0
3bb5d6c4-17d0-4088-a616-11ce03dd3274,1480723155.296,86352.2,37.3971900833333,-121.984276192833,2,0,0
3bb5d6c4-17d0-4088-a616-11ce03dd3274,1480723155.49,86352.4,37.3971901153333,-121.984283220833,2,0,0
3bb5d6c4-17d0-4088-a616-11ce03dd3274,1480723155.698,86352.6,37.3971899938333,-121.984290309,2,0,0
3bb5d6c4-17d0-4088-a616-11ce03dd3274,1480723155.892,86352.8,37.3971899683333,-121.984297575333,2,0,0
3bb5d6c4-17d0-4088-a616-11ce03dd3274,1480723156.094,86353,37.3971899095,-121.984304845833,2,0,0
3bb5d6c4-17d0-4088-a616-11ce03dd3274,1480723156.298,86353.2,37.3971898371667,-121.984312213833,2,0,0
3bb5d6c4-17d0-4088-a616-11ce03dd3274,1480723156.496,86353.4,37.3971897808333,-121.984319589833,2,0,0
3bb5d6c4-17d0-4088-a616-11ce03dd3274,1480723156.691,86353.6,37.3971896848333,-121.984326973,2,0,0
3bb5d6c4-17d0-4088-a616-11ce03dd3274,1480723156.895,86353.8,37.397189563,-121.984334319,2,0,0
3bb5d6c4-17d0-4088-a616-11ce03dd3274,1480723157.09,86354,37.3971895091667,-121.984341719333,2,0,0
3bb5d6c4-17d0-4088-a616-11ce03dd3274,1480723157.291,86354.2,37.3971894338333,-121.984349112833,2,0,0
3bb5d6c4-17d0-4088-a616-11ce03dd3274,1480723157.489,86354.4,37.3971893386667,-121.984356519167,2,0,0
3bb5d6c4-17d0-4088-a616-11ce03dd3274,1480723157.696,86354.6,37.397189226,-121.984363911,2,0,0
3bb5d6c4-17d0-4088-a616-11ce03dd3274,1480723157.889,86354.8,37.3971891118333,-121.9843713565,2,0,0
3bb5d6c4-17d0-4088-a616-11ce03dd3274,1480723158.093,86355,37.3971890415,-121.984378729333,2,0,0
3bb5d6c4-17d0-4088-a616-11ce03dd3274,1480723158.295,86355.2,37.3971889533333,-121.984386032,2,0,0
3bb5d6c4-17d0-4088-a616-11ce03dd3274,1480723158.491,86355.4,37.3971887506667,-121.9843933665,2,0,0
3bb5d6c4-17d0-4088-a616-11ce03dd3274,1480723158.696,86355.6,37.3971884295,-121.984400664833,2,0,0
3bb5d6c4-17d0-4088-a616-11ce03dd3274,1480723158.89,86355.8,37.3971880065,-121.9844079095,2,0,0
3bb5d6c4-17d0-4088-a616-11ce03dd3274,1480723159.091,86356,37.3971876213333,-121.984414743167,2,0,0
3bb5d6c4-17d0-4088-a616-11ce03dd3274,1480723159.289,86356.2,37.3971873345,-121.984422207833,2,0,0
3bb5d6c4-17d0-4088-a616-11ce03dd3274,1480723159.49,86356.4,37.3971866675,-121.9844297645,2,0,0
3bb5d6c4-17d0-4088-a616-11ce03dd3274,1480723159.691,86356.6,37.3971859246667,-121.984436848833,2,0,0
3bb5d6c4-17d0-4088-a616-11ce03dd3274,1480723159.9,86356.8,37.3971855016667,-121.984444093833,2,0,0
3bb5d6c4-17d0-4088-a616-11ce03dd3274,1480723160.092,86357,37.3971853545,-121.984451104667,2,0,0
3bb5d6c4-17d0-4088-a616-11ce03dd3274,1480723160.292,86357.2,37.3971848281667,-121.984458240833,2,0,0
3bb5d6c4-17d0-4088-a616-11ce03dd3274,1480723160.49,86357.4,37.3971844828333,-121.9844657195,2,0,0
3bb5d6c4-17d0-4088-a616-11ce03dd3274,1480723160.697,86357.6,37.3971843016667,-121.984472990833,2,0,0
3bb5d6c4-17d0-4088-a616-11ce03dd3274,1480723160.893,86357.8,37.3971841116667,-121.984480246167,2,0,0
3bb5d6c4-17d0-4088-a616-11ce03dd3274,1480723161.094,86358,37.397183753,-121.984487543833,2,0,0
3bb5d6c4-17d0-4088-a616-11ce03dd3274,1480723161.3,86358.2,37.3971834178333,-121.984494918667,2,0,0
3bb5d6c4-17d0-4088-a616-11ce03dd3274,1480723161.498,86358.4,37.3971831603333,-121.984502308833,2,0,0
3bb5d6c4-17d0-4088-a616-11ce03dd3274,1480723161.696,86358.6,37.3971828725,-121.984509746167,2,0,0
3bb5d6c4-17d0-4088-a616-11ce03dd3274,1480723161.893,86358.8,37.397182548,-121.984517190833,2,0,0
3bb5d6c4-17d0-4088-a616-11ce03dd3274,1480723162.099,86359,37.3971822806667,-121.984524556667,2,0,0
3bb5d6c4-17d0-4088-a616-11ce03dd3274,1480723162.292,86359.2,37.3971820013333,-121.984531955333,2,0,0
3bb5d6c4-17d0-4088-a616-11ce03dd3274,1480723162.493,86359.4,37.3971817871667,-121.984539442,2,0,0
3bb5d6c4-17d0-4088-a616-11ce03dd3274,1480723162.694,86359.6,37.3971816468333,-121.984546948833,2,0,0
3bb5d6c4-17d0-4088-a616-11ce03dd3274,1480723162.891,86359.8,37.3971816136667,-121.984554444333,2,0,0
3bb5d6c4-17d0-4088-a616-11ce03dd3274,1480723163.098,86360,37.3971816493333,-121.984561908833,2,0,0
3bb5d6c4-17d0-4088-a616-11ce03dd3274,1480723163.294,86360.2,37.397181659,-121.9845694125,2,0,0
3bb5d6c4-17d0-4088-a616-11ce03dd3274,1480723163.495,86360.4,37.3971816843333,-121.984576884167,2,0,0
3bb5d6c4-17d0-4088-a616-11ce03dd3274,1480723163.691,86360.6,37.3971817028333,-121.984584347167,2,0,0
3bb5d6c4-17d0-4088-a616-11ce03dd3274,1480723163.895,86360.8,37.3971818045,-121.984591819667,2,0,0
3bb5d6c4-17d0-4088-a616-11ce03dd3274,1480723164.098,86361,37.397181918,-121.984599277333,2,0,0
3bb5d6c4-17d0-4088-a616-11ce03dd3274,1480723164.292,86361.2,37.3971820281667,-121.984606737833,2,0,0
3bb5d6c4-17d0-4088-a616-11ce03dd3274,1480723164.491,86361.4,37.3971821421667,-121.984614118833,2,0,0
3bb5d6c4-17d0-4088-a616-11ce03dd3274,1480723164.697,86361.6,37.3971822716667,-121.984621518333,2,0,0
3bb5d6c4-17d0-4088-a616-11ce03dd3274,1480723164.893,86361.8,37.397182347,-121.984628945333,2,0,0
3bb5d6c4-17d0-4088-a616-11ce03dd3274,1480723165.099,86362,37.3971823601667,-121.984636321167,2,0,0
3bb5d6c4-17d0-4088-a616-11ce03dd3274,1480723165.291,86362.2,37.3971822676667,-121.984643636667,2,0,0
3bb5d6c4-17d0-4088-a616-11ce03dd3274,1480723165.493,86362.4,37.3971819726667,-121.984650888333,2,0,0
3bb5d6c4-17d0-4088-a616-11ce03dd3274,1480723165.69,86362.6,37.3971815546667,-121.984658044167,2,0,0
3bb5d6c4-17d0-4088-a616-11ce03dd3274,1480723165.895,86362.8,37.3971808718333,-121.984665040833,2,0,0
3bb5d6c4-17d0-4088-a616-11ce03dd3274,1480723166.1,86363,37.3971799421667,-121.984672043,2,0,0
3bb5d6c4-17d0-4088-a616-11ce03dd3274,1480723166.293,86363.2,37.397178615,-121.984678779167,2,0,0
3bb5d6c4-17d0-4088-a616-11ce03dd3274,1480723166.49,86363.4,37.397176943,-121.984685270333,2,0,0
3bb5d6c4-17d0-4088-a616-11ce03dd3274,1480723166.699,86363.6,37.3971750963333,-121.984691545667,2,0,0
3bb5d6c4-17d0-4088-a616-11ce03dd3274,1480723166.894,86363.8,37.3971729493333,-121.984697724833,2,0,0
3bb5d6c4-17d0-4088-a616-11ce03dd3274,1480723167.096,86364,37.397170397,-121.9847037775,2,0,0
3bb5d6c4-17d0-4088-a616-11ce03dd3274,1480723167.29,86364.2,37.3971675143333,-121.9847096315,2,0,0
3bb5d6c4-17d0-4088-a616-11ce03dd3274,1480723167.499,86364.4,37.3971643868333,-121.984715409333,2,0,0
3bb5d6c4-17d0-4088-a616-11ce03dd3274,1480723167.698,86364.6,37.3971610873333,-121.9847207995,2,0,0
3bb5d6c4-17d0-4088-a616-11ce03dd3274,1480723167.894,86364.8,37.3971574485,-121.984725791667,2,0,0
3bb5d6c4-17d0-4088-a616-11ce03dd3274,1480723168.096,86365,37.3971535723333,-121.984730625,2,0,0
3bb5d6c4-17d0-4088-a616-11ce03dd3274,1480723168.293,86365.2,37.397149581,-121.984735223333,2,0,0
3bb5d6c4-17d0-4088-a616-11ce03dd3274,1480723168.492,86365.4,37.3971454275,-121.984739623,2,0,0
3bb5d6c4-17d0-4088-a616-11ce03dd3274,1480723168.69,86365.6,37.3971411683333,-121.984743958333,2,0,0
3bb5d6c4-17d0-4088-a616-11ce03dd3274,1480723168.894,86365.8,37.3971367751667,-121.984748328,2,0,0
3bb5d6c4-17d0-4088-a616-11ce03dd3274,1480723169.099,86366,37.3971322181667,-121.984752489833,2,0,0
3bb5d6c4-17d0-4088-a616-11ce03dd3274,1480723169.293,86366.2,37.3971275166667,-121.984756634,2,0,0
3bb5d6c4-17d0-4088-a616-11ce03dd3274,1480723169.497,86366.4,37.3971227746667,-121.9847606985,2,0,0
3bb5d6c4-17d0-4088-a616-11ce03dd3274,1480723169.694,86366.6,37.3971180221667,-121.984764568333,2,0,0
3bb5d6c4-17d0-4088-a616-11ce03dd3274,1480723169.898,86366.8,37.3971133185,-121.9847683105,2,0,0
3bb5d6c4-17d0-4088-a616-11ce03dd3274,1480723170.099,86367,37.3971086353333,-121.984771896667,2,0,0
3bb5d6c4-17d0-4088-a616-11ce03dd3274,1480723170.292,86367.2,37.3971039866667,-121.984775266,2,0,0
3bb5d6c4-17d0-4088-a616-11ce03dd3274,1480723170.496,86367.4,37.3970993831667,-121.984778470667,2,0,0
3bb5d6c4-17d0-4088-a616-11ce03dd3274,1480723170.693,86367.6,37.3970948658333,-121.984781671,2,0,0
3bb5d6c4-17d0-4088-a616-11ce03dd3274,1480723170.897,86367.8,37.3970905071667,-121.984785000667,2,0,0
3bb5d6c4-17d0-4088-a616-11ce03dd3274,1480723171.09,86368,37.397086172,-121.984788210333,2,0,0
3bb5d6c4-17d0-4088-a616-11ce03dd3274,1480723171.295,86368.2,37.397081775,-121.9847912355,2,0,0
3bb5d6c4-17d0-4088-a616-11ce03dd3274,1480723171.49,86368.4,37.3970775143333,-121.984794400667,2,0,0
3bb5d6c4-17d0-4088-a616-11ce03dd3274,1480723171.692,86368.6,37.3970735546667,-121.984797937667,2,0,0
3bb5d6c4-17d0-4088-a616-11ce03dd3274,1480723171.892,86368.8,37.3970696256667,-121.984801278333,2,0,0
3bb5d6c4-17d0-4088-a616-11ce03dd3274,1480723172.099,86369,37.3970655833333,-121.9848042255,2,0,0
3bb5d6c4-17d0-4088-a616-11ce03dd3274,1480723172.291,86369.2,37.3970615988333,-121.9848070465,2,0,0
3bb5d6c4-17d0-4088-a616-11ce03dd3274,1480723172.498,86369.4,37.3970576581667,-121.984810037333,2,0,0
3bb5d6c4-17d0-4088-a616-11ce03dd3274,1480723172.695,86369.6,37.3970537073333,-121.984812770167,2,0,0
3bb5d6c4-17d0-4088-a616-11ce03dd3274,1480723172.89,86369.8,37.3970497536667,-121.984814968833,2,0,0
3bb5d6c4-17d0-4088-a616-11ce03dd3274,1480723173.096,86370,37.3970459275,-121.984816630833,2,0,0
3bb5d6c4-17d0-4088-a616-11ce03dd3274,1480723173.289,86370.2,37.3970422266667,-121.984817603833,2,0,0
3bb5d6c4-17d0-4088-a616-11ce03dd3274,1480723173.489,86370.4,37.3970385555,-121.984818316167,2,0,0
3bb5d6c4-17d0-4088-a616-11ce03dd3274,1480723173.691,86370.6,37.3970348443333,-121.984818382333,2,0,0
3bb5d6c4-17d0-4088-a616-11ce03dd3274,1480723173.895,86370.8,37.3970312361667,-121.984817973667,2,0,0
3bb5d6c4-17d0-4088-a616-11ce03dd3274,1480723174.098,86371,37.3970275836667,-121.984817263167,2,0,0
3bb5d6c4-17d0-4088-a616-11ce03dd3274,1480723174.29,86371.2,37.3970240453333,-121.984816175667,2,0,0
3bb5d6c4-17d0-4088-a616-11ce03dd3274,1480723174.495,86371.4,37.3970206916667,-121.984814725333,2,0,0
3bb5d6c4-17d0-4088-a616-11ce03dd3274,1480723174.694,86371.6,37.3970173953333,-121.98481277,2,0,0
3bb5d6c4-17d0-4088-a616-11ce03dd3274,1480723174.889,86371.8,37.3970140785,-121.984810373333,2,0,0
3bb5d6c4-17d0-4088-a616-11ce03dd3274,1480723175.093,86372,37.3970109623333,-121.984807513833,2,0,0
3bb5d6c4-17d0-4088-a616-11ce03dd3274,1480723175.296,86372.2,37.3970079558333,-121.984804246,2,0,0
3bb5d6c4-17d0-4088-a616-11ce03dd3274,1480723175.493,86372.4,37.3970052398333,-121.984800406667,2,0,0
3bb5d6c4-17d0-4088-a616-11ce03dd3274,1480723175.693,86372.6,37.3970029041667,-121.98479622,2,0,0
3bb5d6c4-17d0-4088-a616-11ce03dd3274,1480723175.895,86372.8,37.3970008716667,-121.984791796167,2,0,0
3bb5d6c4-17d0-4088-a616-11ce03dd3274,1480723176.097,86373,37.3969992703333,-121.984787115,2,0,0
3bb5d6c4-17d0-4088-a616-11ce03dd3274,1480723176.296,86373.2,37.396998001,-121.984782327167,2,0,0
3bb5d6c4-17d0-4088-a616-11ce03dd3274,1480723176.491,86373.4,37.396997243,-121.984777495667,2,0,0
3bb5d6c4-17d0-4088-a616-11ce03dd3274,1480723176.698,86373.6,37.3969967235,-121.984772604,2,0,0
3bb5d6c4-17d0-4088-a616-11ce03dd3274,1480723176.891,86373.8,37.3969965408333,-121.984767675333,2,0,0
3bb5d6c4-17d0-4088-a616-11ce03dd3274,1480723177.099,86374,37.3969967976667,-121.984762768667,2,0,0
3bb5d6c4-17d0-4088-a616-11ce03dd3274,1480723177.29,86374.2,37.3969976383333,-121.984757999,2,0,0
3bb5d6c4-17d0-4088-a616-11ce03dd3274,1480723177.495,86374.4,37.3969987561667,-121.984753372167,2,0,0
3bb5d6c4-17d0-4088-a616-11ce03dd3274,1480723177.692,86374.6,37.3970002226667,-121.984748868167,2,0,0
3bb5d6c4-17d0-4088-a616-11ce03dd3274,1480723177.894,86374.8,37.3970021266667,-121.984744678667,2,0,0
3bb5d6c4-17d0-4088-a616-11ce03dd3274,1480723178.099,86375,37.3970043513333,-121.984740612833,2,0,0
3bb5d6c4-17d0-4088-a616-11ce03dd3274,1480723178.295,86375.2,37.3970067508333,-121.984736738833,2,0,0
3bb5d6c4-17d0-4088-a616-11ce03dd3274,1480723178.493,86375.4,37.3970095646667,-121.984733163,2,0,0
3bb5d6c4-17d0-4088-a616-11ce03dd3274,1480723178.699,86375.6,37.3970126181667,-121.984729937833,2,0,0
3bb5d6c4-17d0-4088-a616-11ce03dd3274,1480723178.895,86375.8,37.39701598,-121.984727040333,2,0,0
3bb5d6c4-17d0-4088-a616-11ce03dd3274,1480723179.099,86376,37.3970195985,-121.9847244065,2,0,0
3bb5d6c4-17d0-4088-a616-11ce03dd3274,1480723179.296,86376.2,37.397023428,-121.984722159167,2,0,0
3bb5d6c4-17d0-4088-a616-11ce03dd3274,1480723179.495,86376.4,37.3970273996667,-121.984720669833,2,0,0
3bb5d6c4-17d0-4088-a616-11ce03dd3274,1480723179.697,86376.6,37.3970315705,-121.98471977,2,0,0
3bb5d6c4-17d0-4088-a616-11ce03dd3274,1480723179.891,86376.8,37.3970358858333,-121.984719381,2,0,0
3bb5d6c4-17d0-4088-a616-11ce03dd3274,1480723180.099,86377,37.397040276,-121.984719312833,2,0,0
3bb5d6c4-17d0-4088-a616-11ce03dd3274,1480723180.298,86377.2,37.3970447785,-121.984719801,2,0,0
3bb5d6c4-17d0-4088-a616-11ce03dd3274,1480723180.491,86377.4,37.3970493595,-121.984720654,2,0,0
3bb5d6c4-17d0-4088-a616-11ce03dd3274,1480723180.699,86377.6,37.3970539308333,-121.984721792833,2,0,0
3bb5d6c4-17d0-4088-a616-11ce03dd3274,1480723180.895,86377.8,37.3970585038333,-121.984723138,2,0,0
3bb5d6c4-17d0-4088-a616-11ce03dd3274,1480723181.099,86378,37.3970629863333,-121.984724726167,2,0,0
3bb5d6c4-17d0-4088-a616-11ce03dd3274,1480723181.291,86378.2,37.3970675455,-121.984726460333,2,0,0
3bb5d6c4-17d0-4088-a616-11ce03dd3274,1480723181.499,86378.4,37.3970720748333,-121.984728276667,2,0,0
3bb5d6c4-17d0-4088-a616-11ce03dd3274,1480723181.69,86378.6,37.3970765691667,-121.98473007,2,0,0
3bb5d6c4-17d0-4088-a616-11ce03dd3274,1480723181.894,86378.8,37.397081083,-121.984731877667,2,0,0
3bb5d6c4-17d0-4088-a616-11ce03dd3274,1480723182.089,86379,37.3970855851667,-121.9847336455,2,0,0
3bb5d6c4-17d0-4088-a616-11ce03dd3274,1480723182.3,86379.2,37.3970900298333,-121.984735213333,2,0,0
3bb5d6c4-17d0-4088-a616-11ce03dd3274,1480723182.495,86379.4,37.3970942151667,-121.984736665,2,0,0
3bb5d6c4-17d0-4088-a616-11ce03dd3274,1480723182.695,86379.6,37.3970982013333,-121.9847378945,2,0,0
3bb5d6c4-17d0-4088-a616-11ce03dd3274,1480723182.892,86379.8,37.3971020286667,-121.984738948833,2,0,0
3bb5d6c4-17d0-4088-a616-11ce03dd3274,1480723183.097,86380,37.3971056163333,-121.984739816833,2,0,0
3bb5d6c4-17d0-4088-a616-11ce03dd3274,1480723183.291,86380.2,37.3971089048333,-121.984740449,2,0,0
3bb5d6c4-17d0-4088-a616-11ce03dd3274,1480723183.492,86380.4,37.3971118778333,-121.984740887667,2,0,0
3bb5d6c4-17d0-4088-a616-11ce03dd3274,1480723183.691,86380.6,37.3971147271667,-121.984741082667,2,0,0
3bb5d6c4-17d0-4088-a616-11ce03dd3274,1480723183.892,86380.8,37.397117303,-121.984741183667,2,0,0
3bb5d6c4-17d0-4088-a616-11ce03dd3274,1480723184.091,86381,37.397119716,-121.984741266333,2,0,0
3bb5d6c4-17d0-4088-a616-11ce03dd3274,1480723184.294,86381.2,37.3971218621667,-121.9847411575,2,0,0
3bb5d6c4-17d0-4088-a616-11ce03dd3274,1480723184.489,86381.4,37.3971237728333,-121.984740969333,2,0,0
3bb5d6c4-17d0-4088-a616-11ce03dd3274,1480723184.699,86381.6,37.3971255333333,-121.984740787167,2,0,0
3bb5d6c4-17d0-4088-a616-11ce03dd3274,1480723184.892,86381.8,37.3971270385,-121.984740497333,2,0,0
3bb5d6c4-17d0-4088-a616-11ce03dd3274,1480723185.097,86382,37.3971285513333,-121.984740175,2,0,0
3bb5d6c4-17d0-4088-a616-11ce03dd3274,1480723185.293,86382.2,37.3971298265,-121.984739889667,2,0,0
3bb5d6c4-17d0-4088-a616-11ce03dd3274,1480723185.496,86382.4,37.3971309946667,-121.984739538167,2,0,0
3bb5d6c4-17d0-4088-a616-11ce03dd3274,1480723185.693,86382.6,37.3971320613333,-121.9847392405,2,0,0
3bb5d6c4-17d0-4088-a616-11ce03dd3274,1480723185.898,86382.8,37.3971328246667,-121.984738966667,2,0,0
3bb5d6c4-17d0-4088-a616-11ce03dd3274,1480723186.099,86383,37.3971332935,-121.984738800333,2,0,0
3bb5d6c4-17d0-4088-a616-11ce03dd3274,1480723186.293,86383.2,37.397133571,-121.984738711167,2,0,0
3bb5d6c4-17d0-4088-a616-11ce03dd3274,1480723186.495,86383.4,37.3971335991667,-121.9847387,2,0,0
3bb5d6c4-17d0-4088-a616-11ce03dd3274,1480723186.691,86383.6,37.3971335261667,-121.984738745333,2,0,0
3bb5d6c4-17d0-4088-a616-11ce03dd3274,1480723186.898,86383.8,37.3971334891667,-121.9847387485,2,0,0
3bb5d6c4-17d0-4088-a616-11ce03dd3274,1480723187.092,86384,37.3971334936667,-121.984738742333,2,0,0
3bb5d6c4-17d0-4088-a616-11ce03dd3274,1480723187.293,86384.2,37.3971334808333,-121.9847387615,2,0,0
3bb5d6c4-17d0-4088-a616-11ce03dd3274,1480723187.495,86384.4,37.3971334826667,-121.984738764333,2,0,0
3bb5d6c4-17d0-4088-a616-11ce03dd3274,1480723187.697,86384.6,37.3971334881667,-121.984738776,2,0,0
3bb5d6c4-17d0-4088-a616-11ce03dd3274,1480723187.893,86384.8,37.39713349,-121.984738775667,2,0,0
3bb5d6c4-17d0-4088-a616-11ce03dd3274,1480723188.098,86385,37.3971334843333,-121.984738779333,2,0,0
3bb5d6c4-17d0-4088-a616-11ce03dd3274,1480723188.296,86385.2,37.3971334768333,-121.984738781333,2,0,0
3bb5d6c4-17d0-4088-a616-11ce03dd3274,1480723188.491,86385.4,37.397133478,-121.984738791333,2,0,0
3bb5d6c4-17d0-4088-a616-11ce03dd3274,1480723188.693,86385.6,37.3971334786667,-121.984738802833,2,0,0
3bb5d6c4-17d0-4088-a616-11ce03dd3274,1480723188.897,86385.8,37.3971334771667,-121.984738815333,2,0,0
3bb5d6c4-17d0-4088-a616-11ce03dd3274,1480723189.092,86386,37.397133472,-121.984738799333,2,0,0
3bb5d6c4-17d0-4088-a616-11ce03dd3274,1480723189.294,86386.2,37.3971334611667,-121.984738811,2,0,0
3bb5d6c4-17d0-4088-a616-11ce03dd3274,1480723189.489,86386.4,37.3971334653333,-121.984738812,2,0,0
3bb5d6c4-17d0-4088-a616-11ce03dd3274,1480723189.696,86386.6,37.3971334615,-121.984738814833,2,0,0
3bb5d6c4-17d0-4088-a616-11ce03dd3274,1480723189.889,86386.8,37.39713349,-121.984738811333,2,0,0
3bb5d6c4-17d0-4088-a616-11ce03dd3274,1480723190.09,86387,37.3971335668333,-121.984738789167,2,0,0
3bb5d6c4-17d0-4088-a616-11ce03dd3274,1480723190.295,86387.2,37.3971337861667,-121.984738733,2,0,0
3bb5d6c4-17d0-4088-a616-11ce03dd3274,1480723190.492,86387.4,37.3971341016667,-121.984738639167,2,0,0
3bb5d6c4-17d0-4088-a616-11ce03dd3274,1480723190.69,86387.6,37.3971345576667,-121.9847384815,2,0,0
3bb5d6c4-17d0-4088-a616-11ce03dd3274,1480723190.897,86387.8,37.3971351818333,-121.984738263667,2,0,0
3bb5d6c4-17d0-4088-a616-11ce03dd3274,1480723191.09,86388,37.3971359808333,-121.984737984833,2,0,0
3bb5d6c4-17d0-4088-a616-11ce03dd3274,1480723191.295,86388.2,37.3971369925,-121.984737590333,2,0,0
3bb5d6c4-17d0-4088-a616-11ce03dd3274,1480723191.493,86388.4,37.3971381928333,-121.984737055833,2,0,0
3bb5d6c4-17d0-4088-a616-11ce03dd3274,1480723191.696,86388.6,37.3971395836667,-121.9847364165,2,0,0
3bb5d6c4-17d0-4088-a616-11ce03dd3274,1480723191.898,86388.8,37.3971412333333,-121.984735598667,2,0,0
3bb5d6c4-17d0-4088-a616-11ce03dd3274,1480723192.099,86389,37.3971430621667,-121.984734604667,2,0,0
3bb5d6c4-17d0-4088-a616-11ce03dd3274,1480723192.291,86389.2,37.3971450046667,-121.984733364333,2,0,0
3bb5d6c4-17d0-4088-a616-11ce03dd3274,1480723192.496,86389.4,37.3971471268333,-121.9847320735,2,0,0
3bb5d6c4-17d0-4088-a616-11ce03dd3274,1480723192.692,86389.6,37.397149287,-121.9847305545,2,0,0
3bb5d6c4-17d0-4088-a616-11ce03dd3274,1480723192.896,86389.8,37.3971515365,-121.984728783167,2,0,0
3bb5d6c4-17d0-4088-a616-11ce03dd3274,1480723193.098,86390,37.3971539141667,-121.984726856333,2,0,0
3bb5d6c4-17d0-4088-a616-11ce03dd3274,1480723193.295,86390.2,37.3971563053333,-121.9847243645,2,0,0
3bb5d6c4-17d0-4088-a616-11ce03dd3274,1480723193.496,86390.4,37.3971586973333,-121.9847215365,2,0,0
3bb5d6c4-17d0-4088-a616-11ce03dd3274,1480723193.695,86390.6,37.3971612701667,-121.984718584167,2,0,0
3bb5d6c4-17d0-4088-a616-11ce03dd3274,1480723193.888,86390.8,37.3971639341667,-121.984715328667,2,0,0
3bb5d6c4-17d0-4088-a616-11ce03dd3274,1480723194.089,86391,37.3971663401667,-121.984711507667,2,0,0
3bb5d6c4-17d0-4088-a616-11ce03dd3274,1480723194.298,86391.2,37.3971686698333,-121.984707195833,2,0,0
3bb5d6c4-17d0-4088-a616-11ce03dd3274,1480723194.489,86391.4,37.3971709371667,-121.984702711333,2,0,0
3bb5d6c4-17d0-4088-a616-11ce03dd3274,1480723194.696,86391.6,37.3971728811667,-121.984697798667,2,0,0
3bb5d6c4-17d0-4088-a616-11ce03dd3274,1480723194.894,86391.8,37.3971746948333,-121.984692651,2,0,0
3bb5d6c4-17d0-4088-a616-11ce03dd3274,1480723195.096,86392,37.3971764676667,-121.984687159667,2,0,0
3bb5d6c4-17d0-4088-a616-11ce03dd3274,1480723195.289,86392.2,37.397177993,-121.984681302667,2,0,0
3bb5d6c4-17d0-4088-a616-11ce03dd3274,1480723195.489,86392.4,37.3971791236667,-121.9846751825,2,0,0
3bb5d6c4-17d0-4088-a616-11ce03dd3274,1480723195.694,86392.6,37.3971801368333,-121.984668904333,2,0,0
3bb5d6c4-17d0-4088-a616-11ce03dd3274,1480723195.898,86392.8,37.3971809376667,-121.984662401333,2,0,0
3bb5d6c4-17d0-4088-a616-11ce03dd3274,1480723196.091,86393,37.3971815398333,-121.9846557095,2,0,0
3bb5d6c4-17d0-4088-a616-11ce03dd3274,1480723196.298,86393.2,37.397181999,-121.984648824167,2,0,0
3bb5d6c4-17d0-4088-a616-11ce03dd3274,1480723196.498,86393.4,37.3971824195,-121.984641823333,2,0,0
3bb5d6c4-17d0-4088-a616-11ce03dd3274,1480723196.69,86393.6,37.3971828,-121.984634732,2,0,0
3bb5d6c4-17d0-4088-a616-11ce03dd3274,1480723196.894,86393.8,37.3971830886667,-121.984627483167,2,0,0
3bb5d6c4-17d0-4088-a616-11ce03dd3274,1480723197.093,86394,37.3971832538333,-121.984620095333,2,0,0
3bb5d6c4-17d0-4088-a616-11ce03dd3274,1480723197.288,86394.2,37.3971834941667,-121.9846125915,2,0,0
3bb5d6c4-17d0-4088-a616-11ce03dd3274,1480723197.497,86394.4,37.3971835513333,-121.984604919,2,0,0
3bb5d6c4-17d0-4088-a616-11ce03dd3274,1480723197.692,86394.6,37.3971836945,-121.984597147167,2,0,0
3bb5d6c4-17d0-4088-a616-11ce03dd3274,1480723197.895,86394.8,37.3971839133333,-121.9845892705,2,0,0
3bb5d6c4-17d0-4088-a616-11ce03dd3274,1480723198.093,86395,37.3971841123333,-121.9845812635,2,0,0
3bb5d6c4-17d0-4088-a616-11ce03dd3274,1480723198.297,86395.2,37.3971842138333,-121.984573199167,2,0,0
3bb5d6c4-17d0-4088-a616-11ce03dd3274,1480723198.489,86395.4,37.3971844363333,-121.984565015333,2,0,0
3bb5d6c4-17d0-4088-a616-11ce03dd3274,1480723198.689,86395.6,37.3971847258333,-121.984556690333,2,0,0
3bb5d6c4-17d0-4088-a616-11ce03dd3274,1480723198.89,86395.8,37.3971850486667,-121.984548309,2,0,0
3bb5d6c4-17d0-4088-a616-11ce03dd3274,1480723199.095,86396,37.3971852928333,-121.9845398405,2,0,0
3bb5d6c4-17d0-4088-a616-11ce03dd3274,1480723199.29,86396.2,37.3971856231667,-121.98453139,2,0,0
3bb5d6c4-17d0-4088-a616-11ce03dd3274,1480723199.497,86396.4,37.3971859315,-121.984522967667,2,0,0
3bb5d6c4-17d0-4088-a616-11ce03dd3274,1480723199.689,86396.6,37.3971861895,-121.984514585333,2,0,0
3bb5d6c4-17d0-4088-a616-11ce03dd3274,1480723199.899,86396.8,37.3971864956667,-121.984506310333,2,0,0
3bb5d6c4-17d0-4088-a616-11ce03dd3274,1480723200.094,86397,37.397186813,-121.984498168667,2,0,0
3bb5d6c4-17d0-4088-a616-11ce03dd3274,1480723200.297,86397.2,37.3971871018333,-121.984490191167,2,0,0
3bb5d6c4-17d0-4088-a616-11ce03dd3274,1480723200.495,86397.4,37.3971873595,-121.9844823155,2,0,0
3bb5d6c4-17d0-4088-a616-11ce03dd3274,1480723200.693,86397.6,37.3971876191667,-121.984474490833,2,0,0
3bb5d6c4-17d0-4088-a616-11ce03dd3274,1480723200.896,86397.8,37.3971879056667,-121.984466801833,2,0,0
3bb5d6c4-17d0-4088-a616-11ce03dd3274,1480723201.097,86398,37.397188222,-121.984459294333,2,0,0
3bb5d6c4-17d0-4088-a616-11ce03dd3274,1480723201.29,86398.2,37.397188393,-121.984452323333,2,0,0
3bb5d6c4-17d0-4088-a616-11ce03dd3274,1480723201.494,86398.4,37.3971885323333,-121.984444759167,2,0,0
3bb5d6c4-17d0-4088-a616-11ce03dd3274,1480723201.696,86398.6,37.3971889235,-121.984437204167,2,0,0
3bb5d6c4-17d0-4088-a616-11ce03dd3274,1480723201.899,86398.8,37.397189279,-121.9844301555,2,0,0
3bb5d6c4-17d0-4088-a616-11ce03dd3274,1480723202.089,86399,37.3971892941667,-121.984423114,2,0,0
3bb5d6c4-17d0-4088-a616-11ce03dd3274,1480723202.289,86399.2,37.3971893368333,-121.984416397833,2,0,0
3bb5d6c4-17d0-4088-a616-11ce03dd3274,1480723202.496,86399.4,37.3971897198333,-121.9844097115,2,0,0
3bb5d6c4-17d0-4088-a616-11ce03dd3274,1480723202.69,86399.6,37.3971899303333,-121.984402626333,2,0,0
3bb5d6c4-17d0-4088-a616-11ce03dd3274,1480723202.894,86399.8,37.397190013,-121.9843957645,2,0,0
3bb5d6c4-17d0-4088-a616-11ce03dd3274,1480723203.097,0,37.397190133,-121.984388785833,2,0,0
3bb5d6c4-17d0-4088-a616-11ce03dd3274,1480723203.295,0.2,37.3971903328333,-121.9843816065,2,0,0
3bb5d6c4-17d0-4088-a616-11ce03dd3274,1480723203.489,0.4,37.3971904485,-121.984374446667,2,0,0
3bb5d6c4-17d0-4088-a616-11ce03dd3274,1480723203.694,0.6,37.39719061,-121.984367312167,2,0,0
3bb5d6c4-17d0-4088-a616-11ce03dd3274,1480723203.899,0.8,37.3971907953333,-121.984360265667,2,0,0
3bb5d6c4-17d0-4088-a616-11ce03dd3274,1480723204.09,1,37.397190937,-121.9843532655,2,0,0
3bb5d6c4-17d0-4088-a616-11ce03dd3274,1480723204.294,1.2,37.39719108,-121.984346366,2,0,0
3bb5d6c4-17d0-4088-a616-11ce03dd3274,1480723204.495,1.4,37.397191258,-121.984339559167,2,0,0
3bb5d6c4-17d0-4088-a616-11ce03dd3274,1480723204.69,1.6,37.397191419,-121.984332815,2,0,0
3bb5d6c4-17d0-4088-a616-11ce03dd3274,1480723204.894,1.8,37.3971915355,-121.984326091167,2,0,0
3bb5d6c4-17d0-4088-a616-11ce03dd3274,1480723205.094,2,37.397191668,-121.984319429167,2,0,0
3bb5d6c4-17d0-4088-a616-11ce03dd3274,1480723205.297,2.2,37.3971918515,-121.984312841167,2,0,0
3bb5d6c4-17d0-4088-a616-11ce03dd3274,1480723205.493,2.4,37.3971919316667,-121.984306279833,2,0,0
3bb5d6c4-17d0-4088-a616-11ce03dd3274,1480723205.692,2.6,37.3971920003333,-121.984299745667,2,0,0
3bb5d6c4-17d0-4088-a616-11ce03dd3274,1480723205.899,2.8,37.3971920198333,-121.9842931885,2,0,0
3bb5d6c4-17d0-4088-a616-11ce03dd3274,1480723206.093,3,37.3971920921667,-121.984286609333,2,0,0
3bb5d6c4-17d0-4088-a616-11ce03dd3274,1480723206.296,3.2,37.3971920718333,-121.984280033833,2,0,0
3bb5d6c4-17d0-4088-a616-11ce03dd3274,1480723206.494,3.4,37.3971920188333,-121.984273474,2,0,0
3bb5d6c4-17d0-4088-a616-11ce03dd3274,1480723206.693,3.6,37.397192032,-121.98426726,2,0,0
3bb5d6c4-17d0-4088-a616-11ce03dd3274,1480723206.888,3.8,37.3971919341667,-121.984260773333,2,0,0
3bb5d6c4-17d0-4088-a616-11ce03dd3274,1480723207.094,4,37.3971917528333,-121.9842536065,2,0,0
3bb5d6c4-17d0-4088-a616-11ce03dd3274,1480723207.293,4.2,37.3971917855,-121.9842468675,2,0,0
3bb5d6c4-17d0-4088-a616-11ce03dd3274,1480723207.498,4.4,37.3971917796667,-121.984240283833,2,0,0
3bb5d6c4-17d0-4088-a616-11ce03dd3274,1480723207.696,4.6,37.3971916655,-121.984233320833,2,0,0
3bb5d6c4-17d0-4088-a616-11ce03dd3274,1480723207.888,4.8,37.3971915066667,-121.984226762167,2,0,0
3bb5d6c4-17d0-4088-a616-11ce03dd3274,1480723208.095,5,37.3971913836667,-121.984219809833,2,0,0
3bb5d6c4-17d0-4088-a616-11ce03dd3274,1480723208.292,5.2,37.3971912558333,-121.984212571,2,0,0
3bb5d6c4-17d0-4088-a616-11ce03dd3274,1480723208.498,5.4,37.3971911655,-121.984205503333,2,0,0
3bb5d6c4-17d0-4088-a616-11ce03dd3274,1480723208.693,5.6,37.3971910001667,-121.984198388667,2,0,0
3bb5d6c4-17d0-4088-a616-11ce03dd3274,1480723208.897,5.8,37.397190865,-121.984191226333,2,0,0
3bb5d6c4-17d0-4088-a616-11ce03dd3274,1480723209.092,6,37.3971907678333,-121.9841840915,2,0,0
3bb5d6c4-17d0-4088-a616-11ce03dd3274,1480723209.293,6.2,37.3971906643333,-121.984176995833,2,0,0
3bb5d6c4-17d0-4088-a616-11ce03dd3274,1480723209.489,6.4,37.3971906041667,-121.9841698625,2,0,0
3bb5d6c4-17d0-4088-a616-11ce03dd3274,1480723209.689,6.6,37.397190455,-121.984162738333,2,0,0
3bb5d6c4-17d0-4088-a616-11ce03dd3274,1480723209.894,6.8,37.3971903446667,-121.984155645167,2,0,0
3bb5d6c4-17d0-4088-a616-11ce03dd3274,1480723210.088,7,37.397190297,-121.984148513,2,0,0
3bb5d6c4-17d0-4088-a616-11ce03dd3274,1480723210.292,7.2,37.3971901516667,-121.984141392833,2,0,0
3bb5d6c4-17d0-4088-a616-11ce03dd3274,1480723210.491,7.4,37.3971901073333,-121.984134344333,2,0,0
3bb5d6c4-17d0-4088-a616-11ce03dd3274,1480723210.693,7.6,37.3971899315,-121.984127300167,2,0,0
3bb5d6c4-17d0-4088-a616-11ce03dd3274,1480723210.897,7.8,37.3971898008333,-121.984120205333,2,0,0
3bb5d6c4-17d0-4088-a616-11ce03dd3274,1480723211.093,8,37.397189669,-121.984113192167,2,0,0
3bb5d6c4-17d0-4088-a616-11ce03dd3274,1480723211.296,8.2,37.3971894691667,-121.9841061515,2,0,0
3bb5d6c4-17d0-4088-a616-11ce03dd3274,1480723211.488,8.4,37.3971893483333,-121.984099078667,2,0,0
3bb5d6c4-17d0-4088-a616-11ce03dd3274,1480723211.694,8.6,37.3971892623333,-121.984091987667,2,0,0
3bb5d6c4-17d0-4088-a616-11ce03dd3274,1480723211.892,8.8,37.3971892156667,-121.984084841667,2,0,0
3bb5d6c4-17d0-4088-a616-11ce03dd3274,1480723212.094,9,37.397189074,-121.9840777865,2,0,0
3bb5d6c4-17d0-4088-a616-11ce03dd3274,1480723212.29,9.2,37.3971889426667,-121.984070804167,2,0,0
3bb5d6c4-17d0-4088-a616-11ce03dd3274,1480723212.498,9.4,37.3971888651667,-121.984063887667,2,0,0
3bb5d6c4-17d0-4088-a616-11ce03dd3274,1480723212.694,9.6,37.3971887543333,-121.984056930667,2,0,0
3bb5d6c4-17d0-4088-a616-11ce03dd3274,1480723212.891,9.8,37.3971886566667,-121.984049984333,2,0,0
3bb5d6c4-17d0-4088-a616-11ce03dd3274,1480723213.093,10,37.3971885296667,-121.984043011833,2,0,0
3bb5d6c4-17d0-4088-a616-11ce03dd3274,1480723213.288,10.2,37.3971883823333,-121.984035998667,2,0,0
3bb5d6c4-17d0-4088-a616-11ce03dd3274,1480723213.491,10.4,37.3971883238333,-121.984028916167,2,0,0
3bb5d6c4-17d0-4088-a616-11ce03dd3274,1480723213.688,10.6,37.3971883015,-121.984021758167,2,0,0
3bb5d6c4-17d0-4088-a616-11ce03dd3274,1480723213.895,10.8,37.3971881695,-121.984014602167,2,0,0
3bb5d6c4-17d0-4088-a616-11ce03dd3274,1480723214.091,11,37.3971881773333,-121.984007466667,2,0,0
3bb5d6c4-17d0-4088-a616-11ce03dd3274,1480723214.291,11.2,37.39718816,-121.984000254,2,0,0
3bb5d6c4-17d0-4088-a616-11ce03dd3274,1480723214.498,11.4,37.3971881343333,-121.983993087333,2,0,0
3bb5d6c4-17d0-4088-a616-11ce03dd3274,1480723214.689,11.6,37.3971880666667,-121.983985924,2,0,0
3bb5d6c4-17d0-4088-a616-11ce03dd3274,1480723214.889,11.8,37.3971880936667,-121.983978759833,2,0,0
3bb5d6c4-17d0-4088-a616-11ce03dd3274,1480723215.088,12,37.3971880313333,-121.983971637167,2,0,0
3bb5d6c4-17d0-4088-a616-11ce03dd3274,1480723215.298,12.2,37.3971880501667,-121.983964450333,2,0,0
3bb5d6c4-17d0-4088-a616-11ce03dd3274,1480723215.493,12.4,37.397187983,-121.9839573335,2,0,0
3bb5d6c4-17d0-4088-a616-11ce03dd3274,1480723215.696,12.6,37.3971880183333,-121.983950270833,2,0,0
3bb5d6c4-17d0-4088-a616-11ce03dd3274,1480723215.898,12.8,37.397188007,-121.983943076167,2,0,0
3bb5d6c4-17d0-4088-a616-11ce03dd3274,1480723216.092,13,37.3971881531667,-121.983936020833,2,0,0
3bb5d6c4-17d0-4088-a616-11ce03dd3274,1480723216.294,13.2,37.3971881671667,-121.983928814,2,0,0
3bb5d6c4-17d0-4088-a616-11ce03dd3274,1480723216.491,13.4,37.397188223,-121.983921695,2,0,0
3bb5d6c4-17d0-4088-a616-11ce03dd3274,1480723216.695,13.6,37.3971883101667,-121.983914591167,2,0,0
3bb5d6c4-17d0-4088-a616-11ce03dd3274,1480723216.889,13.8,37.3971884676667,-121.983907411,2,0,0
3bb5d6c4-17d0-4088-a616-11ce03dd3274,1480723217.094,14,37.3971884503333,-121.983900282667,2,0,0
3bb5d6c4-17d0-4088-a616-11ce03dd3274,1480723217.299,14.2,37.3971886126667,-121.983893136833,2,0,0
3bb5d6c4-17d0-4088-a616-11ce03dd3274,1480723217.493,14.4,37.397188781,-121.983885913667,2,0,0
3bb5d6c4-17d0-4088-a616-11ce03dd3274,1480723217.693,14.6,37.3971889281667,-121.983878784667,2,0,0
3bb5d6c4-17d0-4088-a616-11ce03dd3274,1480723217.896,14.8,37.3971889116667,-121.983871669167,2,0,0
3bb5d6c4-17d0-4088-a616-11ce03dd3274,1480723218.091,15,37.397188718,-121.983864516833,2,0,0
3bb5d6c4-17d0-4088-a616-11ce03dd3274,1480723218.295,15.2,37.3971883641667,-121.983857340833,2,0,0
3bb5d6c4-17d0-4088-a616-11ce03dd3274,1480723218.496,15.4,37.3971880938333,-121.9838500135,2,0,0
3bb5d6c4-17d0-4088-a616-11ce03dd3274,1480723218.692,15.6,37.3971876581667,-121.983842758167,2,0,0
3bb5d6c4-17d0-4088-a616-11ce03dd3274,1480723218.888,15.8,37.3971870558333,-121.983835444333,2,0,0
3bb5d6c4-17d0-4088-a616-11ce03dd3274,1480723219.098,16,37.3971860538333,-121.9838282865,2,0,0
3bb5d6c4-17d0-4088-a616-11ce03dd3274,1480723219.294,16.2,37.3971847235,-121.983821169833,2,0,0
3bb5d6c4-17d0-4088-a616-11ce03dd3274,1480723219.493,16.4,37.3971831716667,-121.9838139535,2,0,0
3bb5d6c4-17d0-4088-a616-11ce03dd3274,1480723219.696,16.6,37.3971813888333,-121.9838069395,2,0,0
3bb5d6c4-17d0-4088-a616-11ce03dd3274,1480723219.889,16.8,37.3971791096667,-121.983800103,2,0,0
3bb5d6c4-17d0-4088-a616-11ce03dd3274,1480723220.091,17,37.3971763006667,-121.983793636667,2,0,0
3bb5d6c4-17d0-4088-a616-11ce03dd3274,1480723220.292,17.2,37.3971730411667,-121.9837875215,2,0,0
3bb5d6c4-17d0-4088-a616-11ce03dd3274,1480723220.488,17.4,37.3971694096667,-121.983781710333,2,0,0
3bb5d6c4-17d0-4088-a616-11ce03dd3274,1480723220.697,17.6,37.3971653125,-121.983776421,2,0,0
3bb5d6c4-17d0-4088-a616-11ce03dd3274,1480723220.895,17.8,37.3971608236667,-121.983771605,2,0,0
3bb5d6c4-17d0-4088-a616-11ce03dd3274,1480723221.098,18,37.3971560208333,-121.9837673575,2,0,0
3bb5d6c4-17d0-4088-a616-11ce03dd3274,1480723221.295,18.2,37.3971509451667,-121.9837637035,2,0,0
3bb5d6c4-17d0-4088-a616-11ce03dd3274,1480723221.497,18.4,37.3971455286667,-121.983760737333,2,0,0
3bb5d6c4-17d0-4088-a616-11ce03dd3274,1480723221.696,18.6,37.3971399303333,-121.983758449667,2,0,0
3bb5d6c4-17d0-4088-a616-11ce03dd3274,1480723221.898,18.8,37.3971342235,-121.983756867667,2,0,0
3bb5d6c4-17d0-4088-a616-11ce03dd3274,1480723222.096,19,37.3971283853333,-121.983755814667,2,0,0
3bb5d6c4-17d0-4088-a616-11ce03dd3274,1480723222.293,19.2,37.3971225158333,-121.983755430833,2,0,0
3bb5d6c4-17d0-4088-a616-11ce03dd3274,1480723222.491,19.4,37.397116867,-121.983755954667,2,0,0
3bb5d6c4-17d0-4088-a616-11ce03dd3274,1480723222.688,19.6,37.3971112436667,-121.983757038167,2,0,0
3bb5d6c4-17d0-4088-a616-11ce03dd3274,1480723222.896,19.8,37.3971056906667,-121.983758337833,2,0,0
3bb5d6c4-17d0-4088-a616-11ce03dd3274,1480723223.098,20,37.397100097,-121.9837599635,2,0,0
3bb5d6c4-17d0-4088-a616-11ce03dd3274,1480723223.296,20.2,37.3970947361667,-121.9837621145,2,0,0
3bb5d6c4-17d0-4088-a616-11ce03dd3274,1480723223.494,20.4,37.3970895921667,-121.983764802667,2,0,0
3bb5d6c4-17d0-4088-a616-11ce03dd3274,1480723223.695,20.6,37.3970846431667,-121.983767696,2,0,0
3bb5d6c4-17d0-4088-a616-11ce03dd3274,1480723223.888,20.8,37.3970798731667,-121.9837706255,2,0,0
3bb5d6c4-17d0-4088-a616-11ce03dd3274,1480723224.092,21,37.3970752523333,-121.983773589167,2,0,0
3bb5d6c4-17d0-4088-a616-11ce03dd3274,1480723224.295,21.2,37.3970706911667,-121.983776552,2,0,0
3bb5d6c4-17d0-4088-a616-11ce03dd3274,1480723224.491,21.4,37.3970663986667,-121.983779388,2,0,0
3bb5d6c4-17d0-4088-a616-11ce03dd3274,1480723224.697,21.6,37.3970619775,-121.983781715833,2,0,0
3bb5d6c4-17d0-4088-a616-11ce03dd3274,1480723224.892,21.8,37.3970577131667,-121.983783918667,2,0,0
3bb5d6c4-17d0-4088-a616-11ce03dd3274,1480723225.088,22,37.3970535971667,-121.983785921,2,0,0
3bb5d6c4-17d0-4088-a616-11ce03dd3274,1480723225.293,22.2,37.397049573,-121.98378764,2,0,0
3bb5d6c4-17d0-4088-a616-11ce03dd3274,1480723225.497,22.4,37.3970456521667,-121.983788875167,2,0,0
3bb5d6c4-17d0-4088-a616-11ce03dd3274,1480723225.689,22.6,37.3970418373333,-121.9837897745,2,0,0
3bb5d6c4-17d0-4088-a616-11ce03dd3274,1480723225.893,22.8,37.3970381278333,-121.983790365,2,0,0
3bb5d6c4-17d0-4088-a616-11ce03dd3274,1480723226.098,23,37.397034463,-121.983790525833,2,0,0
3bb5d6c4-17d0-4088-a616-11ce03dd3274,1480723226.289,23.2,37.3970309058333,-121.983790309167,2,0,0
3bb5d6c4-17d0-4088-a616-11ce03dd3274,1480723226.498,23.4,37.3970273598333,-121.983789621167,2,0,0
3bb5d6c4-17d0-4088-a616-11ce03dd3274,1480723226.69,23.6,37.3970240213333,-121.983788611167,2,0,0
3bb5d6c4-17d0-4088-a616-11ce03dd3274,1480723226.896,23.8,37.3970207061667,-121.9837872495,2,0,0
3bb5d6c4-17d0-4088-a616-11ce03dd3274,1480723227.094,24,37.3970175275,-121.9837856125,2,0,0
3bb5d6c4-17d0-4088-a616-11ce03dd3274,1480723227.294,24.2,37.3970144941667,-121.983783584667,2,0,0
3bb5d6c4-17d0-4088-a616-11ce03dd3274,1480723227.491,24.4,37.3970116403333,-121.983781230833,2,0,0
3bb5d6c4-17d0-4088-a616-11ce03dd3274,1480723227.688,24.6,37.3970089691667,-121.983778544167,2,0,0
3bb5d6c4-17d0-4088-a616-11ce03dd3274,1480723227.896,24.8,37.3970064201667,-121.983775600833,2,0,0
3bb5d6c4-17d0-4088-a616-11ce03dd3274,1480723228.088,25,37.3970041513333,-121.983772525667,2,0,0
3bb5d6c4-17d0-4088-a616-11ce03dd3274,1480723228.294,25.2,37.397002117,-121.983769236667,2,0,0
3bb5d6c4-17d0-4088-a616-11ce03dd3274,1480723228.495,25.4,37.3970002748333,-121.983765564833,2,0,0
3bb5d6c4-17d0-4088-a616-11ce03dd3274,1480723228.69,25.6,37.3969987991667,-121.983761707167,2,0,0
3bb5d6c4-17d0-4088-a616-11ce03dd3274,1480723228.897,25.8,37.3969975035,-121.983757621667,2,0,0
3bb5d6c4-17d0-4088-a616-11ce03dd3274,1480723229.09,26,37.3969964413333,-121.9837533305,2,0,0
3bb5d6c4-17d0-4088-a616-11ce03dd3274,1480723229.287,26.2,37.3969956023333,-121.983748936667,2,0,0
3bb5d6c4-17d0-4088-a616-11ce03dd3274,1480723229.49,26.4,37.3969951603333,-121.98374443,2,0,0
3bb5d6c4-17d0-4088-a616-11ce03dd3274,1480723229.695,26.6,37.3969949726667,-121.983739836833,2,0,0
3bb5d6c4-17d0-4088-a616-11ce03dd3274,1480723229.89,26.8,37.3969952471667,-121.9837351435,2,0,0
3bb5d6c4-17d0-4088-a616-11ce03dd3274,1480723230.095,27,37.3969957893333,-121.9837303985,2,0,0
3bb5d6c4-17d0-4088-a616-11ce03dd3274,1480723230.289,27.2,37.3969967308333,-121.983725739333,2,0,0
3bb5d6c4-17d0-4088-a616-11ce03dd3274,1480723230.496,27.4,37.3969980875,-121.983721119,2,0,0
3bb5d6c4-17d0-4088-a616-11ce03dd3274,1480723230.692,27.6,37.396999813,-121.983716657667,2,0,0
3bb5d6c4-17d0-4088-a616-11ce03dd3274,1480723230.895,27.8,37.3970019136667,-121.983712342667,2,0,0
3bb5d6c4-17d0-4088-a616-11ce03dd3274,1480723231.088,28,37.397004423,-121.983708312,2,0,0
3bb5d6c4-17d0-4088-a616-11ce03dd3274,1480723231.296,28.2,37.397007233,-121.983704549833,2,0,0
3bb5d6c4-17d0-4088-a616-11ce03dd3274,1480723231.493,28.4,37.397010411,-121.9837011995,2,0,0
3bb5d6c4-17d0-4088-a616-11ce03dd3274,1480723231.695,28.6,37.3970138745,-121.983698218667,2,0,0
3bb5d6c4-17d0-4088-a616-11ce03dd3274,1480723231.893,28.8,37.397017528,-121.983695626,2,0,0
3bb5d6c4-17d0-4088-a616-11ce03dd3274,1480723232.094,29,37.3970213266667,-121.983693577167,2,0,0
3bb5d6c4-17d0-4088-a616-11ce03dd3274,1480723232.292,29.2,37.3970252415,-121.983692070833,2,0,0
3bb5d6c4-17d0-4088-a616-11ce03dd3274,1480723232.497,29.4,37.3970293906667,-121.983691056,2,0,0
3bb5d6c4-17d0-4088-a616-11ce03dd3274,1480723232.69,29.6,37.3970335738333,-121.983690672833,2,0,0
3bb5d6c4-17d0-4088-a616-11ce03dd3274,1480723232.898,29.8,37.3970378566667,-121.983690819167,2,0,0
3bb5d6c4-17d0-4088-a616-11ce03dd3274,1480723233.096,30,37.3970422458333,-121.983691303,2,0,0
3bb5d6c4-17d0-4088-a616-11ce03dd3274,1480723233.291,30.2,37.3970466063333,-121.983692203333,2,0,0
3bb5d6c4-17d0-4088-a616-11ce03dd3274,1480723233.494,30.4,37.3970509161667,-121.9836934045,2,0,0
3bb5d6c4-17d0-4088-a616-11ce03dd3274,1480723233.698,30.6,37.3970552856667,-121.983694773833,2,0,0
3bb5d6c4-17d0-4088-a616-11ce03dd3274,1480723233.894,30.8,37.3970596076667,-121.983696349833,2,0,0
3bb5d6c4-17d0-4088-a616-11ce03dd3274,1480723234.094,31,37.3970639081667,-121.9836982435,2,0,0
3bb5d6c4-17d0-4088-a616-11ce03dd3274,1480723234.29,31.2,37.397068071,-121.98370036,2,0,0
3bb5d6c4-17d0-4088-a616-11ce03dd3274,1480723234.492,31.4,37.3970722961667,-121.983702447333,2,0,0
3bb5d6c4-17d0-4088-a616-11ce03dd3274,1480723234.697,31.6,37.3970765258333,-121.983704610833,2,0,0
3bb5d6c4-17d0-4088-a616-11ce03dd3274,1480723234.893,31.8,37.3970808256667,-121.983706893833,2,0,0
3bb5d6c4-17d0-4088-a616-11ce03dd3274,1480723235.094,32,37.3970852585,-121.983709413333,2,0,0
3bb5d6c4-17d0-4088-a616-11ce03dd3274,1480723235.289,32.2,37.3970898093333,-121.9837121025,2,0,0
3bb5d6c4-17d0-4088-a616-11ce03dd3274,1480723235.492,32.4,37.3970945461667,-121.983714885,2,0,0
3bb5d6c4-17d0-4088-a616-11ce03dd3274,1480723235.69,32.6,37.3970992721667,-121.983717891333,2,0,0
3bb5d6c4-17d0-4088-a616-11ce03dd3274,1480723235.898,32.8,37.3971040953333,-121.983721106333,2,0,0
3bb5d6c4-17d0-4088-a616-11ce03dd3274,1480723236.089,33,37.3971089403333,-121.983724355333,2,0,0
3bb5d6c4-17d0-4088-a616-11ce03dd3274,1480723236.296,33.2,37.3971136441667,-121.98372767,2,0,0
3bb5d6c4-17d0-4088-a616-11ce03dd3274,1480723236.493,33.4,37.3971182381667,-121.983731248833,2,0,0
3bb5d6c4-17d0-4088-a616-11ce03dd3274,1480723236.697,33.6,37.3971227686667,-121.983734719333,2,0,0
3bb5d6c4-17d0-4088-a616-11ce03dd3274,1480723236.894,33.8,37.3971272421667,-121.983738104833,2,0,0
3bb5d6c4-17d0-4088-a616-11ce03dd3274,1480723237.09,34,37.3971315361667,-121.983741683667,2,0,0
3bb5d6c4-17d0-4088-a616-11ce03dd3274,1480723237.289,34.2,37.3971355686667,-121.9837454095,2,0,0
3bb5d6c4-17d0-4088-a616-11ce03dd3274,1480723237.492,34.4,37.397139487,-121.9837492255,2,0,0
3bb5d6c4-17d0-4088-a616-11ce03dd3274,1480723237.693,34.6,37.397143323,-121.9837530215,2,0,0
3bb5d6c4-17d0-4088-a616-11ce03dd3274,1480723237.888,34.8,37.3971470101667,-121.983757039333,2,0,0
3bb5d6c4-17d0-4088-a616-11ce03dd3274,1480723238.094,35,37.3971505778333,-121.983761190167,2,0,0
3bb5d6c4-17d0-4088-a616-11ce03dd3274,1480723238.292,35.2,37.397153973,-121.983765500167,2,0,0
3bb5d6c4-17d0-4088-a616-11ce03dd3274,1480723238.497,35.4,37.3971571963333,-121.983769991833,2,0,0
3bb5d6c4-17d0-4088-a616-11ce03dd3274,1480723238.698,35.6,37.3971603921667,-121.983774562833,2,0,0
3bb5d6c4-17d0-4088-a616-11ce03dd3274,1480723238.89,35.8,37.3971633851667,-121.983779360167,2,0,0
3bb5d6c4-17d0-4088-a616-11ce03dd3274,1480723239.096,36,37.3971662753333,-121.983784301833,2,0,0
3bb5d6c4-17d0-4088-a616-11ce03dd3274,1480723239.288,36.2,37.3971689946667,-121.983789370833,2,0,0
3bb5d6c4-17d0-4088-a616-11ce03dd3274,1480723239.493,36.4,37.3971715881667,-121.9837944585,2,0,0
3bb5d6c4-17d0-4088-a616-11ce03dd3274,1480723239.697,36.6,37.3971739636667,-121.98379965,2,0,0
3bb5d6c4-17d0-4088-a616-11ce03dd3274,1480723239.889,36.8,37.397176218,-121.9838048535,2,0,0
3bb5d6c4-17d0-4088-a616-11ce03dd3274,1480723240.089,37,37.3971783653333,-121.983810259333,2,0,0
3bb5d6c4-17d0-4088-a616-11ce03dd3274,1480723240.291,37.2,37.3971802551667,-121.9838156685,2,0,0
3bb5d6c4-17d0-4088-a616-11ce03dd3274,1480723240.495,37.4,37.3971820615,-121.983821292333,2,0,0
3bb5d6c4-17d0-4088-a616-11ce03dd3274,1480723240.69,37.6,37.3971837045,-121.983826976333,2,0,0
3bb5d6c4-17d0-4088-a616-11ce03dd3274,1480723240.894,37.8,37.3971851438333,-121.983832812667,2,0,0
3bb5d6c4-17d0-4088-a616-11ce03dd3274,1480723241.098,38,37.397186436,-121.983838792,2,0,0
3bb5d6c4-17d0-4088-a616-11ce03dd3274,1480723241.295,38.2,37.3971874725,-121.983844888333,2,0,0
3bb5d6c4-17d0-4088-a616-11ce03dd3274,1480723241.488,38.4,37.3971883031667,-121.983851199167,2,0,0
3bb5d6c4-17d0-4088-a616-11ce03dd3274,1480723241.697,38.6,37.3971890655,-121.983857544667,2,0,0
3bb5d6c4-17d0-4088-a616-11ce03dd3274,1480723241.895,38.8,37.397189735,-121.983863852833,2,0,0
3bb5d6c4-17d0-4088-a616-11ce03dd3274,1480723242.09,39,37.3971903678333,-121.983870133333,2,0,0
3bb5d6c4-17d0-4088-a616-11ce03dd3274,1480723242.296,39.2,37.3971907136667,-121.983876406,2,0,0
3bb5d6c4-17d0-4088-a616-11ce03dd3274,1480723242.489,39.4,37.397190973,-121.983882664167,2,0,0
3bb5d6c4-17d0-4088-a616-11ce03dd3274,1480723242.693,39.6,37.3971912805,-121.983888990333,2,0,0
3bb5d6c4-17d0-4088-a616-11ce03dd3274,1480723242.893,39.8,37.397191644,-121.983895286667,2,0,0
3bb5d6c4-17d0-4088-a616-11ce03dd3274,1480723243.091,40,37.3971918591667,-121.983901601167,2,0,0
3bb5d6c4-17d0-4088-a616-11ce03dd3274,1480723243.289,40.2,37.3971918776667,-121.983908068,2,0,0
3bb5d6c4-17d0-4088-a616-11ce03dd3274,1480723243.488,40.4,37.3971920623333,-121.983914465667,2,0,0
3bb5d6c4-17d0-4088-a616-11ce03dd3274,1480723243.697,40.6,37.3971922778333,-121.983920849167,2,0,0
3bb5d6c4-17d0-4088-a616-11ce03dd3274,1480723243.895,40.8,37.3971924128333,-121.983927263833,2,0,0
3bb5d6c4-17d0-4088-a616-11ce03dd3274,1480723244.093,41,37.3971924703333,-121.983933768833,2,0,0
3bb5d6c4-17d0-4088-a616-11ce03dd3274,1480723244.291,41.2,37.397192521,-121.983940255833,2,0,0
3bb5d6c4-17d0-4088-a616-11ce03dd3274,1480723244.489,41.4,37.3971924913333,-121.983946808,2,0,0
3bb5d6c4-17d0-4088-a616-11ce03dd3274,1480723244.697,41.6,37.3971924046667,-121.983953401167,2,0,0
3bb5d6c4-17d0-4088-a616-11ce03dd3274,1480723244.895,41.8,37.3971923025,-121.983960024333,2,0,0
3bb5d6c4-17d0-4088-a616-11ce03dd3274,1480723245.093,42,37.3971920553333,-121.9839666255,2,0,0
3bb5d6c4-17d0-4088-a616-11ce03dd3274,1480723245.291,42.2,37.397191939,-121.983973344333,2,0,0
3bb5d6c4-17d0-4088-a616-11ce03dd3274,1480723245.489,42.4,37.3971916938333,-121.9839800615,2,0,0
3bb5d6c4-17d0-4088-a616-11ce03dd3274,1480723245.687,42.6,37.3971914118333,-121.983986950167,2,0,0
3bb5d6c4-17d0-4088-a616-11ce03dd3274,1480723245.896,42.8,37.3971911455,-121.983993743,2,0,0
3bb5d6c4-17d0-4088-a616-11ce03dd3274,1480723246.094,43,37.3971908103333,-121.984000508,2,0,0
3bb5d6c4-17d0-4088-a616-11ce03dd3274,1480723246.288,43.2,37.397190548,-121.984007340167,2,0,0
3bb5d6c4-17d0-4088-a616-11ce03dd3274,1480723246.493,43.4,37.3971902455,-121.984014094,2,0,0
3bb5d6c4-17d0-4088-a616-11ce03dd3274,1480723246.696,43.6,37.3971900315,-121.984020805667,2,0,0
3bb5d6c4-17d0-4088-a616-11ce03dd3274,1480723246.891,43.8,37.3971897241667,-121.9840274995,2,0,0
3bb5d6c4-17d0-4088-a616-11ce03dd3274,1480723247.096,44,37.397189509,-121.984034174333,2,0,0
3bb5d6c4-17d0-4088-a616-11ce03dd3274,1480723247.296,44.2,37.3971892358333,-121.984040888,2,0,0
3bb5d6c4-17d0-4088-a616-11ce03dd3274,1480723247.487,44.4,37.3971889961667,-121.9840478065,2,0,0
3bb5d6c4-17d0-4088-a616-11ce03dd3274,1480723247.689,44.6,37.3971887393333,-121.984054742167,2,0,0
3bb5d6c4-17d0-4088-a616-11ce03dd3274,1480723247.894,44.8,37.3971884876667,-121.984061721667,2,0,0
3bb5d6c4-17d0-4088-a616-11ce03dd3274,1480723248.09,45,37.3971882861667,-121.984068783,2,0,0
3bb5d6c4-17d0-4088-a616-11ce03dd3274,1480723248.289,45.2,37.3971880335,-121.984076032167,2,0,0
3bb5d6c4-17d0-4088-a616-11ce03dd3274,1480723248.494,45.4,37.39718772,-121.9840832665,2,0,0
3bb5d6c4-17d0-4088-a616-11ce03dd3274,1480723248.688,45.6,37.3971875185,-121.984090642667,2,0,0
3bb5d6c4-17d0-4088-a616-11ce03dd3274,1480723248.892,45.8,37.3971873675,-121.984097946667,2,0,0
3bb5d6c4-17d0-4088-a616-11ce03dd3274,1480723249.096,46,37.3971871056667,-121.984105175833,2,0,0
3bb5d6c4-17d0-4088-a616-11ce03dd3274,1480723249.288,46.2,37.3971869175,-121.984112298833,2,0,0
3bb5d6c4-17d0-4088-a616-11ce03dd3274,1480723249.494,46.4,37.3971867803333,-121.984119371667,2,0,0
3bb5d6c4-17d0-4088-a616-11ce03dd3274,1480723249.69,46.6,37.3971866453333,-121.984126374333,2,0,0
3bb5d6c4-17d0-4088-a616-11ce03dd3274,1480723249.896,46.8,37.3971865673333,-121.984133275833,2,0,0
3bb5d6c4-17d0-4088-a616-11ce03dd3274,1480723250.091,47,37.3971865246667,-121.98414016,2,0,0
3bb5d6c4-17d0-4088-a616-11ce03dd3274,1480723250.291,47.2,37.3971863938333,-121.984146909667,2,0,0
3bb5d6c4-17d0-4088-a616-11ce03dd3274,1480723250.495,47.4,37.3971863218333,-121.984153682833,2,0,0
3bb5d6c4-17d0-4088-a616-11ce03dd3274,1480723250.689,47.6,37.3971862843333,-121.984160343333,2,0,0
3bb5d6c4-17d0-4088-a616-11ce03dd3274,1480723250.887,47.8,37.3971861985,-121.984166985167,2,0,0
3bb5d6c4-17d0-4088-a616-11ce03dd3274,1480723251.097,48,37.397186155,-121.984173548333,2,0,0
3bb5d6c4-17d0-4088-a616-11ce03dd3274,1480723251.294,48.2,37.3971860861667,-121.984180002833,2,0,0
3bb5d6c4-17d0-4088-a616-11ce03dd3274,1480723251.497,48.4,37.3971859966667,-121.984186448833,2,0,0
3bb5d6c4-17d0-4088-a616-11ce03dd3274,1480723251.692,48.6,37.3971859371667,-121.984192819167,2,0,0
3bb5d6c4-17d0-4088-a616-11ce03dd3274,1480723251.889,48.8,37.3971858103333,-121.984199153833,2,0,0
3bb5d6c4-17d0-4088-a616-11ce03dd3274,1480723252.092,49,37.3971857503333,-121.984205475667,2,0,0
3bb5d6c4-17d0-4088-a616-11ce03dd3274,1480723252.286,49.2,37.3971858098333,-121.984211818833,2,0,0
3bb5d6c4-17d0-4088-a616-11ce03dd3274,1480723252.489,49.4,37.3971857275,-121.984218134,2,0,0
3bb5d6c4-17d0-4088-a616-11ce03dd3274,1480723252.69,49.6,37.397185669,-121.984224025333,2,0,0
3bb5d6c4-17d0-4088-a616-11ce03dd3274,1480723252.887,49.8,37.3971857388333,-121.984230152167,2,0,0
3bb5d6c4-17d0-4088-a616-11ce03dd3274,1480723253.096,50,37.397185585,-121.984236847,2,0,0
3bb5d6c4-17d0-4088-a616-11ce03dd3274,1480723253.287,50.2,37.3971854281667,-121.984243284,2,0,0
3bb5d6c4-17d0-4088-a616-11ce03dd3274,1480723253.489,50.4,37.3971854091667,-121.98424935,2,0,0
3bb5d6c4-17d0-4088-a616-11ce03dd3274,1480723253.694,50.6,37.3971854415,-121.984255825667,2,0,0
3bb5d6c4-17d0-4088-a616-11ce03dd3274,1480723253.892,50.8,37.3971854245,-121.984261864667,2,0,0
3bb5d6c4-17d0-4088-a616-11ce03dd3274,1480723254.088,51,37.3971851808333,-121.9842678875,2,0,0
3bb5d6c4-17d0-4088-a616-11ce03dd3274,1480723254.291,51.2,37.3971851571667,-121.984274448167,2,0,0
3bb5d6c4-17d0-4088-a616-11ce03dd3274,1480723254.496,51.4,37.39718511,-121.984281086333,2,0,0
3bb5d6c4-17d0-4088-a616-11ce03dd3274,1480723254.688,51.6,37.3971849728333,-121.984287792,2,0,0
3bb5d6c4-17d0-4088-a616-11ce03dd3274,1480723254.896,51.8,37.3971848223333,-121.984294794667,2,0,0
3bb5d6c4-17d0-4088-a616-11ce03dd3274,1480723255.093,52,37.3971846831667,-121.984302002833,2,0,0
3bb5d6c4-17d0-4088-a616-11ce03dd3274,1480723255.289,52.2,37.3971845123333,-121.984309353333,2,0,0
3bb5d6c4-17d0-4088-a616-11ce03dd3274,1480723255.494,52.4,37.3971843721667,-121.984316780667,2,0,0
3bb5d6c4-17d0-4088-a616-11ce03dd3274,1480723255.687,52.6,37.3971842265,-121.984324263667,2,0,0
3bb5d6c4-17d0-4088-a616-11ce03dd3274,1480723255.888,52.8,37.3971839951667,-121.984331640833,2,0,0
3bb5d6c4-17d0-4088-a616-11ce03dd3274,1480723256.089,53,37.397183767,-121.984339016,2,0,0
3bb5d6c4-17d0-4088-a616-11ce03dd3274,1480723256.292,53.2,37.3971835906667,-121.984346385167,2,0,0
3bb5d6c4-17d0-4088-a616-11ce03dd3274,1480723256.496,53.4,37.3971833391667,-121.984353728167,2,0,0
3bb5d6c4-17d0-4088-a616-11ce03dd3274,1480723256.691,53.6,37.3971830383333,-121.984361075333,2,0,0
3bb5d6c4-17d0-4088-a616-11ce03dd3274,1480723256.887,53.8,37.39718276,-121.984368399167,2,0,0
3bb5d6c4-17d0-4088-a616-11ce03dd3274,1480723257.09,54,37.3971825748333,-121.984375800833,2,0,0
3bb5d6c4-17d0-4088-a616-11ce03dd3274,1480723257.286,54.2,37.3971824476667,-121.984383142667,2,0,0
3bb5d6c4-17d0-4088-a616-11ce03dd3274,1480723257.488,54.4,37.397182268,-121.984390499,2,0,0
3bb5d6c4-17d0-4088-a616-11ce03dd3274,1480723257.689,54.6,37.397182186,-121.984397840333,2,0,0
3bb5d6c4-17d0-4088-a616-11ce03dd3274,1480723257.894,54.8,37.3971820626667,-121.984405199,2,0,0
3bb5d6c4-17d0-4088-a616-11ce03dd3274,1480723258.093,55,37.3971819768333,-121.9844122455,2,0,0
3bb5d6c4-17d0-4088-a616-11ce03dd3274,1480723258.289,55.2,37.3971819986667,-121.9844193885,2,0,0
3bb5d6c4-17d0-4088-a616-11ce03dd3274,1480723258.492,55.4,37.397181942,-121.984427010833,2,0,0
3bb5d6c4-17d0-4088-a616-11ce03dd3274,1480723258.692,55.6,37.3971818268333,-121.984434407833,2,0,0
3bb5d6c4-17d0-4088-a616-11ce03dd3274,1480723258.89,55.8,37.3971818476667,-121.9844415325,2,0,0
3bb5d6c4-17d0-4088-a616-11ce03dd3274,1480723259.093,56,37.3971820258333,-121.984448670333,2,0,0
3bb5d6c4-17d0-4088-a616-11ce03dd3274,1480723259.293,56.2,37.3971820333333,-121.984455620333,2,0,0
3bb5d6c4-17d0-4088-a616-11ce03dd3274,1480723259.496,56.4,37.3971819895,-121.984463167833,2,0,0
3bb5d6c4-17d0-4088-a616-11ce03dd3274,1480723259.696,56.6,37.3971821355,-121.984470756,2,0,0
3bb5d6c4-17d0-4088-a616-11ce03dd3274,1480723259.889,56.8,37.3971822476667,-121.984478304333,2,0,0
3bb5d6c4-17d0-4088-a616-11ce03dd3274,1480723260.096,57,37.397182312,-121.984486058833,2,0,0
3bb5d6c4-17d0-4088-a616-11ce03dd3274,1480723260.292,57.2,37.3971823388333,-121.984493925667,2,0,0
3bb5d6c4-17d0-4088-a616-11ce03dd3274,1480723260.496,57.4,37.3971823421667,-121.984501806,2,0,0
3bb5d6c4-17d0-4088-a616-11ce03dd3274,1480723260.691,57.6,37.3971824165,-121.984509683667,2,0,0
3bb5d6c4-17d0-4088-a616-11ce03dd3274,1480723260.895,57.8,37.3971824681667,-121.984517552,2,0,0
3bb5d6c4-17d0-4088-a616-11ce03dd3274,1480723261.088,58,37.3971824801667,-121.984525397333,2,0,0
3bb5d6c4-17d0-4088-a616-11ce03dd3274,1480723261.295,58.2,37.3971825198333,-121.984533236667,2,0,0
3bb5d6c4-17d0-4088-a616-11ce03dd3274,1480723261.496,58.4,37.3971826598333,-121.984541067333,2,0,0
3bb5d6c4-17d0-4088-a616-11ce03dd3274,1480723261.697,58.6,37.3971826756667,-121.984548930833,2,0,0
3bb5d6c4-17d0-4088-a616-11ce03dd3274,1480723261.895,58.8,37.3971826941667,-121.984556773333,2,0,0
3bb5d6c4-17d0-4088-a616-11ce03dd3274,1480723262.095,59,37.397182701,-121.984564660667,2,0,0
3bb5d6c4-17d0-4088-a616-11ce03dd3274,1480723262.291,59.2,37.3971827686667,-121.984572535333,2,0,0
3bb5d6c4-17d0-4088-a616-11ce03dd3274,1480723262.495,59.4,37.3971827265,-121.9845803895,2,0,0
3bb5d6c4-17d0-4088-a616-11ce03dd3274,1480723262.686,59.6,37.3971827498333,-121.984588230833,2,0,0
3bb5d6c4-17d0-4088-a616-11ce03dd3274,1480723262.888,59.8,37.3971827445,-121.9845960685,2,0,0
3bb5d6c4-17d0-4088-a616-11ce03dd3274,1480723263.091,60,37.3971826941667,-121.984603938833,2,0,0
3bb5d6c4-17d0-4088-a616-11ce03dd3274,1480723263.286,60.2,37.3971826696667,-121.984611811833,2,0,0
3bb5d6c4-17d0-4088-a616-11ce03dd3274,1480723263.492,60.4,37.3971825891667,-121.984619656,2,0,0
3bb5d6c4-17d0-4088-a616-11ce03dd3274,1480723263.687,60.6,37.397182505,-121.984627485,2,0,0
3bb5d6c4-17d0-4088-a616-11ce03dd3274,1480723263.89,60.8,37.3971822043333,-121.984635312,2,0,0
3bb5d6c4-17d0-4088-a616-11ce03dd3274,1480723264.087,61,37.3971818528333,-121.984643092,2,0,0
3bb5d6c4-17d0-4088-a616-11ce03dd3274,1480723264.287,61.2,37.3971813931667,-121.984650896167,2,0,0
3bb5d6c4-17d0-4088-a616-11ce03dd3274,1480723264.492,61.4,37.397180789,-121.984658602667,2,0,0
3bb5d6c4-17d0-4088-a616-11ce03dd3274,1480723264.687,61.6,37.3971799243333,-121.984666125833,2,0,0
3bb5d6c4-17d0-4088-a616-11ce03dd3274,1480723264.893,61.8,37.3971789451667,-121.984673626167,2,0,0
3bb5d6c4-17d0-4088-a616-11ce03dd3274,1480723265.089,62,37.3971776848333,-121.9846809575,2,0,0
3bb5d6c4-17d0-4088-a616-11ce03dd3274,1480723265.289,62.2,37.3971761245,-121.984688055,2,0,0
3bb5d6c4-17d0-4088-a616-11ce03dd3274,1480723265.496,62.4,37.3971743153333,-121.984694800833,2,0,0
3bb5d6c4-17d0-4088-a616-11ce03dd3274,1480723265.688,62.6,37.3971722076667,-121.984701430333,2,0,0
3bb5d6c4-17d0-4088-a616-11ce03dd3274,1480723265.889,62.8,37.3971696258333,-121.9847077495,2,0,0
3bb5d6c4-17d0-4088-a616-11ce03dd3274,1480723266.089,63,37.3971666008333,-121.984713750333,2,0,0
3bb5d6c4-17d0-4088-a616-11ce03dd3274,1480723266.293,63.2,37.3971634605,-121.9847195315,2,0,0
3bb5d6c4-17d0-4088-a616-11ce03dd3274,1480723266.494,63.4,37.3971600851667,-121.984724791167,2,0,0
3bb5d6c4-17d0-4088-a616-11ce03dd3274,1480723266.687,63.6,37.3971563815,-121.984729542,2,0,0
3bb5d6c4-17d0-4088-a616-11ce03dd3274,1480723266.896,63.8,37.3971524788333,-121.9847339825,2,0,0
3bb5d6c4-17d0-4088-a616-11ce03dd3274,1480723267.087,64,37.3971484488333,-121.984738107,2,0,0
3bb5d6c4-17d0-4088-a616-11ce03dd3274,1480723267.293,64.2,37.3971443048333,-121.9847419885,2,0,0
3bb5d6c4-17d0-4088-a616-11ce03dd3274,1480723267.494,64.4,37.3971401291667,-121.9847457135,2,0,0
3bb5d6c4-17d0-4088-a616-11ce03dd3274,1480723267.69,64.6,37.3971358975,-121.984749467,2,0,0
3bb5d6c4-17d0-4088-a616-11ce03dd3274,1480723267.895,64.8,37.3971314276667,-121.984753037833,2,0,0
3bb5d6c4-17d0-4088-a616-11ce03dd3274,1480723268.089,65,37.3971268725,-121.984756628333,2,0,0
3bb5d6c4-17d0-4088-a616-11ce03dd3274,1480723268.296,65.2,37.3971221898333,-121.9847601325,2,0,0
3bb5d6c4-17d0-4088-a616-11ce03dd3274,1480723268.491,65.4,37.397117445,-121.984763545333,2,0,0
3bb5d6c4-17d0-4088-a616-11ce03dd3274,1480723268.693,65.6,37.3971126748333,-121.9847669255,2,0,0
3bb5d6c4-17d0-4088-a616-11ce03dd3274,1480723268.893,65.8,37.3971079115,-121.984770327667,2,0,0
3bb5d6c4-17d0-4088-a616-11ce03dd3274,1480723269.093,66,37.3971031173333,-121.984773696833,2,0,0
3bb5d6c4-17d0-4088-a616-11ce03dd3274,1480723269.294,66.2,37.3970983233333,-121.984777070667,2,0,0
3bb5d6c4-17d0-4088-a616-11ce03dd3274,1480723269.488,66.4,37.3970935951667,-121.984780503833,2,0,0
3bb5d6c4-17d0-4088-a616-11ce03dd3274,1480723269.692,66.6,37.3970889763333,-121.984784046833,2,0,0
3bb5d6c4-17d0-4088-a616-11ce03dd3274,1480723269.89,66.8,37.3970843748333,-121.984787558667,2,0,0
3bb5d6c4-17d0-4088-a616-11ce03dd3274,1480723270.091,67,37.3970797468333,-121.984791003833,2,0,0
3bb5d6c4-17d0-4088-a616-11ce03dd3274,1480723270.294,67.2,37.3970753573333,-121.984794783833,2,0,0
3bb5d6c4-17d0-4088-a616-11ce03dd3274,1480723270.487,67.4,37.3970711273333,-121.984798697667,2,0,0
3bb5d6c4-17d0-4088-a616-11ce03dd3274,1480723270.687,67.6,37.3970669751667,-121.984802490167,2,0,0
3bb5d6c4-17d0-4088-a616-11ce03dd3274,1480723270.896,67.8,37.397062625,-121.984805758833,2,0,0
3bb5d6c4-17d0-4088-a616-11ce03dd3274,1480723271.095,68,37.3970583818333,-121.984808770667,2,0,0
3bb5d6c4-17d0-4088-a616-11ce03dd3274,1480723271.292,68.2,37.397054111,-121.984811651167,2,0,0
3bb5d6c4-17d0-4088-a616-11ce03dd3274,1480723271.495,68.4,37.3970498285,-121.984813955833,2,0,0
3bb5d6c4-17d0-4088-a616-11ce03dd3274,1480723271.696,68.6,37.3970457496667,-121.984815493167,2,0,0
3bb5d6c4-17d0-4088-a616-11ce03dd3274,1480723271.895,68.8,37.3970415653333,-121.9848163345,2,0,0
3bb5d6c4-17d0-4088-a616-11ce03dd3274,1480723272.093,69,37.3970375996667,-121.984816940333,2,0,0
3bb5d6c4-17d0-4088-a616-11ce03dd3274,1480723272.292,69.2,37.3970336491667,-121.9848168715,2,0,0
3bb5d6c4-17d0-4088-a616-11ce03dd3274,1480723272.488,69.4,37.3970297603333,-121.984816106,2,0,0
3bb5d6c4-17d0-4088-a616-11ce03dd3274,1480723272.692,69.6,37.3970259553333,-121.984815131333,2,0,0
3bb5d6c4-17d0-4088-a616-11ce03dd3274,1480723272.895,69.8,37.397022277,-121.984813748833,2,0,0
3bb5d6c4-17d0-4088-a616-11ce03dd3274,1480723273.091,70,37.3970189221667,-121.984811828667,2,0,0
3bb5d6c4-17d0-4088-a616-11ce03dd3274,1480723273.293,70.2,37.3970157748333,-121.984809614167,2,0,0
3bb5d6c4-17d0-4088-a616-11ce03dd3274,1480723273.497,70.4,37.3970128045,-121.984807044,2,0,0
3bb5d6c4-17d0-4088-a616-11ce03dd3274,1480723273.687,70.6,37.3970100806667,-121.984804204,2,0,0
3bb5d6c4-17d0-4088-a616-11ce03dd3274,1480723273.89,70.8,37.3970075298333,-121.984801065833,2,0,0
3bb5d6c4-17d0-4088-a616-11ce03dd3274,1480723274.087,71,37.3970053256667,-121.984797731833,2,0,0
3bb5d6c4-17d0-4088-a616-11ce03dd3274,1480723274.293,71.2,37.397003333,-121.984794123,2,0,0
3bb5d6c4-17d0-4088-a616-11ce03dd3274,1480723274.496,71.4,37.3970016383333,-121.984790336333,2,0,0
3bb5d6c4-17d0-4088-a616-11ce03dd3274,1480723274.688,71.6,37.3970002165,-121.984786379333,2,0,0
3bb5d6c4-17d0-4088-a616-11ce03dd3274,1480723274.89,71.8,37.3969990875,-121.984782257167,2,0,0
3bb5d6c4-17d0-4088-a616-11ce03dd3274,1480723275.088,72,37.3969982988333,-121.9847780155,2,0,0
3bb5d6c4-17d0-4088-a616-11ce03dd3274,1480723275.291,72.2,37.3969977681667,-121.984773804333,2,0,0
3bb5d6c4-17d0-4088-a616-11ce03dd3274,1480723275.489,72.4,37.3969974815,-121.984769428167,2,0,0
3bb5d6c4-17d0-4088-a616-11ce03dd3274,1480723275.697,72.6,37.3969974335,-121.984765143833,2,0,0
3bb5d6c4-17d0-4088-a616-11ce03dd3274,1480723275.891,72.8,37.3969977576667,-121.984760770833,2,0,0
3bb5d6c4-17d0-4088-a616-11ce03dd3274,1480723276.089,73,37.3969985358333,-121.9847564915,2,0,0
3bb5d6c4-17d0-4088-a616-11ce03dd3274,1480723276.297,73.2,37.396999537,-121.984752277333,2,0,0
3bb5d6c4-17d0-4088-a616-11ce03dd3274,1480723276.488,73.4,37.3970009215,-121.984748180833,2,0,0
3bb5d6c4-17d0-4088-a616-11ce03dd3274,1480723276.691,73.6,37.3970026583333,-121.984744243,2,0,0
3bb5d6c4-17d0-4088-a616-11ce03dd3274,1480723276.887,73.8,37.3970045753333,-121.9847403705,2,0,0
3bb5d6c4-17d0-4088-a616-11ce03dd3274,1480723277.09,74,37.3970067791667,-121.98473672,2,0,0
3bb5d6c4-17d0-4088-a616-11ce03dd3274,1480723277.296,74.2,37.3970092703333,-121.984733312167,2,0,0
3bb5d6c4-17d0-4088-a616-11ce03dd3274,1480723277.487,74.4,37.397012028,-121.984730173167,2,0,0
3bb5d6c4-17d0-4088-a616-11ce03dd3274,1480723277.693,74.6,37.3970150218333,-121.984727323333,2,0,0
3bb5d6c4-17d0-4088-a616-11ce03dd3274,1480723277.887,74.8,37.3970183665,-121.984724639333,2,0,0
3bb5d6c4-17d0-4088-a616-11ce03dd3274,1480723278.09,75,37.3970218691667,-121.984722311167,2,0,0
3bb5d6c4-17d0-4088-a616-11ce03dd3274,1480723278.297,75.2,37.3970254978333,-121.984720519667,2,0,0
3bb5d6c4-17d0-4088-a616-11ce03dd3274,1480723278.488,75.4,37.3970293435,-121.984719294833,2,0,0
3bb5d6c4-17d0-4088-a616-11ce03dd3274,1480723278.69,75.6,37.3970333005,-121.984718474667,2,0,0
3bb5d6c4-17d0-4088-a616-11ce03dd3274,1480723278.892,75.8,37.3970373968333,-121.984718082,2,0,0
3bb5d6c4-17d0-4088-a616-11ce03dd3274,1480723279.096,76,37.3970414251667,-121.984718229667,2,0,0
3bb5d6c4-17d0-4088-a616-11ce03dd3274,1480723279.29,76.2,37.3970454516667,-121.984719000833,2,0,0
3bb5d6c4-17d0-4088-a616-11ce03dd3274,1480723279.496,76.4,37.3970493013333,-121.984720261333,2,0,0
3bb5d6c4-17d0-4088-a616-11ce03dd3274,1480723279.692,76.6,37.3970531858333,-121.984722069833,2,0,0
3bb5d6c4-17d0-4088-a616-11ce03dd3274,1480723279.895,76.8,37.3970570878333,-121.984724089667,2,0,0
3bb5d6c4-17d0-4088-a616-11ce03dd3274,1480723280.088,77,37.397061087,-121.9847261085,2,0,0
3bb5d6c4-17d0-4088-a616-11ce03dd3274,1480723280.291,77.2,37.3970649986667,-121.984728281833,2,0,0
3bb5d6c4-17d0-4088-a616-11ce03dd3274,1480723280.487,77.4,37.3970689238333,-121.984730647333,2,0,0
3bb5d6c4-17d0-4088-a616-11ce03dd3274,1480723280.69,77.6,37.3970729091667,-121.984732940167,2,0,0
3bb5d6c4-17d0-4088-a616-11ce03dd3274,1480723280.894,77.8,37.3970770743333,-121.9847351885,2,0,0
3bb5d6c4-17d0-4088-a616-11ce03dd3274,1480723281.089,78,37.3970813815,-121.984737452167,2,0,0
3bb5d6c4-17d0-4088-a616-11ce03dd3274,1480723281.293,78.2,37.397085873,-121.984739601333,2,0,0
3bb5d6c4-17d0-4088-a616-11ce03dd3274,1480723281.487,78.4,37.3970904923333,-121.9847415945,2,0,0
3bb5d6c4-17d0-4088-a616-11ce03dd3274,1480723281.694,78.6,37.3970952181667,-121.984743272167,2,0,0
3bb5d6c4-17d0-4088-a616-11ce03dd3274,1480723281.888,78.8,37.3970999548333,-121.984744706333,2,0,0
3bb5d6c4-17d0-4088-a616-11ce03dd3274,1480723282.096,79,37.3971047241667,-121.984745924667,2,0,0
3bb5d6c4-17d0-4088-a616-11ce03dd3274,1480723282.292,79.2,37.3971094805,-121.984746689167,2,0,0
3bb5d6c4-17d0-4088-a616-11ce03dd3274,1480723282.494,79.4,37.3971143435,-121.984746981,2,0,0
3bb5d6c4-17d0-4088-a616-11ce03dd3274,1480723282.689,79.6,37.3971191266667,-121.984746940167,2,0,0
3bb5d6c4-17d0-4088-a616-11ce03dd3274,1480723282.894,79.8,37.397123854,-121.984746566,2,0,0
3bb5d6c4-17d0-4088-a616-11ce03dd3274,1480723283.093,80,37.3971285366667,-121.984745721,2,0,0
3bb5d6c4-17d0-4088-a616-11ce03dd3274,1480723283.288,80.2,37.3971331258333,-121.984744444167,2,0,0
3bb5d6c4-17d0-4088-a616-11ce03dd3274,1480723283.493,80.4,37.397137702,-121.9847427845,2,0,0
3bb5d6c4-17d0-4088-a616-11ce03dd3274,1480723283.694,80.6,37.397142086,-121.984740697167,2,0,0
3bb5d6c4-17d0-4088-a616-11ce03dd3274,1480723283.888,80.8,37.3971463786667,-121.9847381365,2,0,0
3bb5d6c4-17d0-4088-a616-11ce03dd3274,1480723284.087,81,37.3971504675,-121.9847352065,2,0,0
3bb5d6c4-17d0-4088-a616-11ce03dd3274,1480723284.293,81.2,37.3971544736667,-121.9847318985,2,0,0
3bb5d6c4-17d0-4088-a616-11ce03dd3274,1480723284.494,81.4,37.3971582698333,-121.984728138,2,0,0
3bb5d6c4-17d0-4088-a616-11ce03dd3274,1480723284.695,81.6,37.397161862,-121.9847238235,2,0,0
3bb5d6c4-17d0-4088-a616-11ce03dd3274,1480723284.891,81.8,37.3971652653333,-121.984719061667,2,0,0
3bb5d6c4-17d0-4088-a616-11ce03dd3274,1480723285.086,82,37.3971685338333,-121.984714108167,2,0,0
3bb5d6c4-17d0-4088-a616-11ce03dd3274,1480723285.294,82.2,37.3971713501667,-121.98470869,2,0,0
3bb5d6c4-17d0-4088-a616-11ce03dd3274,1480723285.496,82.4,37.3971737515,-121.9847028845,2,0,0
3bb5d6c4-17d0-4088-a616-11ce03dd3274,1480723285.694,82.6,37.3971757518333,-121.984696941,2,0,0
3bb5d6c4-17d0-4088-a616-11ce03dd3274,1480723285.887,82.8,37.3971777195,-121.984690717167,2,0,0
3bb5d6c4-17d0-4088-a616-11ce03dd3274,1480723286.088,83,37.3971793906667,-121.984684167333,2,0,0
3bb5d6c4-17d0-4088-a616-11ce03dd3274,1480723286.291,83.2,37.3971805886667,-121.9846774945,2,0,0
3bb5d6c4-17d0-4088-a616-11ce03dd3274,1480723286.492,83.4,37.3971814723333,-121.984670722167,2,0,0
3bb5d6c4-17d0-4088-a616-11ce03dd3274,1480723286.694,83.6,37.3971822698333,-121.9846637725,2,0,0
3bb5d6c4-17d0-4088-a616-11ce03dd3274,1480723286.887,83.8,37.397182819,-121.984656683,2,0,0
3bb5d6c4-17d0-4088-a616-11ce03dd3274,1480723287.087,84,37.3971831308333,-121.984649596167,2,0,0
3bb5d6c4-17d0-4088-a616-11ce03dd3274,1480723287.291,84.2,37.3971833695,-121.984642454,2,0,0
3bb5d6c4-17d0-4088-a616-11ce03dd3274,1480723287.496,84.4,37.3971835088333,-121.984635352667,2,0,0
3bb5d6c4-17d0-4088-a616-11ce03dd3274,1480723287.686,84.6,37.3971834943333,-121.984628116667,2,0,0
3bb5d6c4-17d0-4088-a616-11ce03dd3274,1480723287.895,84.8,37.3971833996667,-121.984620892167,2,0,0
3bb5d6c4-17d0-4088-a616-11ce03dd3274,1480723288.092,85,37.3971832865,-121.984613675167,2,0,0
3bb5d6c4-17d0-4088-a616-11ce03dd3274,1480723288.288,85.2,37.397183011,-121.984606429,2,0,0
3bb5d6c4-17d0-4088-a616-11ce03dd3274,1480723288.491,85.4,37.3971829485,-121.984599119167,2,0,0
3bb5d6c4-17d0-4088-a616-11ce03dd3274,1480723288.691,85.6,37.3971829873333,-121.984591831667,2,0,0
3bb5d6c4-17d0-4088-a616-11ce03dd3274,1480723288.894,85.8,37.3971830115,-121.984584484667,2,0,0
3bb5d6c4-17d0-4088-a616-11ce03dd3274,1480723289.096,86,37.3971830213333,-121.984577134833,2,0,0
3bb5d6c4-17d0-4088-a616-11ce03dd3274,1480723289.289,86.2,37.397183088,-121.984569625,2,0,0
3bb5d6c4-17d0-4088-a616-11ce03dd3274,1480723289.491,86.4,37.3971831935,-121.984562179333,2,0,0
3bb5d6c4-17d0-4088-a616-11ce03dd3274,1480723289.694,86.6,37.3971833983333,-121.984554714667,2,0,0
3bb5d6c4-17d0-4088-a616-11ce03dd3274,1480723289.887,86.8,37.3971835501667,-121.984547230667,2,0,0
3bb5d6c4-17d0-4088-a616-11ce03dd3274,1480723290.095,87,37.3971836953333,-121.984539770833,2,0,0
3bb5d6c4-17d0-4088-a616-11ce03dd3274,1480723290.295,87.2,37.3971838416667,-121.984532288167,2,0,0
3bb5d6c4-17d0-4088-a616-11ce03dd3274,1480723290.492,87.4,37.3971840678333,-121.984524749667,2,0,0
3bb5d6c4-17d0-4088-a616-11ce03dd3274,1480723290.694,87.6,37.3971842645,-121.984517205,2,0,0
3bb5d6c4-17d0-4088-a616-11ce03dd3274,1480723290.886,87.8,37.3971844965,-121.9845096155,2,0,0
3bb5d6c4-17d0-4088-a616-11ce03dd3274,1480723291.095,88,37.3971847328333,-121.984502053833,2,0,0
3bb5d6c4-17d0-4088-a616-11ce03dd3274,1480723291.287,88.2,37.3971850121667,-121.984494546667,2,0,0
3bb5d6c4-17d0-4088-a616-11ce03dd3274,1480723291.493,88.4,37.3971852761667,-121.984487075167,2,0,0
3bb5d6c4-17d0-4088-a616-11ce03dd3274,1480723291.687,88.6,37.3971855181667,-121.984479665667,2,0,0
3bb5d6c4-17d0-4088-a616-11ce03dd3274,1480723291.889,88.8,37.3971858471667,-121.984472332,2,0,0
3bb5d6c4-17d0-4088-a616-11ce03dd3274,1480723292.086,89,37.3971861668333,-121.9844650365,2,0,0
3bb5d6c4-17d0-4088-a616-11ce03dd3274,1480723292.291,89.2,37.3971866141667,-121.984458070833,2,0,0
3bb5d6c4-17d0-4088-a616-11ce03dd3274,1480723292.49,89.4,37.3971868455,-121.984451340667,2,0,0
3bb5d6c4-17d0-4088-a616-11ce03dd3274,1480723292.694,89.6,37.3971870793333,-121.984444009167,2,0,0
3bb5d6c4-17d0-4088-a616-11ce03dd3274,1480723292.896,89.8,37.3971875553333,-121.984436812333,2,0,0
3bb5d6c4-17d0-4088-a616-11ce03dd3274,1480723293.093,90,37.3971879713333,-121.9844300775,2,0,0
3bb5d6c4-17d0-4088-a616-11ce03dd3274,1480723293.29,90.2,37.3971881565,-121.984423133667,2,0,0
3bb5d6c4-17d0-4088-a616-11ce03dd3274,1480723293.486,90.4,37.3971882263333,-121.984416470833,2,0,0
3bb5d6c4-17d0-4088-a616-11ce03dd3274,1480723293.686,90.6,37.3971885945,-121.984409416667,2,0,0
3bb5d6c4-17d0-4088-a616-11ce03dd3274,1480723293.892,90.8,37.3971889215,-121.9844019545,2,0,0
3bb5d6c4-17d0-4088-a616-11ce03dd3274,1480723294.095,91,37.3971891536667,-121.984394578833,2,0,0
3bb5d6c4-17d0-4088-a616-11ce03dd3274,1480723294.294,91.2,37.3971894455,-121.9843869975,2,0,0
3bb5d6c4-17d0-4088-a616-11ce03dd3274,1480723294.494,91.4,37.3971897036667,-121.984379239167,2,0,0
3bb5d6c4-17d0-4088-a616-11ce03dd3274,1480723294.687,91.6,37.3971898958333,-121.984371337,2,0,0
3bb5d6c4-17d0-4088-a616-11ce03dd3274,1480723294.893,91.8,37.397190038,-121.984363348,2,0,0
3bb5d6c4-17d0-4088-a616-11ce03dd3274,1480723295.09,92,37.3971902523333,-121.984355342667,2,0,0
3bb5d6c4-17d0-4088-a616-11ce03dd3274,1480723295.296,92.2,37.397190422,-121.984347288,2,0,0
3bb5d6c4-17d0-4088-a616-11ce03dd3274,1480723295.486,92.4,37.3971906586667,-121.984339202167,2,0,0
3bb5d6c4-17d0-4088-a616-11ce03dd3274,1480723295.695,92.6,37.397190799,-121.984331098167,2,0,0
3bb5d6c4-17d0-4088-a616-11ce03dd3274,1480723295.896,92.8,37.3971909216667,-121.98432299,2,0,0
3bb5d6c4-17d0-4088-a616-11ce03dd3274,1480723296.093,93,37.3971910721667,-121.984314904167,2,0,0
3bb5d6c4-17d0-4088-a616-11ce03dd3274,1480723296.288,93.2,37.3971912628333,-121.9843068885,2,0,0
3bb5d6c4-17d0-4088-a616-11ce03dd3274,1480723296.492,93.4,37.3971913726667,-121.984298829833,2,0,0
3bb5d6c4-17d0-4088-a616-11ce03dd3274,1480723296.694,93.6,37.3971914881667,-121.984290815833,2,0,0
3bb5d6c4-17d0-4088-a616-11ce03dd3274,1480723296.892,93.8,37.3971916155,-121.984282796,2,0,0
3bb5d6c4-17d0-4088-a616-11ce03dd3274,1480723297.096,94,37.3971916608333,-121.984274807167,2,0,0
3bb5d6c4-17d0-4088-a616-11ce03dd3274,1480723297.291,94.2,37.3971918786667,-121.984267213167,2,0,0
3bb5d6c4-17d0-4088-a616-11ce03dd3274,1480723297.49,94.4,37.3971918666667,-121.984259309333,2,0,0
3bb5d6c4-17d0-4088-a616-11ce03dd3274,1480723297.687,94.6,37.3971918703333,-121.984250951833,2,0,0
3bb5d6c4-17d0-4088-a616-11ce03dd3274,1480723297.896,94.8,37.3971919843333,-121.984243024667,2,0,0
3bb5d6c4-17d0-4088-a616-11ce03dd3274,1480723298.086,95,37.3971920516667,-121.984235204333,2,0,0
3bb5d6c4-17d0-4088-a616-11ce03dd3274,1480723298.293,95.2,37.3971919103333,-121.984227733,2,0,0
3bb5d6c4-17d0-4088-a616-11ce03dd3274,1480723298.494,95.4,37.3971919723333,-121.984219981667,2,0,0
3bb5d6c4-17d0-4088-a616-11ce03dd3274,1480723298.689,95.6,37.397192014,-121.984211795,2,0,0
3bb5d6c4-17d0-4088-a616-11ce03dd3274,1480723298.887,95.8,37.3971919165,-121.984203885667,2,0,0
3bb5d6c4-17d0-4088-a616-11ce03dd3274,1480723299.096,96,37.397191877,-121.984196046,2,0,0
3bb5d6c4-17d0-4088-a616-11ce03dd3274,1480723299.286,96.2,37.3971918403333,-121.984188076,2,0,0
3bb5d6c4-17d0-4088-a616-11ce03dd3274,1480723299.49,96.4,37.397191799,-121.9841801615,2,0,0
3bb5d6c4-17d0-4088-a616-11ce03dd3274,1480723299.694,96.6,37.397191685,-121.9841723045,2,0,0
3bb5d6c4-17d0-4088-a616-11ce03dd3274,1480723299.896,96.8,37.3971916043333,-121.9841644,2,0,0
3bb5d6c4-17d0-4088-a616-11ce03dd3274,1480723300.092,97,37.3971914666667,-121.9841565595,2,0,0
3bb5d6c4-17d0-4088-a616-11ce03dd3274,1480723300.289,97.2,37.3971913958333,-121.984148705667,2,0,0
3bb5d6c4-17d0-4088-a616-11ce03dd3274,1480723300.49,97.4,37.3971912978333,-121.984140871333,2,0,0
3bb5d6c4-17d0-4088-a616-11ce03dd3274,1480723300.686,97.6,37.3971911458333,-121.984133075,2,0,0
3bb5d6c4-17d0-4088-a616-11ce03dd3274,1480723300.886,97.8,37.3971909638333,-121.984125330333,2,0,0
3bb5d6c4-17d0-4088-a616-11ce03dd3274,1480723301.093,98,37.3971908556667,-121.9841175095,2,0,0
3bb5d6c4-17d0-4088-a616-11ce03dd3274,1480723301.291,98.2,37.3971906701667,-121.984109723,2,0,0
3bb5d6c4-17d0-4088-a616-11ce03dd3274,1480723301.496,98.4,37.3971905586667,-121.984101877667,2,0,0
3bb5d6c4-17d0-4088-a616-11ce03dd3274,1480723301.689,98.6,37.3971905406667,-121.984094028167,2,0,0
3bb5d6c4-17d0-4088-a616-11ce03dd3274,1480723301.891,98.8,37.3971903831667,-121.984086301833,2,0,0
3bb5d6c4-17d0-4088-a616-11ce03dd3274,1480723302.087,99,37.3971901946667,-121.984078501167,2,0,0
3bb5d6c4-17d0-4088-a616-11ce03dd3274,1480723302.288,99.2,37.3971899998333,-121.984070782333,2,0,0
3bb5d6c4-17d0-4088-a616-11ce03dd3274,1480723302.488,99.4,37.3971897868333,-121.984063142167,2,0,0
3bb5d6c4-17d0-4088-a616-11ce03dd3274,1480723302.697,99.6,37.3971896386667,-121.984055504333,2,0,0
3bb5d6c4-17d0-4088-a616-11ce03dd3274,1480723302.891,99.8,37.3971894255,-121.984047848333,2,0,0
3bb5d6c4-17d0-4088-a616-11ce03dd3274,1480723303.089,100,37.3971891965,-121.984040168333,2,0,0
3bb5d6c4-17d0-4088-a616-11ce03dd3274,1480723303.293,100.2,37.3971890085,-121.984032486333,2,0,0
3bb5d6c4-17d0-4088-a616-11ce03dd3274,1480723303.487,100.4,37.3971888296667,-121.984024817,2,0,0
3bb5d6c4-17d0-4088-a616-11ce03dd3274,1480723303.686,100.6,37.3971885531667,-121.9840172355,2,0,0
3bb5d6c4-17d0-4088-a616-11ce03dd3274,1480723303.894,100.8,37.3971883033333,-121.984009628,2,0,0
3bb5d6c4-17d0-4088-a616-11ce03dd3274,1480723304.094,101,37.397188076,-121.984002073,2,0,0
3bb5d6c4-17d0-4088-a616-11ce03dd3274,1480723304.288,101.2,37.3971877556667,-121.9839944845,2,0,0
3bb5d6c4-17d0-4088-a616-11ce03dd3274,1480723304.49,101.4,37.3971875048333,-121.983986808,2,0,0
3bb5d6c4-17d0-4088-a616-11ce03dd3274,1480723304.692,101.6,37.3971872235,-121.983979203833,2,0,0
3bb5d6c4-17d0-4088-a616-11ce03dd3274,1480723304.895,101.8,37.3971868563333,-121.983971672667,2,0,0
3bb5d6c4-17d0-4088-a616-11ce03dd3274,1480723305.091,102,37.3971865601667,-121.983964077667,2,0,0
3bb5d6c4-17d0-4088-a616-11ce03dd3274,1480723305.292,102.2,37.3971862455,-121.9839564735,2,0,0
3bb5d6c4-17d0-4088-a616-11ce03dd3274,1480723305.492,102.4,37.3971860668333,-121.983948828167,2,0,0
3bb5d6c4-17d0-4088-a616-11ce03dd3274,1480723305.688,102.6,37.3971858288333,-121.9839412025,2,0,0
3bb5d6c4-17d0-4088-a616-11ce03dd3274,1480723305.888,102.8,37.3971856376667,-121.983933642,2,0,0
3bb5d6c4-17d0-4088-a616-11ce03dd3274,1480723306.096,103,37.3971855513333,-121.983925975833,2,0,0
3bb5d6c4-17d0-4088-a616-11ce03dd3274,1480723306.288,103.2,37.3971854821667,-121.983918270833,2,0,0
3bb5d6c4-17d0-4088-a616-11ce03dd3274,1480723306.489,103.4,37.3971853681667,-121.983910665833,2,0,0
3bb5d6c4-17d0-4088-a616-11ce03dd3274,1480723306.693,103.6,37.3971853155,-121.983903069333,2,0,0
3bb5d6c4-17d0-4088-a616-11ce03dd3274,1480723306.888,103.8,37.3971851926667,-121.983895494,2,0,0
3bb5d6c4-17d0-4088-a616-11ce03dd3274,1480723307.096,104,37.3971851101667,-121.9838880405,2,0,0
3bb5d6c4-17d0-4088-a616-11ce03dd3274,1480723307.289,104.2,37.3971850148333,-121.983880389667,2,0,0
3bb5d6c4-17d0-4088-a616-11ce03dd3274,1480723307.489,104.4,37.3971849366667,-121.983872817833,2,0,0
3bb5d6c4-17d0-4088-a616-11ce03dd3274,1480723307.695,104.6,37.3971848305,-121.983865220833,2,0,0
3bb5d6c4-17d0-4088-a616-11ce03dd3274,1480723307.889,104.8,37.3971846738333,-121.983857609,2,0,0
3bb5d6c4-17d0-4088-a616-11ce03dd3274,1480723308.096,105,37.3971845086667,-121.9838500885,2,0,0
3bb5d6c4-17d0-4088-a616-11ce03dd3274,1480723308.291,105.2,37.397184267,-121.983842457,2,0,0
3bb5d6c4-17d0-4088-a616-11ce03dd3274,1480723308.489,105.4,37.3971837916667,-121.983834886,2,0,0
3bb5d6c4-17d0-4088-a616-11ce03dd3274,1480723308.692,105.6,37.3971832516667,-121.983827238167,2,0,0
3bb5d6c4-17d0-4088-a616-11ce03dd3274,1480723308.896,105.8,37.3971822588333,-121.983819764667,2,0,0
3bb5d6c4-17d0-4088-a616-11ce03dd3274,1480723309.092,106,37.3971810145,-121.983812458667,2,0,0
3bb5d6c4-17d0-4088-a616-11ce03dd3274,1480723309.287,106.2,37.3971794375,-121.983805463833,2,0,0
3bb5d6c4-17d0-4088-a616-11ce03dd3274,1480723309.49,106.4,37.3971775075,-121.9837986485,2,0,0
3bb5d6c4-17d0-4088-a616-11ce03dd3274,1480723309.687,106.6,37.3971751446667,-121.983792311833,2,0,0
3bb5d6c4-17d0-4088-a616-11ce03dd3274,1480723309.888,106.8,37.397172323,-121.983786265,2,0,0
3bb5d6c4-17d0-4088-a616-11ce03dd3274,1480723310.093,107,37.3971690741667,-121.983780649,2,0,0
3bb5d6c4-17d0-4088-a616-11ce03dd3274,1480723310.293,107.2,37.3971654196667,-121.983775470833,2,0,0
3bb5d6c4-17d0-4088-a616-11ce03dd3274,1480723310.492,107.4,37.3971613658333,-121.983770734333,2,0,0
3bb5d6c4-17d0-4088-a616-11ce03dd3274,1480723310.69,107.6,37.3971569548333,-121.98376649,2,0,0
3bb5d6c4-17d0-4088-a616-11ce03dd3274,1480723310.886,107.8,37.3971522081667,-121.983762861,2,0,0
3bb5d6c4-17d0-4088-a616-11ce03dd3274,1480723311.095,108,37.3971471035,-121.983759926167,2,0,0
3bb5d6c4-17d0-4088-a616-11ce03dd3274,1480723311.291,108.2,37.397142001,-121.983757752667,2,0,0
3bb5d6c4-17d0-4088-a616-11ce03dd3274,1480723311.494,108.4,37.3971368613333,-121.9837561335,2,0,0
3bb5d6c4-17d0-4088-a616-11ce03dd3274,1480723311.694,108.6,37.3971316046667,-121.983755146833,2,0,0
3bb5d6c4-17d0-4088-a616-11ce03dd3274,1480723311.886,108.8,37.397126289,-121.983754556,2,0,0
3bb5d6c4-17d0-4088-a616-11ce03dd3274,1480723312.092,109,37.3971210941667,-121.983754603167,2,0,0
3bb5d6c4-17d0-4088-a616-11ce03dd3274,1480723312.286,109.2,37.397116088,-121.983755368167,2,0,0
3bb5d6c4-17d0-4088-a616-11ce03dd3274,1480723312.489,109.4,37.3971110056667,-121.9837563905,2,0,0
3bb5d6c4-17d0-4088-a616-11ce03dd3274,1480723312.693,109.6,37.397106122,-121.983757954333,2,0,0
3bb5d6c4-17d0-4088-a616-11ce03dd3274,1480723312.891,109.8,37.397101201,-121.9837596875,2,0,0
3bb5d6c4-17d0-4088-a616-11ce03dd3274,1480723313.095,110,37.3970966603333,-121.98376175,2,0,0
3bb5d6c4-17d0-4088-a616-11ce03dd3274,1480723313.287,110.2,37.3970921335,-121.983764259667,2,0,0
3bb5d6c4-17d0-4088-a616-11ce03dd3274,1480723313.491,110.4,37.3970878973333,-121.983767164667,2,0,0
3bb5d6c4-17d0-4088-a616-11ce03dd3274,1480723313.692,110.6,37.3970837531667,-121.9837701085,2,0,0
3bb5d6c4-17d0-4088-a616-11ce03dd3274,1480723313.888,110.8,37.3970796118333,-121.983772943667,2,0,0
3bb5d6c4-17d0-4088-a616-11ce03dd3274,1480723314.09,111,37.3970757495,-121.983775853667,2,0,0
3bb5d6c4-17d0-4088-a616-11ce03dd3274,1480723314.292,111.2,37.3970720768333,-121.983778870333,2,0,0
3bb5d6c4-17d0-4088-a616-11ce03dd3274,1480723314.489,111.4,37.3970684758333,-121.983781648667,2,0,0
3bb5d6c4-17d0-4088-a616-11ce03dd3274,1480723314.691,111.6,37.39706494,-121.983784326,2,0,0
3bb5d6c4-17d0-4088-a616-11ce03dd3274,1480723314.888,111.8,37.3970613693333,-121.983786504667,2,0,0
3bb5d6c4-17d0-4088-a616-11ce03dd3274,1480723315.092,112,37.3970578448333,-121.983788550167,2,0,0
3bb5d6c4-17d0-4088-a616-11ce03dd3274,1480723315.296,112.2,37.3970541713333,-121.983790373,2,0,0
3bb5d6c4-17d0-4088-a616-11ce03dd3274,1480723315.494,112.4,37.3970505218333,-121.983791824,2,0,0
3bb5d6c4-17d0-4088-a616-11ce03dd3274,1480723315.685,112.6,37.397046879,-121.983792903833,2,0,0
3bb5d6c4-17d0-4088-a616-11ce03dd3274,1480723315.893,112.8,37.3970430243333,-121.983793659833,2,0,0
3bb5d6c4-17d0-4088-a616-11ce03dd3274,1480723316.095,113,37.3970390208333,-121.983793670833,2,0,0
3bb5d6c4-17d0-4088-a616-11ce03dd3274,1480723316.295,113.2,37.3970349618333,-121.983793199333,2,0,0
3bb5d6c4-17d0-4088-a616-11ce03dd3274,1480723316.494,113.4,37.3970308125,-121.9837921595,2,0,0
3bb5d6c4-17d0-4088-a616-11ce03dd3274,1480723316.686,113.6,37.3970269923333,-121.983790627833,2,0,0
3bb5d6c4-17d0-4088-a616-11ce03dd3274,1480723316.889,113.8,37.3970234923333,-121.983788692333,2,0,0
3bb5d6c4-17d0-4088-a616-11ce03dd3274,1480723317.093,114,37.3970201493333,-121.983786394333,2,0,0
3bb5d6c4-17d0-4088-a616-11ce03dd3274,1480723317.286,114.2,37.3970170221667,-121.983783796,2,0,0
3bb5d6c4-17d0-4088-a616-11ce03dd3274,1480723317.494,114.4,37.3970143383333,-121.983780876833,2,0,0
3bb5d6c4-17d0-4088-a616-11ce03dd3274,1480723317.691,114.6,37.3970118311667,-121.983777662,2,0,0
3bb5d6c4-17d0-4088-a616-11ce03dd3274,1480723317.895,114.8,37.3970095641667,-121.983774206333,2,0,0
3bb5d6c4-17d0-4088-a616-11ce03dd3274,1480723318.09,115,37.397007489,-121.983770408833,2,0,0
3bb5d6c4-17d0-4088-a616-11ce03dd3274,1480723318.291,115.2,37.397005575,-121.983766260167,2,0,0
3bb5d6c4-17d0-4088-a616-11ce03dd3274,1480723318.495,115.4,37.3970039576667,-121.983761833,2,0,0
3bb5d6c4-17d0-4088-a616-11ce03dd3274,1480723318.691,115.6,37.397002801,-121.9837571725,2,0,0
3bb5d6c4-17d0-4088-a616-11ce03dd3274,1480723318.894,115.8,37.3970019468333,-121.983752385333,2,0,0
3bb5d6c4-17d0-4088-a616-11ce03dd3274,1480723319.088,116,37.3970012646667,-121.983747559167,2,0,0
3bb5d6c4-17d0-4088-a616-11ce03dd3274,1480723319.293,116.2,37.397001019,-121.983742696,2,0,0
3bb5d6c4-17d0-4088-a616-11ce03dd3274,1480723319.493,116.4,37.397001285,-121.983737727333,2,0,0
3bb5d6c4-17d0-4088-a616-11ce03dd3274,1480723319.687,116.6,37.3970019938333,-121.983732776667,2,0,0
3bb5d6c4-17d0-4088-a616-11ce03dd3274,1480723319.894,116.8,37.3970029435,-121.983727829667,2,0,0
3bb5d6c4-17d0-4088-a616-11ce03dd3274,1480723320.086,117,37.3970044138333,-121.9837229135,2,0,0
3bb5d6c4-17d0-4088-a616-11ce03dd3274,1480723320.291,117.2,37.3970064428333,-121.9837183855,2,0,0
3bb5d6c4-17d0-4088-a616-11ce03dd3274,1480723320.487,117.4,37.3970088175,-121.983713912833,2,0,0
3bb5d6c4-17d0-4088-a616-11ce03dd3274,1480723320.689,117.6,37.3970115413333,-121.983709782833,2,0,0
3bb5d6c4-17d0-4088-a616-11ce03dd3274,1480723320.895,117.8,37.3970145785,-121.983705921833,2,0,0
3bb5d6c4-17d0-4088-a616-11ce03dd3274,1480723321.085,118,37.3970179405,-121.983702554,2,0,0
3bb5d6c4-17d0-4088-a616-11ce03dd3274,1480723321.289,118.2,37.3970216883333,-121.983699707333,2,0,0
3bb5d6c4-17d0-4088-a616-11ce03dd3274,1480723321.491,118.4,37.3970255631667,-121.983697284167,2,0,0
3bb5d6c4-17d0-4088-a616-11ce03dd3274,1480723321.689,118.6,37.3970297265,-121.983695352167,2,0,0
3bb5d6c4-17d0-4088-a616-11ce03dd3274,1480723321.895,118.8,37.397034032,-121.983694063667,2,0,0
3bb5d6c4-17d0-4088-a616-11ce03dd3274,1480723322.086,119,37.39703834,-121.9836934285,2,0,0
3bb5d6c4-17d0-4088-a616-11ce03dd3274,1480723322.292,119.2,37.3970427825,-121.983693351833,2,0,0
3bb5d6c4-17d0-4088-a616-11ce03dd3274,1480723322.493,119.4,37.3970472005,-121.983693892,2,0,0
3bb5d6c4-17d0-4088-a616-11ce03dd3274,1480723322.69,119.6,37.3970518468333,-121.983694665,2,0,0
3bb5d6c4-17d0-4088-a616-11ce03dd3274,1480723322.894,119.8,37.3970566836667,-121.983695471833,2,0,0
3bb5d6c4-17d0-4088-a616-11ce03dd3274,1480723323.088,120,37.39706169,-121.9836967205,2,0,0
3bb5d6c4-17d0-4088-a616-11ce03dd3274,1480723323.29,120.2,37.3970668446667,-121.983698312167,2,0,0
3bb5d6c4-17d0-4088-a616-11ce03dd3274,1480723323.485,120.4,37.3970722175,-121.983700118333,2,0,0
3bb5d6c4-17d0-4088-a616-11ce03dd3274,1480723323.686,120.6,37.3970777623333,-121.983701930167,2,0,0
3bb5d6c4-17d0-4088-a616-11ce03dd3274,1480723323.893,120.8,37.3970834181667,-121.983704023667,2,0,0
3bb5d6c4-17d0-4088-a616-11ce03dd3274,1480723324.087,121,37.3970891746667,-121.983706325667,2,0,0
3bb5d6c4-17d0-4088-a616-11ce03dd3274,1480723324.29,121.2,37.3970950123333,-121.983708639,2,0,0
3bb5d6c4-17d0-4088-a616-11ce03dd3274,1480723324.492,121.4,37.3971009041667,-121.983711078333,2,0,0
3bb5d6c4-17d0-4088-a616-11ce03dd3274,1480723324.69,121.6,37.3971067888333,-121.983713838333,2,0,0
3bb5d6c4-17d0-4088-a616-11ce03dd3274,1480723324.892,121.8,37.3971125755,-121.9837168085,2,0,0
3bb5d6c4-17d0-4088-a616-11ce03dd3274,1480723325.09,122,37.3971183026667,-121.983719835667,2,0,0
3bb5d6c4-17d0-4088-a616-11ce03dd3274,1480723325.294,122.2,37.3971238885,-121.983723113167,2,0,0
3bb5d6c4-17d0-4088-a616-11ce03dd3274,1480723325.491,122.4,37.3971293368333,-121.9837268285,2,0,0
3bb5d6c4-17d0-4088-a616-11ce03dd3274,1480723325.691,122.6,37.3971346128333,-121.983730872833,2,0,0
3bb5d6c4-17d0-4088-a616-11ce03dd3274,1480723325.887,122.8,37.3971395573333,-121.983735137333,2,0,0
3bb5d6c4-17d0-4088-a616-11ce03dd3274,1480723326.089,123,37.3971443331667,-121.983739719167,2,0,0
3bb5d6c4-17d0-4088-a616-11ce03dd3274,1480723326.29,123.2,37.397148866,-121.983744537333,2,0,0
3bb5d6c4-17d0-4088-a616-11ce03dd3274,1480723326.491,123.4,37.3971530816667,-121.9837497745,2,0,0
3bb5d6c4-17d0-4088-a616-11ce03dd3274,1480723326.692,123.6,37.3971570971667,-121.983755198167,2,0,0
3bb5d6c4-17d0-4088-a616-11ce03dd3274,1480723326.887,123.8,37.397160899,-121.9837608335,2,0,0
3bb5d6c4-17d0-4088-a616-11ce03dd3274,1480723327.094,124,37.3971643296667,-121.983766600333,2,0,0
3bb5d6c4-17d0-4088-a616-11ce03dd3274,1480723327.294,124.2,37.3971675438333,-121.983772632,2,0,0
3bb5d6c4-17d0-4088-a616-11ce03dd3274,1480723327.486,124.4,37.3971704706667,-121.98377888,2,0,0
3bb5d6c4-17d0-4088-a616-11ce03dd3274,1480723327.686,124.6,37.3971732145,-121.9837852995,2,0,0
3bb5d6c4-17d0-4088-a616-11ce03dd3274,1480723327.889,124.8,37.3971756578333,-121.983791987167,2,0,0
3bb5d6c4-17d0-4088-a616-11ce03dd3274,1480723328.093,125,37.397177833,-121.983798852167,2,0,0
3bb5d6c4-17d0-4088-a616-11ce03dd3274,1480723328.292,125.2,37.3971797425,-121.983805937,2,0,0
3bb5d6c4-17d0-4088-a616-11ce03dd3274,1480723328.494,125.4,37.3971813433333,-121.983813216333,2,0,0
3bb5d6c4-17d0-4088-a616-11ce03dd3274,1480723328.694,125.6,37.39718261,-121.983820646333,2,0,0
3bb5d6c4-17d0-4088-a616-11ce03dd3274,1480723328.887,125.8,37.3971834883333,-121.983828336,2,0,0
3bb5d6c4-17d0-4088-a616-11ce03dd3274,1480723329.094,126,37.3971841635,-121.983836145667,2,0,0
3bb5d6c4-17d0-4088-a616-11ce03dd3274,1480723329.288,126.2,37.3971846566667,-121.983844102,2,0,0
3bb5d6c4-17d0-4088-a616-11ce03dd3274,1480723329.486,126.4,37.3971848816667,-121.983852134667,2,0,0
3bb5d6c4-17d0-4088-a616-11ce03dd3274,1480723329.69,126.6,37.3971851223333,-121.983860233833,2,0,0
3bb5d6c4-17d0-4088-a616-11ce03dd3274,1480723329.89,126.8,37.3971853291667,-121.983868388333,2,0,0
3bb5d6c4-17d0-4088-a616-11ce03dd3274,1480723330.096,127,37.3971853146667,-121.983876558333,2,0,0
3bb5d6c4-17d0-4088-a616-11ce03dd3274,1480723330.289,127.2,37.3971853446667,-121.983884747,2,0,0
3bb5d6c4-17d0-4088-a616-11ce03dd3274,1480723330.492,127.4,37.3971854516667,-121.983893040333,2,0,0
3bb5d6c4-17d0-4088-a616-11ce03dd3274,1480723330.689,127.6,37.3971854798333,-121.983901297,2,0,0
3bb5d6c4-17d0-4088-a616-11ce03dd3274,1480723330.893,127.8,37.3971854546667,-121.9839096875,2,0,0
3bb5d6c4-17d0-4088-a616-11ce03dd3274,1480723331.089,128,37.3971854713333,-121.98391802,2,0,0
3bb5d6c4-17d0-4088-a616-11ce03dd3274,1480723331.291,128.2,37.3971855275,-121.983926438333,2,0,0
3bb5d6c4-17d0-4088-a616-11ce03dd3274,1480723331.491,128.4,37.3971855483333,-121.983934866333,2,0,0
3bb5d6c4-17d0-4088-a616-11ce03dd3274,1480723331.691,128.6,37.3971855291667,-121.983943298167,2,0,0
3bb5d6c4-17d0-4088-a616-11ce03dd3274,1480723331.894,128.8,37.3971855958333,-121.983951700667,2,0,0
3bb5d6c4-17d0-4088-a616-11ce03dd3274,1480723332.088,129,37.397185633,-121.983960173167,2,0,0
3bb5d6c4-17d0-4088-a616-11ce03dd3274,1480723332.285,129.2,37.3971856516667,-121.983968682667,2,0,0
3bb5d6c4-17d0-4088-a616-11ce03dd3274,1480723332.488,129.4,37.3971856138333,-121.983977185333,2,0,0
3bb5d6c4-17d0-4088-a616-11ce03dd3274,1480723332.689,129.6,37.3971856553333,-121.983985686833,2,0,0
3bb5d6c4-17d0-4088-a616-11ce03dd3274,1480723332.895,129.8,37.3971856798333,-121.983994166667,2,0,0
3bb5d6c4-17d0-4088-a616-11ce03dd3274,1480723333.09,130,37.3971857196667,-121.984002700833,2,0,0
3bb5d6c4-17d0-4088-a616-11ce03dd3274,1480723333.294,130.2,37.3971856046667,-121.984011209667,2,0,0
3bb5d6c4-17d0-4088-a616-11ce03dd3274,1480723333.486,130.4,37.397185554,-121.984019762167,2,0,0
3bb5d6c4-17d0-4088-a616-11ce03dd3274,1480723333.694,130.6,37.397185444,-121.984028326833,2,0,0
3bb5d6c4-17d0-4088-a616-11ce03dd3274,1480723333.886,130.8,37.3971853745,-121.984036861667,2,0,0
3bb5d6c4-17d0-4088-a616-11ce03dd3274,1480723334.093,131,37.3971853055,-121.984045294833,2,0,0
3bb5d6c4-17d0-4088-a616-11ce03dd3274,1480723334.287,131.2,37.3971852528333,-121.9840535835,2,0,0
3bb5d6c4-17d0-4088-a616-11ce03dd3274,1480723334.49,131.4,37.3971852698333,-121.984061835,2,0,0
3bb5d6c4-17d0-4088-a616-11ce03dd3274,1480723334.688,131.6,37.3971852476667,-121.984070058333,2,0,0
3bb5d6c4-17d0-4088-a616-11ce03dd3274,1480723334.891,131.8,37.3971852918333,-121.984078188667,2,0,0
3bb5d6c4-17d0-4088-a616-11ce03dd3274,1480723335.087,132,37.3971852506667,-121.984086242833,2,0,0
3bb5d6c4-17d0-4088-a616-11ce03dd3274,1480723335.291,132.2,37.3971851421667,-121.984094309667,2,0,0
3bb5d6c4-17d0-4088-a616-11ce03dd3274,1480723335.495,132.4,37.3971851288333,-121.984102216333,2,0,0
3bb5d6c4-17d0-4088-a616-11ce03dd3274,1480723335.692,132.6,37.3971851046667,-121.9841101455,2,0,0
3bb5d6c4-17d0-4088-a616-11ce03dd3274,1480723335.892,132.8,37.3971848951667,-121.984117978,2,0,0
3bb5d6c4-17d0-4088-a616-11ce03dd3274,1480723336.087,133,37.397184889,-121.9841257605,2,0,0
3bb5d6c4-17d0-4088-a616-11ce03dd3274,1480723336.288,133.2,37.3971847953333,-121.984133477167,2,0,0
3bb5d6c4-17d0-4088-a616-11ce03dd3274,1480723336.487,133.4,37.3971847936667,-121.984141123333,2,0,0
3bb5d6c4-17d0-4088-a616-11ce03dd3274,1480723336.692,133.6,37.3971847138333,-121.984148689667,2,0,0
3bb5d6c4-17d0-4088-a616-11ce03dd3274,1480723336.886,133.8,37.3971846616667,-121.984156254,2,0,0
3bb5d6c4-17d0-4088-a616-11ce03dd3274,1480723337.092,134,37.3971846515,-121.984163703167,2,0,0
3bb5d6c4-17d0-4088-a616-11ce03dd3274,1480723337.286,134.2,37.3971845665,-121.9841710885,2,0,0
3bb5d6c4-17d0-4088-a616-11ce03dd3274,1480723337.49,134.4,37.3971844801667,-121.984178418667,2,0,0
3bb5d6c4-17d0-4088-a616-11ce03dd3274,1480723337.686,134.6,37.3971844645,-121.984185745667,2,0,0
3bb5d6c4-17d0-4088-a616-11ce03dd3274,1480723337.888,134.8,37.3971843815,-121.984192979,2,0,0
3bb5d6c4-17d0-4088-a616-11ce03dd3274,1480723338.089,135,37.3971842941667,-121.984200124333,2,0,0
3bb5d6c4-17d0-4088-a616-11ce03dd3274,1480723338.289,135.2,37.3971842745,-121.984207262,2,0,0
3bb5d6c4-17d0-4088-a616-11ce03dd3274,1480723338.489,135.4,37.397184271,-121.984214342333,2,0,0
3bb5d6c4-17d0-4088-a616-11ce03dd3274,1480723338.685,135.6,37.3971841925,-121.984221213333,2,0,0
3bb5d6c4-17d0-4088-a616-11ce03dd3274,1480723338.892,135.8,37.397184232,-121.984227732667,2,0,0
3bb5d6c4-17d0-4088-a616-11ce03dd3274,1480723339.087,136,37.3971841865,-121.984234816333,2,0,0
3bb5d6c4-17d0-4088-a616-11ce03dd3274,1480723339.288,136.2,37.3971840471667,-121.9842420995,2,0,0
3bb5d6c4-17d0-4088-a616-11ce03dd3274,1480723339.495,136.4,37.3971839575,-121.984248891,2,0,0
3bb5d6c4-17d0-4088-a616-11ce03dd3274,1480723339.694,136.6,37.3971840501667,-121.984255865167,2,0,0
3bb5d6c4-17d0-4088-a616-11ce03dd3274,1480723339.889,136.8,37.3971840951667,-121.9842626155,2,0,0
3bb5d6c4-17d0-4088-a616-11ce03dd3274,1480723340.087,137,37.3971839186667,-121.984269388167,2,0,0
3bb5d6c4-17d0-4088-a616-11ce03dd3274,1480723340.286,137.2,37.3971839311667,-121.984276653,2,0,0
3bb5d6c4-17d0-4088-a616-11ce03dd3274,1480723340.491,137.4,37.3971840491667,-121.984283852,2,0,0
3bb5d6c4-17d0-4088-a616-11ce03dd3274,1480723340.687,137.6,37.3971840008333,-121.984291034167,2,0,0
3bb5d6c4-17d0-4088-a616-11ce03dd3274,1480723340.894,137.8,37.3971839705,-121.984298442833,2,0,0
3bb5d6c4-17d0-4088-a616-11ce03dd3274,1480723341.09,138,37.3971839796667,-121.984305907333,2,0,0
3bb5d6c4-17d0-4088-a616-11ce03dd3274,1480723341.295,138.2,37.3971839616667,-121.984313432167,2,0,0
3bb5d6c4-17d0-4088-a616-11ce03dd3274,1480723341.487,138.4,37.3971839911667,-121.984320991667,2,0,0
3bb5d6c4-17d0-4088-a616-11ce03dd3274,1480723341.693,138.6,37.3971839938333,-121.98432857,2,0,0
3bb5d6c4-17d0-4088-a616-11ce03dd3274,1480723341.888,138.8,37.3971839626667,-121.984336183667,2,0,0
3bb5d6c4-17d0-4088-a616-11ce03dd3274,1480723342.091,139,37.3971839933333,-121.984343854333,2,0,0
3bb5d6c4-17d0-4088-a616-11ce03dd3274,1480723342.294,139.2,37.3971840003333,-121.984351512,2,0,0
3bb5d6c4-17d0-4088-a616-11ce03dd3274,1480723342.49,139.4,37.3971840266667,-121.9843592385,2,0,0
3bb5d6c4-17d0-4088-a616-11ce03dd3274,1480723342.688,139.6,37.3971840718333,-121.984366945833,2,0,0
3bb5d6c4-17d0-4088-a616-11ce03dd3274,1480723342.884,139.8,37.397184097,-121.984374640167,2,0,0
3bb5d6c4-17d0-4088-a616-11ce03dd3274,1480723343.089,140,37.3971840955,-121.984382325,2,0,0
3bb5d6c4-17d0-4088-a616-11ce03dd3274,1480723343.291,140.2,37.3971841155,-121.984390007333,2,0,0
3bb5d6c4-17d0-4088-a616-11ce03dd3274,1480723343.494,140.4,37.3971841955,-121.984397424667,2,0,0
3bb5d6c4-17d0-4088-a616-11ce03dd3274,1480723343.689,140.6,37.3971842035,-121.984404413167,2,0,0
3bb5d6c4-17d0-4088-a616-11ce03dd3274,1480723343.889,140.8,37.3971841845,-121.984410695667,2,0,0
3bb5d6c4-17d0-4088-a616-11ce03dd3274,1480723344.093,141,37.397184226,-121.9844164465,2,0,0
3bb5d6c4-17d0-4088-a616-11ce03dd3274,1480723344.288,141.2,37.3971842481667,-121.984422717333,2,0,0
3bb5d6c4-17d0-4088-a616-11ce03dd3274,1480723344.49,141.4,37.3971841216667,-121.984428727833,2,0,0
3bb5d6c4-17d0-4088-a616-11ce03dd3274,1480723344.686,141.6,37.3971841971667,-121.984433957667,2,0,0
3bb5d6c4-17d0-4088-a616-11ce03dd3274,1480723344.89,141.8,37.3971842373333,-121.984439207333,2,0,0
3bb5d6c4-17d0-4088-a616-11ce03dd3274,1480723345.093,142,37.3971841408333,-121.984444413833,2,0,0
3bb5d6c4-17d0-4088-a616-11ce03dd3274,1480723345.291,142.2,37.3971841903333,-121.984448699,2,0,0
3bb5d6c4-17d0-4088-a616-11ce03dd3274,1480723345.486,142.4,37.3971841711667,-121.984452797833,2,0,0
3bb5d6c4-17d0-4088-a616-11ce03dd3274,1480723345.694,142.6,37.3971841888333,-121.984457295333,2,0,0
3bb5d6c4-17d0-4088-a616-11ce03dd3274,1480723345.887,142.8,37.3971841865,-121.984461556833,2,0,0
3bb5d6c4-17d0-4088-a616-11ce03dd3274,1480723346.091,143,37.3971842405,-121.984465623833,2,0,0
3bb5d6c4-17d0-4088-a616-11ce03dd3274,1480723346.294,143.2,37.3971842961667,-121.984469815167,2,0,0
3bb5d6c4-17d0-4088-a616-11ce03dd3274,1480723346.487,143.4,37.3971843215,-121.9844741115,2,0,0
3bb5d6c4-17d0-4088-a616-11ce03dd3274,1480723346.693,143.6,37.3971843856667,-121.984478439333,2,0,0
3bb5d6c4-17d0-4088-a616-11ce03dd3274,1480723346.885,143.8,37.3971843981667,-121.984482800833,2,0,0
3bb5d6c4-17d0-4088-a616-11ce03dd3274,1480723347.09,144,37.3971844646667,-121.984487253833,2,0,0
3bb5d6c4-17d0-4088-a616-11ce03dd3274,1480723347.285,144.2,37.3971844998333,-121.984491760333,2,0,0
3bb5d6c4-17d0-4088-a616-11ce03dd3274,1480723347.486,144.4,37.3971844923333,-121.984496343667,2,0,0
3bb5d6c4-17d0-4088-a616-11ce03dd3274,1480723347.687,144.6,37.3971845475,-121.9845009465,2,0,0
3bb5d6c4-17d0-4088-a616-11ce03dd3274,1480723347.892,144.8,37.3971846036667,-121.984505602333,2,0,0
3bb5d6c4-17d0-4088-a616-11ce03dd3274,1480723348.089,145,37.397184622,-121.984510297333,2,0,0
3bb5d6c4-17d0-4088-a616-11ce03dd3274,1480723348.29,145.2,37.3971846403333,-121.984515018,2,0,0
3bb5d6c4-17d0-4088-a616-11ce03dd3274,1480723348.488,145.4,37.3971846001667,-121.98451971,2,0,0
3bb5d6c4-17d0-4088-a616-11ce03dd3274,1480723348.691,145.6,37.3971846336667,-121.984524468833,2,0,0
3bb5d6c4-17d0-4088-a616-11ce03dd3274,1480723348.887,145.8,37.3971846508333,-121.984529262833,2,0,0
3bb5d6c4-17d0-4088-a616-11ce03dd3274,1480723349.092,146,37.3971846748333,-121.984534076833,2,0,0
3bb5d6c4-17d0-4088-a616-11ce03dd3274,1480723349.285,146.2,37.397184764,-121.984538871833,2,0,0
3bb5d6c4-17d0-4088-a616-11ce03dd3274,1480723349.492,146.4,37.3971847828333,-121.984543742,2,0,0
3bb5d6c4-17d0-4088-a616-11ce03dd3274,1480723349.692,146.6,37.3971847551667,-121.984548573833,2,0,0
3bb5d6c4-17d0-4088-a616-11ce03dd3274,1480723349.884,146.8,37.3971847906667,-121.984553418333,2,0,0
3bb5d6c4-17d0-4088-a616-11ce03dd3274,1480723350.092,147,37.3971848335,-121.9845582825,2,0,0
3bb5d6c4-17d0-4088-a616-11ce03dd3274,1480723350.29,147.2,37.3971848568333,-121.984563253667,2,0,0
3bb5d6c4-17d0-4088-a616-11ce03dd3274,1480723350.487,147.4,37.3971848975,-121.9845681905,2,0,0
3bb5d6c4-17d0-4088-a616-11ce03dd3274,1480723350.691,147.6,37.3971848835,-121.984573120667,2,0,0
3bb5d6c4-17d0-4088-a616-11ce03dd3274,1480723350.887,147.8,37.3971848981667,-121.984578078333,2,0,0
3bb5d6c4-17d0-4088-a616-11ce03dd3274,1480723351.09,148,37.3971849445,-121.984583014833,2,0,0
3bb5d6c4-17d0-4088-a616-11ce03dd3274,1480723351.288,148.2,37.3971850078333,-121.984587923167,2,0,0
3bb5d6c4-17d0-4088-a616-11ce03dd3274,1480723351.491,148.4,37.3971850445,-121.984592906333,2,0,0
3bb5d6c4-17d0-4088-a616-11ce03dd3274,1480723351.687,148.6,37.3971850676667,-121.984597871833,2,0,0
3bb5d6c4-17d0-4088-a616-11ce03dd3274,1480723351.893,148.8,37.3971850675,-121.984602855667,2,0,0
3bb5d6c4-17d0-4088-a616-11ce03dd3274,1480723352.095,149,37.3971850698333,-121.984607989333,2,0,0
3bb5d6c4-17d0-4088-a616-11ce03dd3274,1480723352.289,149.2,37.3971851051667,-121.984613215167,2,0,0
3bb5d6c4-17d0-4088-a616-11ce03dd3274,1480723352.491,149.4,37.3971851375,-121.984618541667,2,0,0
3bb5d6c4-17d0-4088-a616-11ce03dd3274,1480723352.685,149.6,37.397185187,-121.9846240485,2,0,0
3bb5d6c4-17d0-4088-a616-11ce03dd3274,1480723352.886,149.8,37.3971852178333,-121.984629658,2,0,0
3bb5d6c4-17d0-4088-a616-11ce03dd3274,1480723353.09,150,37.3971852446667,-121.9846354095,2,0,0
3bb5d6c4-17d0-4088-a616-11ce03dd3274,1480723353.292,150.2,37.3971852568333,-121.9846411785,2,0,0
3bb5d6c4-17d0-4088-a616-11ce03dd3274,1480723353.492,150.4,37.3971851416667,-121.984647053667,2,0,0
3bb5d6c4-17d0-4088-a616-11ce03dd3274,1480723353.688,150.6,37.397184804,-121.9846529925,2,0,0
3bb5d6c4-17d0-4088-a616-11ce03dd3274,1480723353.89,150.8,37.3971843706667,-121.984658821167,2,0,0
3bb5d6c4-17d0-4088-a616-11ce03dd3274,1480723354.087,151,37.3971837515,-121.984664819333,2,0,0
3bb5d6c4-17d0-4088-a616-11ce03dd3274,1480723354.294,151.2,37.3971828705,-121.984670931833,2,0,0
3bb5d6c4-17d0-4088-a616-11ce03dd3274,1480723354.485,151.4,37.3971817381667,-121.984677025,2,0,0
3bb5d6c4-17d0-4088-a616-11ce03dd3274,1480723354.684,151.6,37.3971803536667,-121.984682969167,2,0,0
3bb5d6c4-17d0-4088-a616-11ce03dd3274,1480723354.892,151.8,37.3971788185,-121.984688831167,2,0,0
3bb5d6c4-17d0-4088-a616-11ce03dd3274,1480723355.087,152,37.3971770376667,-121.984694709167,2,0,0
3bb5d6c4-17d0-4088-a616-11ce03dd3274,1480723355.294,152.2,37.3971750106667,-121.984700531333,2,0,0
3bb5d6c4-17d0-4088-a616-11ce03dd3274,1480723355.495,152.4,37.3971726646667,-121.9847062315,2,0,0
3bb5d6c4-17d0-4088-a616-11ce03dd3274,1480723355.686,152.6,37.3971700513333,-121.984711978667,2,0,0
3bb5d6c4-17d0-4088-a616-11ce03dd3274,1480723355.89,152.8,37.3971672088333,-121.9847175525,2,0,0
3bb5d6c4-17d0-4088-a616-11ce03dd3274,1480723356.084,153,37.3971642343333,-121.984722988833,2,0,0
3bb5d6c4-17d0-4088-a616-11ce03dd3274,1480723356.286,153.2,37.3971610031667,-121.984728173167,2,0,0
3bb5d6c4-17d0-4088-a616-11ce03dd3274,1480723356.493,153.4,37.39715751,-121.98473304,2,0,0
3bb5d6c4-17d0-4088-a616-11ce03dd3274,1480723356.685,153.6,37.3971537295,-121.984737693667,2,0,0
3bb5d6c4-17d0-4088-a616-11ce03dd3274,1480723356.889,153.8,37.3971498243333,-121.984742234,2,0,0
3bb5d6c4-17d0-4088-a616-11ce03dd3274,1480723357.093,154,37.3971457981667,-121.984746629833,2,0,0
3bb5d6c4-17d0-4088-a616-11ce03dd3274,1480723357.292,154.2,37.3971415545,-121.984750799167,2,0,0
3bb5d6c4-17d0-4088-a616-11ce03dd3274,1480723357.485,154.4,37.3971371548333,-121.984754766,2,0,0
3bb5d6c4-17d0-4088-a616-11ce03dd3274,1480723357.685,154.6,37.397132657,-121.984758629167,2,0,0
3bb5d6c4-17d0-4088-a616-11ce03dd3274,1480723357.89,154.8,37.397127983,-121.984762258833,2,0,0
3bb5d6c4-17d0-4088-a616-11ce03dd3274,1480723358.095,155,37.3971233303333,-121.984765679,2,0,0
3bb5d6c4-17d0-4088-a616-11ce03dd3274,1480723358.286,155.2,37.3971186326667,-121.9847688445,2,0,0
3bb5d6c4-17d0-4088-a616-11ce03dd3274,1480723358.494,155.4,37.3971140705,-121.984771887167,2,0,0
3bb5d6c4-17d0-4088-a616-11ce03dd3274,1480723358.685,155.6,37.3971095493333,-121.984774786667,2,0,0
3bb5d6c4-17d0-4088-a616-11ce03dd3274,1480723358.89,155.8,37.3971050795,-121.984777631833,2,0,0
3bb5d6c4-17d0-4088-a616-11ce03dd3274,1480723359.086,156,37.397100679,-121.984780391,2,0,0
3bb5d6c4-17d0-4088-a616-11ce03dd3274,1480723359.29,156.2,37.3970963238333,-121.984783121667,2,0,0
3bb5d6c4-17d0-4088-a616-11ce03dd3274,1480723359.494,156.4,37.3970921495,-121.984785893,2,0,0
3bb5d6c4-17d0-4088-a616-11ce03dd3274,1480723359.689,156.6,37.3970880178333,-121.984788659667,2,0,0
3bb5d6c4-17d0-4088-a616-11ce03dd3274,1480723359.884,156.8,37.3970838561667,-121.984791331167,2,0,0
3bb5d6c4-17d0-4088-a616-11ce03dd3274,1480723360.092,157,37.39707959,-121.984793901167,2,0,0
3bb5d6c4-17d0-4088-a616-11ce03dd3274,1480723360.284,157.2,37.397075491,-121.984796749,2,0,0
3bb5d6c4-17d0-4088-a616-11ce03dd3274,1480723360.488,157.4,37.397071552,-121.984799711833,2,0,0
3bb5d6c4-17d0-4088-a616-11ce03dd3274,1480723360.686,157.6,37.3970675341667,-121.984802393333,2,0,0
3bb5d6c4-17d0-4088-a616-11ce03dd3274,1480723360.889,157.8,37.3970634756667,-121.9848049215,2,0,0
3bb5d6c4-17d0-4088-a616-11ce03dd3274,1480723361.085,158,37.3970595668333,-121.984807476333,2,0,0
3bb5d6c4-17d0-4088-a616-11ce03dd3274,1480723361.287,158.2,37.3970556801667,-121.984810076833,2,0,0
3bb5d6c4-17d0-4088-a616-11ce03dd3274,1480723361.49,158.4,37.3970517218333,-121.9848124205,2,0,0
3bb5d6c4-17d0-4088-a616-11ce03dd3274,1480723361.694,158.6,37.3970480075,-121.984814384667,2,0,0
3bb5d6c4-17d0-4088-a616-11ce03dd3274,1480723361.889,158.8,37.397044233,-121.984815932833,2,0,0
3bb5d6c4-17d0-4088-a616-11ce03dd3274,1480723362.085,159,37.397040585,-121.984816994667,2,0,0
3bb5d6c4-17d0-4088-a616-11ce03dd3274,1480723362.288,159.2,37.3970370018333,-121.9848177485,2,0,0
3bb5d6c4-17d0-4088-a616-11ce03dd3274,1480723362.485,159.4,37.3970334225,-121.984818198333,2,0,0
3bb5d6c4-17d0-4088-a616-11ce03dd3274,1480723362.685,159.6,37.39702991,-121.984817826167,2,0,0
3bb5d6c4-17d0-4088-a616-11ce03dd3274,1480723362.891,159.8,37.397026449,-121.9848171355,2,0,0
3bb5d6c4-17d0-4088-a616-11ce03dd3274,1480723363.094,160,37.3970228878333,-121.984816359833,2,0,0
3bb5d6c4-17d0-4088-a616-11ce03dd3274,1480723363.289,160.2,37.3970195226667,-121.9848151335,2,0,0
3bb5d6c4-17d0-4088-a616-11ce03dd3274,1480723363.486,160.4,37.3970163461667,-121.984813372833,2,0,0
3bb5d6c4-17d0-4088-a616-11ce03dd3274,1480723363.69,160.6,37.3970131305,-121.9848113095,2,0,0
3bb5d6c4-17d0-4088-a616-11ce03dd3274,1480723363.894,160.8,37.3970099713333,-121.984808711333,2,0,0
3bb5d6c4-17d0-4088-a616-11ce03dd3274,1480723364.085,161,37.3970069295,-121.984805684,2,0,0
3bb5d6c4-17d0-4088-a616-11ce03dd3274,1480723364.29,161.2,37.397004075,-121.984802151667,2,0,0
3bb5d6c4-17d0-4088-a616-11ce03dd3274,1480723364.488,161.4,37.3970014641667,-121.984798184833,2,0,0
3bb5d6c4-17d0-4088-a616-11ce03dd3274,1480723364.694,161.6,37.3969990855,-121.9847937835,2,0,0
3bb5d6c4-17d0-4088-a616-11ce03dd3274,1480723364.887,161.8,37.3969971463333,-121.984789090167,2,0,0
3bb5d6c4-17d0-4088-a616-11ce03dd3274,1480723365.09,162,37.396995706,-121.984784240167,2,0,0
3bb5d6c4-17d0-4088-a616-11ce03dd3274,1480723365.29,162.2,37.3969946753333,-121.9847791465,2,0,0
3bb5d6c4-17d0-4088-a616-11ce03dd3274,1480723365.488,162.4,37.3969940333333,-121.984774035333,2,0,0
3bb5d6c4-17d0-4088-a616-11ce03dd3274,1480723365.694,162.6,37.3969937836667,-121.984768845333,2,0,0
3bb5d6c4-17d0-4088-a616-11ce03dd3274,1480723365.889,162.8,37.3969939936667,-121.9847636225,2,0,0
3bb5d6c4-17d0-4088-a616-11ce03dd3274,1480723366.085,163,37.396994705,-121.984758529667,2,0,0
3bb5d6c4-17d0-4088-a616-11ce03dd3274,1480723366.285,163.2,37.3969958128333,-121.984753563333,2,0,0
3bb5d6c4-17d0-4088-a616-11ce03dd3274,1480723366.489,163.4,37.3969973373333,-121.984748782167,2,0,0
3bb5d6c4-17d0-4088-a616-11ce03dd3274,1480723366.69,163.6,37.3969992675,-121.98474424,2,0,0
3bb5d6c4-17d0-4088-a616-11ce03dd3274,1480723366.893,163.8,37.397001664,-121.984739878,2,0,0
3bb5d6c4-17d0-4088-a616-11ce03dd3274,1480723367.087,164,37.397004305,-121.9847358205,2,0,0
3bb5d6c4-17d0-4088-a616-11ce03dd3274,1480723367.288,164.2,37.3970071985,-121.984731988833,2,0,0
3bb5d6c4-17d0-4088-a616-11ce03dd3274,1480723367.485,164.4,37.3970104563333,-121.984728634333,2,0,0
3bb5d6c4-17d0-4088-a616-11ce03dd3274,1480723367.685,164.6,37.3970141473333,-121.984725725667,2,0,0
3bb5d6c4-17d0-4088-a616-11ce03dd3274,1480723367.887,164.8,37.3970180333333,-121.984723041,2,0,0
3bb5d6c4-17d0-4088-a616-11ce03dd3274,1480723368.091,165,37.3970221185,-121.984720872833,2,0,0
3bb5d6c4-17d0-4088-a616-11ce03dd3274,1480723368.291,165.2,37.3970264225,-121.9847194675,2,0,0
3bb5d6c4-17d0-4088-a616-11ce03dd3274,1480723368.487,165.4,37.3970308103333,-121.984718835,2,0,0
3bb5d6c4-17d0-4088-a616-11ce03dd3274,1480723368.693,165.6,37.3970353298333,-121.984718542167,2,0,0
3bb5d6c4-17d0-4088-a616-11ce03dd3274,1480723368.885,165.8,37.397039843,-121.9847188025,2,0,0
3bb5d6c4-17d0-4088-a616-11ce03dd3274,1480723369.085,166,37.3970443226667,-121.9847198965,2,0,0
3bb5d6c4-17d0-4088-a616-11ce03dd3274,1480723369.289,166.2,37.3970486588333,-121.984721666,2,0,0
3bb5d6c4-17d0-4088-a616-11ce03dd3274,1480723369.485,166.4,37.3970531591667,-121.984723713333,2,0,0
3bb5d6c4-17d0-4088-a616-11ce03dd3274,1480723369.689,166.6,37.3970576585,-121.984725881,2,0,0
3bb5d6c4-17d0-4088-a616-11ce03dd3274,1480723369.894,166.8,37.397062061,-121.984728345,2,0,0
3bb5d6c4-17d0-4088-a616-11ce03dd3274,1480723370.092,167,37.3970663921667,-121.984730979333,2,0,0
3bb5d6c4-17d0-4088-a616-11ce03dd3274,1480723370.29,167.2,37.3970707648333,-121.984733571,2,0,0
3bb5d6c4-17d0-4088-a616-11ce03dd3274,1480723370.484,167.4,37.3970751443333,-121.984735990833,2,0,0
3bb5d6c4-17d0-4088-a616-11ce03dd3274,1480723370.689,167.6,37.3970795623333,-121.984738337,2,0,0
3bb5d6c4-17d0-4088-a616-11ce03dd3274,1480723370.884,167.8,37.3970839825,-121.9847405555,2,0,0
3bb5d6c4-17d0-4088-a616-11ce03dd3274,1480723371.089,168,37.3970884385,-121.984742597667,2,0,0
3bb5d6c4-17d0-4088-a616-11ce03dd3274,1480723371.291,168.2,37.397092917,-121.984744464667,2,0,0
3bb5d6c4-17d0-4088-a616-11ce03dd3274,1480723371.484,168.4,37.3970977678333,-121.984746064333,2,0,0
3bb5d6c4-17d0-4088-a616-11ce03dd3274,1480723371.685,168.6,37.3971028471667,-121.984747525333,2,0,0
3bb5d6c4-17d0-4088-a616-11ce03dd3274,1480723371.888,168.8,37.397108166,-121.9847485895,2,0,0
3bb5d6c4-17d0-4088-a616-11ce03dd3274,1480723372.093,169,37.3971135978333,-121.9847490465,2,0,0
3bb5d6c4-17d0-4088-a616-11ce03dd3274,1480723372.291,169.2,37.3971189615,-121.984748950833,2,0,0
3bb5d6c4-17d0-4088-a616-11ce03dd3274,1480723372.488,169.4,37.3971242598333,-121.984748544667,2,0,0
3bb5d6c4-17d0-4088-a616-11ce03dd3274,1480723372.69,169.6,37.3971294975,-121.984747648,2,0,0
3bb5d6c4-17d0-4088-a616-11ce03dd3274,1480723372.883,169.8,37.3971346216667,-121.984746208333,2,0,0
3bb5d6c4-17d0-4088-a616-11ce03dd3274,1480723373.089,170,37.3971395965,-121.984744207167,2,0,0
3bb5d6c4-17d0-4088-a616-11ce03dd3274,1480723373.29,170.2,37.3971444568333,-121.984741878833,2,0,0
3bb5d6c4-17d0-4088-a616-11ce03dd3274,1480723373.488,170.4,37.397149099,-121.98473915,2,0,0
3bb5d6c4-17d0-4088-a616-11ce03dd3274,1480723373.689,170.6,37.3971535275,-121.984735919333,2,0,0
3bb5d6c4-17d0-4088-a616-11ce03dd3274,1480723373.893,170.8,37.3971577161667,-121.984732308,2,0,0
3bb5d6c4-17d0-4088-a616-11ce03dd3274,1480723374.087,171,37.3971617225,-121.984728509667,2,0,0
3bb5d6c4-17d0-4088-a616-11ce03dd3274,1480723374.286,171.2,37.397165369,-121.984724125667,2,0,0
3bb5d6c4-17d0-4088-a616-11ce03dd3274,1480723374.489,171.4,37.397168888,-121.984719454667,2,0,0
3bb5d6c4-17d0-4088-a616-11ce03dd3274,1480723374.692,171.6,37.3971722245,-121.984714575333,2,0,0
3bb5d6c4-17d0-4088-a616-11ce03dd3274,1480723374.884,171.8,37.3971752206667,-121.984709341333,2,0,0
3bb5d6c4-17d0-4088-a616-11ce03dd3274,1480723375.09,172,37.3971778218333,-121.984703775167,2,0,0
3bb5d6c4-17d0-4088-a616-11ce03dd3274,1480723375.287,172.2,37.3971801641667,-121.984697948833,2,0,0
3bb5d6c4-17d0-4088-a616-11ce03dd3274,1480723375.489,172.4,37.3971823303333,-121.984691837333,2,0,0
3bb5d6c4-17d0-4088-a616-11ce03dd3274,1480723375.686,172.6,37.3971840383333,-121.984685396,2,0,0
3bb5d6c4-17d0-4088-a616-11ce03dd3274,1480723375.888,172.8,37.3971854206667,-121.984678803667,2,0,0
3bb5d6c4-17d0-4088-a616-11ce03dd3274,1480723376.088,173,37.3971865703333,-121.984672143333,2,0,0
3bb5d6c4-17d0-4088-a616-11ce03dd3274,1480723376.286,173.2,37.3971873,-121.984665308833,2,0,0
3bb5d6c4-17d0-4088-a616-11ce03dd3274,1480723376.484,173.4,37.3971879303333,-121.984658317167,2,0,0
3bb5d6c4-17d0-4088-a616-11ce03dd3274,1480723376.688,173.6,37.3971883375,-121.984651245333,2,0,0
3bb5d6c4-17d0-4088-a616-11ce03dd3274,1480723376.885,173.8,37.3971886413333,-121.984644166667,2,0,0
3bb5d6c4-17d0-4088-a616-11ce03dd3274,1480723377.09,174,37.3971887821667,-121.984636965833,2,0,0
3bb5d6c4-17d0-4088-a616-11ce03dd3274,1480723377.289,174.2,37.3971889613333,-121.984629732833,2,0,0
3bb5d6c4-17d0-4088-a616-11ce03dd3274,1480723377.486,174.4,37.39718902,-121.984622391667,2,0,0
3bb5d6c4-17d0-4088-a616-11ce03dd3274,1480723377.689,174.6,37.3971890555,-121.984614971,2,0,0
3bb5d6c4-17d0-4088-a616-11ce03dd3274,1480723377.892,174.8,37.3971890596667,-121.984607423167,2,0,0
3bb5d6c4-17d0-4088-a616-11ce03dd3274,1480723378.084,175,37.397188947,-121.984599839,2,0,0
3bb5d6c4-17d0-4088-a616-11ce03dd3274,1480723378.294,175.2,37.3971889645,-121.984592194333,2,0,0
3bb5d6c4-17d0-4088-a616-11ce03dd3274,1480723378.489,175.4,37.3971890275,-121.984584530167,2,0,0
3bb5d6c4-17d0-4088-a616-11ce03dd3274,1480723378.684,175.6,37.3971890885,-121.984576889167,2,0,0
3bb5d6c4-17d0-4088-a616-11ce03dd3274,1480723378.889,175.8,37.3971890593333,-121.984569301833,2,0,0
3bb5d6c4-17d0-4088-a616-11ce03dd3274,1480723379.085,176,37.3971891175,-121.984561870833,2,0,0
3bb5d6c4-17d0-4088-a616-11ce03dd3274,1480723379.291,176.2,37.3971892473333,-121.9845545455,2,0,0
3bb5d6c4-17d0-4088-a616-11ce03dd3274,1480723379.491,176.4,37.3971893703333,-121.984547295833,2,0,0
3bb5d6c4-17d0-4088-a616-11ce03dd3274,1480723379.688,176.6,37.3971894881667,-121.984540125333,2,0,0
3bb5d6c4-17d0-4088-a616-11ce03dd3274,1480723379.883,176.8,37.3971896458333,-121.984533075333,2,0,0
3bb5d6c4-17d0-4088-a616-11ce03dd3274,1480723380.088,177,37.3971897625,-121.984526128,2,0,0
3bb5d6c4-17d0-4088-a616-11ce03dd3274,1480723380.294,177.2,37.3971898596667,-121.984519238833,2,0,0
3bb5d6c4-17d0-4088-a616-11ce03dd3274,1480723380.491,177.4,37.3971899608333,-121.984512409333,2,0,0
3bb5d6c4-17d0-4088-a616-11ce03dd3274,1480723380.693,177.6,37.3971900451667,-121.984505586333,2,0,0
3bb5d6c4-17d0-4088-a616-11ce03dd3274,1480723380.886,177.8,37.3971901185,-121.9844988155,2,0,0
3bb5d6c4-17d0-4088-a616-11ce03dd3274,1480723381.094,178,37.3971902185,-121.9844919385,2,0,0
3bb5d6c4-17d0-4088-a616-11ce03dd3274,1480723381.285,178.2,37.3971902926667,-121.9844850575,2,0,0
3bb5d6c4-17d0-4088-a616-11ce03dd3274,1480723381.492,178.4,37.3971903026667,-121.984478176833,2,0,0
3bb5d6c4-17d0-4088-a616-11ce03dd3274,1480723381.691,178.6,37.3971903525,-121.984471278833,2,0,0
3bb5d6c4-17d0-4088-a616-11ce03dd3274,1480723381.883,178.8,37.3971904351667,-121.9844643105,2,0,0
3bb5d6c4-17d0-4088-a616-11ce03dd3274,1480723382.086,179,37.3971905745,-121.984457799833,2,0,0
3bb5d6c4-17d0-4088-a616-11ce03dd3274,1480723382.289,179.2,37.3971905763333,-121.984451094833,2,0,0
3bb5d6c4-17d0-4088-a616-11ce03dd3274,1480723382.485,179.4,37.3971906481667,-121.9844437625,2,0,0
3bb5d6c4-17d0-4088-a616-11ce03dd3274,1480723382.69,179.6,37.3971908565,-121.984436753167,2,0,0
3bb5d6c4-17d0-4088-a616-11ce03dd3274,1480723382.888,179.8,37.397190905,-121.984430040167,2,0,0
3bb5d6c4-17d0-4088-a616-11ce03dd3274,1480723383.092,180,37.397190773,-121.9844230595,2,0,0
3bb5d6c4-17d0-4088-a616-11ce03dd3274,1480723383.288,180.2,37.3971907961667,-121.984416485333,2,0,0
3bb5d6c4-17d0-4088-a616-11ce03dd3274,1480723383.485,180.4,37.3971908928333,-121.98440945,2,0,0
3bb5d6c4-17d0-4088-a616-11ce03dd3274,1480723383.686,180.6,37.3971909506667,-121.9844021685,2,0,0
3bb5d6c4-17d0-4088-a616-11ce03dd3274,1480723383.889,180.8,37.397190916,-121.9843949495,2,0,0
3bb5d6c4-17d0-4088-a616-11ce03dd3274,1480723384.091,181,37.3971909608333,-121.984387603833,2,0,0
3bb5d6c4-17d0-4088-a616-11ce03dd3274,1480723384.293,181.2,37.3971910243333,-121.984379967667,2,0,0
3bb5d6c4-17d0-4088-a616-11ce03dd3274,1480723384.489,181.4,37.3971910233333,-121.984372262167,2,0,0
3bb5d6c4-17d0-4088-a616-11ce03dd3274,1480723384.686,181.6,37.39719103,-121.9843645155,2,0,0
3bb5d6c4-17d0-4088-a616-11ce03dd3274,1480723384.894,181.8,37.3971911078333,-121.984356709167,2,0,0
3bb5d6c4-17d0-4088-a616-11ce03dd3274,1480723385.086,182,37.3971911641667,-121.984348915667,2,0,0
3bb5d6c4-17d0-4088-a616-11ce03dd3274,1480723385.293,182.2,37.3971912285,-121.984341106,2,0,0
3bb5d6c4-17d0-4088-a616-11ce03dd3274,1480723385.484,182.4,37.3971912478333,-121.984333379167,2,0,0
3bb5d6c4-17d0-4088-a616-11ce03dd3274,1480723385.687,182.6,37.3971912978333,-121.984325657167,2,0,0
3bb5d6c4-17d0-4088-a616-11ce03dd3274,1480723385.889,182.8,37.3971913356667,-121.984317979167,2,0,0
3bb5d6c4-17d0-4088-a616-11ce03dd3274,1480723386.091,183,37.397191415,-121.9843103045,2,0,0
3bb5d6c4-17d0-4088-a616-11ce03dd3274,1480723386.288,183.2,37.3971914775,-121.984302643167,2,0,0
3bb5d6c4-17d0-4088-a616-11ce03dd3274,1480723386.494,183.4,37.3971915353333,-121.9842949365,2,0,0
3bb5d6c4-17d0-4088-a616-11ce03dd3274,1480723386.687,183.6,37.3971916001667,-121.984287254333,2,0,0
3bb5d6c4-17d0-4088-a616-11ce03dd3274,1480723386.889,183.8,37.3971916743333,-121.984279598833,2,0,0
3bb5d6c4-17d0-4088-a616-11ce03dd3274,1480723387.084,184,37.3971917921667,-121.984272127,2,0,0
3bb5d6c4-17d0-4088-a616-11ce03dd3274,1480723387.285,184.2,37.3971918845,-121.984264879667,2,0,0
3bb5d6c4-17d0-4088-a616-11ce03dd3274,1480723387.492,184.4,37.3971918706667,-121.984256906,2,0,0
3bb5d6c4-17d0-4088-a616-11ce03dd3274,1480723387.683,184.6,37.3971919761667,-121.984248965833,2,0,0
3bb5d6c4-17d0-4088-a616-11ce03dd3274,1480723387.887,184.8,37.397192165,-121.9842414555,2,0,0
3bb5d6c4-17d0-4088-a616-11ce03dd3274,1480723388.088,185,37.3971922173333,-121.984233863833,2,0,0
3bb5d6c4-17d0-4088-a616-11ce03dd3274,1480723388.287,185.2,37.3971921986667,-121.984226445167,2,0,0
3bb5d6c4-17d0-4088-a616-11ce03dd3274,1480723388.484,185.4,37.3971924456667,-121.984218500667,2,0,0
3bb5d6c4-17d0-4088-a616-11ce03dd3274,1480723388.685,185.6,37.3971925735,-121.984210476167,2,0,0
3bb5d6c4-17d0-4088-a616-11ce03dd3274,1480723388.887,185.8,37.3971926465,-121.984202604833,2,0,0
3bb5d6c4-17d0-4088-a616-11ce03dd3274,1480723389.091,186,37.397192742,-121.984194426833,2,0,0
3bb5d6c4-17d0-4088-a616-11ce03dd3274,1480723389.288,186.2,37.3971929328333,-121.984185946333,2,0,0
3bb5d6c4-17d0-4088-a616-11ce03dd3274,1480723389.486,186.4,37.3971930675,-121.984177395167,2,0,0
3bb5d6c4-17d0-4088-a616-11ce03dd3274,1480723389.686,186.6,37.3971932761667,-121.984168736333,2,0,0
3bb5d6c4-17d0-4088-a616-11ce03dd3274,1480723389.887,186.8,37.3971934633333,-121.984159971667,2,0,0
3bb5d6c4-17d0-4088-a616-11ce03dd3274,1480723390.093,187,37.3971936538333,-121.984151178167,2,0,0
3bb5d6c4-17d0-4088-a616-11ce03dd3274,1480723390.286,187.2,37.397193763,-121.984142400667,2,0,0
3bb5d6c4-17d0-4088-a616-11ce03dd3274,1480723390.493,187.4,37.3971938731667,-121.9841336395,2,0,0
3bb5d6c4-17d0-4088-a616-11ce03dd3274,1480723390.689,187.6,37.3971940788333,-121.9841248675,2,0,0
3bb5d6c4-17d0-4088-a616-11ce03dd3274,1480723390.884,187.8,37.397194198,-121.98411611,2,0,0
3bb5d6c4-17d0-4088-a616-11ce03dd3274,1480723391.089,188,37.3971943396667,-121.984107391,2,0,0
3bb5d6c4-17d0-4088-a616-11ce03dd3274,1480723391.286,188.2,37.397194497,-121.984098711833,2,0,0
3bb5d6c4-17d0-4088-a616-11ce03dd3274,1480723391.489,188.4,37.3971947581667,-121.984089927167,2,0,0
3bb5d6c4-17d0-4088-a616-11ce03dd3274,1480723391.683,188.6,37.3971949445,-121.984081325833,2,0,0
3bb5d6c4-17d0-4088-a616-11ce03dd3274,1480723391.885,188.8,37.3971950895,-121.984072726,2,0,0
3bb5d6c4-17d0-4088-a616-11ce03dd3274,1480723392.087,189,37.3971953828333,-121.984064128333,2,0,0
3bb5d6c4-17d0-4088-a616-11ce03dd3274,1480723392.284,189.2,37.3971955275,-121.984055627167,2,0,0
3bb5d6c4-17d0-4088-a616-11ce03dd3274,1480723392.487,189.4,37.3971957276667,-121.984047057667,2,0,0
3bb5d6c4-17d0-4088-a616-11ce03dd3274,1480723392.691,189.6,37.3971958971667,-121.984038505333,2,0,0
3bb5d6c4-17d0-4088-a616-11ce03dd3274,1480723392.887,189.8,37.3971961593333,-121.984029952,2,0,0
3bb5d6c4-17d0-4088-a616-11ce03dd3274,1480723393.093,190,37.3971962951667,-121.984021459333,2,0,0
3bb5d6c4-17d0-4088-a616-11ce03dd3274,1480723393.287,190.2,37.3971964311667,-121.984013078833,2,0,0
3bb5d6c4-17d0-4088-a616-11ce03dd3274,1480723393.487,190.4,37.3971966345,-121.984004717833,2,0,0
3bb5d6c4-17d0-4088-a616-11ce03dd3274,1480723393.689,190.6,37.3971968146667,-121.983996415167,2,0,0
3bb5d6c4-17d0-4088-a616-11ce03dd3274,1480723393.89,190.8,37.3971970143333,-121.983988033,2,0,0
3bb5d6c4-17d0-4088-a616-11ce03dd3274,1480723394.09,191,37.3971971251667,-121.983979715833,2,0,0
3bb5d6c4-17d0-4088-a616-11ce03dd3274,1480723394.288,191.2,37.3971972108333,-121.983971424833,2,0,0
3bb5d6c4-17d0-4088-a616-11ce03dd3274,1480723394.488,191.4,37.3971973113333,-121.983963135833,2,0,0
3bb5d6c4-17d0-4088-a616-11ce03dd3274,1480723394.683,191.6,37.3971974435,-121.983954800667,2,0,0
3bb5d6c4-17d0-4088-a616-11ce03dd3274,1480723394.892,191.8,37.397197549,-121.9839465685,2,0,0
3bb5d6c4-17d0-4088-a616-11ce03dd3274,1480723395.088,192,37.397197656,-121.9839382485,2,0,0
3bb5d6c4-17d0-4088-a616-11ce03dd3274,1480723395.291,192.2,37.3971977591667,-121.983930047833,2,0,0
3bb5d6c4-17d0-4088-a616-11ce03dd3274,1480723395.488,192.4,37.397197772,-121.983921703167,2,0,0
3bb5d6c4-17d0-4088-a616-11ce03dd3274,1480723395.689,192.6,37.3971977456667,-121.983913437167,2,0,0
3bb5d6c4-17d0-4088-a616-11ce03dd3274,1480723395.89,192.8,37.3971976913333,-121.983905269333,2,0,0
3bb5d6c4-17d0-4088-a616-11ce03dd3274,1480723396.085,193,37.3971975155,-121.983897072833,2,0,0
3bb5d6c4-17d0-4088-a616-11ce03dd3274,1480723396.286,193.2,37.3971974885,-121.983888820667,2,0,0
3bb5d6c4-17d0-4088-a616-11ce03dd3274,1480723396.494,193.4,37.3971972678333,-121.983880682667,2,0,0
3bb5d6c4-17d0-4088-a616-11ce03dd3274,1480723396.684,193.6,37.397196808,-121.983872588167,2,0,0
3bb5d6c4-17d0-4088-a616-11ce03dd3274,1480723396.888,193.8,37.3971962415,-121.983864586833,2,0,0
3bb5d6c4-17d0-4088-a616-11ce03dd3274,1480723397.084,194,37.397195552,-121.983856628,2,0,0
3bb5d6c4-17d0-4088-a616-11ce03dd3274,1480723397.286,194.2,37.397194694,-121.983848805667,2,0,0
3bb5d6c4-17d0-4088-a616-11ce03dd3274,1480723397.484,194.4,37.3971935811667,-121.9838410935,2,0,0
3bb5d6c4-17d0-4088-a616-11ce03dd3274,1480723397.686,194.6,37.3971921118333,-121.983833510667,2,0,0
3bb5d6c4-17d0-4088-a616-11ce03dd3274,1480723397.886,194.8,37.397190502,-121.983826023,2,0,0
3bb5d6c4-17d0-4088-a616-11ce03dd3274,1480723398.089,195,37.3971885835,-121.983818691167,2,0,0
3bb5d6c4-17d0-4088-a616-11ce03dd3274,1480723398.289,195.2,37.3971863141667,-121.983811609833,2,0,0
3bb5d6c4-17d0-4088-a616-11ce03dd3274,1480723398.485,195.4,37.3971838555,-121.983804669833,2,0,0
3bb5d6c4-17d0-4088-a616-11ce03dd3274,1480723398.687,195.6,37.3971809455,-121.983797972833,2,0,0
3bb5d6c4-17d0-4088-a616-11ce03dd3274,1480723398.891,195.8,37.39717774,-121.983791501,2,0,0
3bb5d6c4-17d0-4088-a616-11ce03dd3274,1480723399.089,196,37.3971742808333,-121.983785334833,2,0,0
3bb5d6c4-17d0-4088-a616-11ce03dd3274,1480723399.283,196.2,37.3971705371667,-121.983779572667,2,0,0
3bb5d6c4-17d0-4088-a616-11ce03dd3274,1480723399.491,196.4,37.3971664275,-121.983774202,2,0,0
3bb5d6c4-17d0-4088-a616-11ce03dd3274,1480723399.687,196.6,37.3971619441667,-121.983769229667,2,0,0
3bb5d6c4-17d0-4088-a616-11ce03dd3274,1480723399.886,196.8,37.3971572208333,-121.983764591333,2,0,0
3bb5d6c4-17d0-4088-a616-11ce03dd3274,1480723400.084,197,37.3971520805,-121.983760532,2,0,0
3bb5d6c4-17d0-4088-a616-11ce03dd3274,1480723400.29,197.2,37.397146665,-121.983757218333,2,0,0
3bb5d6c4-17d0-4088-a616-11ce03dd3274,1480723400.487,197.4,37.3971411196667,-121.983754459833,2,0,0
3bb5d6c4-17d0-4088-a616-11ce03dd3274,1480723400.685,197.6,37.3971353986667,-121.98375227,2,0,0
3bb5d6c4-17d0-4088-a616-11ce03dd3274,1480723400.889,197.8,37.3971295625,-121.983750894833,2,0,0
3bb5d6c4-17d0-4088-a616-11ce03dd3274,1480723401.083,198,37.3971236591667,-121.98375013,2,0,0
3bb5d6c4-17d0-4088-a616-11ce03dd3274,1480723401.285,198.2,37.3971178975,-121.983750076333,2,0,0
3bb5d6c4-17d0-4088-a616-11ce03dd3274,1480723401.487,198.4,37.3971121103333,-121.983750655167,2,0,0
3bb5d6c4-17d0-4088-a616-11ce03dd3274,1480723401.691,198.6,37.3971065275,-121.983751775833,2,0,0
3bb5d6c4-17d0-4088-a616-11ce03dd3274,1480723401.885,198.8,37.3971010045,-121.983753566167,2,0,0
3bb5d6c4-17d0-4088-a616-11ce03dd3274,1480723402.093,199,37.3970956795,-121.983755697167,2,0,0
3bb5d6c4-17d0-4088-a616-11ce03dd3274,1480723402.285,199.2,37.397090685,-121.983758360667,2,0,0
3bb5d6c4-17d0-4088-a616-11ce03dd3274,1480723402.491,199.4,37.397085819,-121.983761569167,2,0,0
3bb5d6c4-17d0-4088-a616-11ce03dd3274,1480723402.692,199.6,37.3970812345,-121.983765049333,2,0,0
3bb5d6c4-17d0-4088-a616-11ce03dd3274,1480723402.883,199.8,37.3970768151667,-121.983768490833,2,0,0
3bb5d6c4-17d0-4088-a616-11ce03dd3274,1480723403.091,200,37.3970726415,-121.983772198,2,0,0
3bb5d6c4-17d0-4088-a616-11ce03dd3274,1480723403.289,200.2,37.3970685583333,-121.983775826667,2,0,0
3bb5d6c4-17d0-4088-a616-11ce03dd3274,1480723403.487,200.4,37.3970647088333,-121.983779560667,2,0,0
3bb5d6c4-17d0-4088-a616-11ce03dd3274,1480723403.69,200.6,37.397060943,-121.9837831215,2,0,0
3bb5d6c4-17d0-4088-a616-11ce03dd3274,1480723403.891,200.8,37.3970570613333,-121.983786130667,2,0,0
3bb5d6c4-17d0-4088-a616-11ce03dd3274,1480723404.087,201,37.3970532893333,-121.983788915833,2,0,0
3bb5d6c4-17d0-4088-a616-11ce03dd3274,1480723404.289,201.2,37.3970494808333,-121.983791373167,2,0,0
3bb5d6c4-17d0-4088-a616-11ce03dd3274,1480723404.486,201.4,37.3970457315,-121.983793423833,2,0,0
3bb5d6c4-17d0-4088-a616-11ce03dd3274,1480723404.69,201.6,37.3970420188333,-121.983794728667,2,0,0
3bb5d6c4-17d0-4088-a616-11ce03dd3274,1480723404.891,201.8,37.397038288,-121.9837957275,2,0,0
3bb5d6c4-17d0-4088-a616-11ce03dd3274,1480723405.089,202,37.3970344763333,-121.983796349667,2,0,0
3bb5d6c4-17d0-4088-a616-11ce03dd3274,1480723405.289,202.2,37.3970305668333,-121.9837964185,2,0,0
3bb5d6c4-17d0-4088-a616-11ce03dd3274,1480723405.487,202.4,37.3970266196667,-121.983795916,2,0,0
3bb5d6c4-17d0-4088-a616-11ce03dd3274,1480723405.683,202.6,37.3970226455,-121.983794959,2,0,0
3bb5d6c4-17d0-4088-a616-11ce03dd3274,1480723405.887,202.8,37.3970187801667,-121.983793591333,2,0,0
3bb5d6c4-17d0-4088-a616-11ce03dd3274,1480723406.089,203,37.3970149731667,-121.983791609167,2,0,0
3bb5d6c4-17d0-4088-a616-11ce03dd3274,1480723406.285,203.2,37.3970113918333,-121.983789195833,2,0,0
3bb5d6c4-17d0-4088-a616-11ce03dd3274,1480723406.491,203.4,37.397008109,-121.9837863005,2,0,0
3bb5d6c4-17d0-4088-a616-11ce03dd3274,1480723406.688,203.6,37.3970052413333,-121.983783208833,2,0,0
3bb5d6c4-17d0-4088-a616-11ce03dd3274,1480723406.89,203.8,37.3970025455,-121.983779776167,2,0,0
3bb5d6c4-17d0-4088-a616-11ce03dd3274,1480723407.087,204,37.3970001821667,-121.983776186,2,0,0
3bb5d6c4-17d0-4088-a616-11ce03dd3274,1480723407.287,204.2,37.3969981348333,-121.983772287167,2,0,0
3bb5d6c4-17d0-4088-a616-11ce03dd3274,1480723407.484,204.4,37.3969964076667,-121.9837681295,2,0,0
3bb5d6c4-17d0-4088-a616-11ce03dd3274,1480723407.683,204.6,37.3969949975,-121.9837638675,2,0,0
3bb5d6c4-17d0-4088-a616-11ce03dd3274,1480723407.887,204.8,37.3969938903333,-121.983759351667,2,0,0
3bb5d6c4-17d0-4088-a616-11ce03dd3274,1480723408.085,205,37.3969931195,-121.98375475,2,0,0
3bb5d6c4-17d0-4088-a616-11ce03dd3274,1480723408.293,205.2,37.396992604,-121.9837499805,2,0,0
3bb5d6c4-17d0-4088-a616-11ce03dd3274,1480723408.485,205.4,37.39699237,-121.983745200167,2,0,0
3bb5d6c4-17d0-4088-a616-11ce03dd3274,1480723408.687,205.6,37.3969925896667,-121.983740376833,2,0,0
3bb5d6c4-17d0-4088-a616-11ce03dd3274,1480723408.889,205.8,37.3969932915,-121.9837355165,2,0,0
3bb5d6c4-17d0-4088-a616-11ce03dd3274,1480723409.088,206,37.3969943211667,-121.983730725667,2,0,0
3bb5d6c4-17d0-4088-a616-11ce03dd3274,1480723409.287,206.2,37.396995823,-121.983725989167,2,0,0
3bb5d6c4-17d0-4088-a616-11ce03dd3274,1480723409.493,206.4,37.3969976341667,-121.98372137,2,0,0
3bb5d6c4-17d0-4088-a616-11ce03dd3274,1480723409.684,206.6,37.3969999325,-121.983716926833,2,0,0
3bb5d6c4-17d0-4088-a616-11ce03dd3274,1480723409.889,206.8,37.3970025998333,-121.983712827167,2,0,0
3bb5d6c4-17d0-4088-a616-11ce03dd3274,1480723410.086,207,37.3970056035,-121.983709029833,2,0,0
3bb5d6c4-17d0-4088-a616-11ce03dd3274,1480723410.287,207.2,37.3970089526667,-121.983705728,2,0,0
3bb5d6c4-17d0-4088-a616-11ce03dd3274,1480723410.493,207.4,37.397012542,-121.983702632,2,0,0
3bb5d6c4-17d0-4088-a616-11ce03dd3274,1480723410.685,207.6,37.3970164086667,-121.983700149,2,0,0
3bb5d6c4-17d0-4088-a616-11ce03dd3274,1480723410.888,207.8,37.3970203816667,-121.983698251167,2,0,0
3bb5d6c4-17d0-4088-a616-11ce03dd3274,1480723411.086,208,37.3970245415,-121.983696863167,2,0,0
3bb5d6c4-17d0-4088-a616-11ce03dd3274,1480723411.29,208.2,37.3970289001667,-121.983695931,2,0,0
3bb5d6c4-17d0-4088-a616-11ce03dd3274,1480723411.485,208.4,37.3970334973333,-121.983695382,2,0,0
3bb5d6c4-17d0-4088-a616-11ce03dd3274,1480723411.688,208.6,37.3970381313333,-121.983695094,2,0,0
3bb5d6c4-17d0-4088-a616-11ce03dd3274,1480723411.89,208.8,37.397042881,-121.98369515,2,0,0
3bb5d6c4-17d0-4088-a616-11ce03dd3274,1480723412.087,209,37.3970477196667,-121.983695609167,2,0,0
3bb5d6c4-17d0-4088-a616-11ce03dd3274,1480723412.287,209.2,37.3970527906667,-121.983696189667,2,0,0
3bb5d6c4-17d0-4088-a616-11ce03dd3274,1480723412.49,209.4,37.3970580591667,-121.983696854667,2,0,0
3bb5d6c4-17d0-4088-a616-11ce03dd3274,1480723412.684,209.6,37.3970635476667,-121.983697735333,2,0,0
3bb5d6c4-17d0-4088-a616-11ce03dd3274,1480723412.885,209.8,37.3970691805,-121.983698971833,2,0,0
3bb5d6c4-17d0-4088-a616-11ce03dd3274,1480723413.084,210,37.3970749628333,-121.983700245,2,0,0
3bb5d6c4-17d0-4088-a616-11ce03dd3274,1480723413.287,210.2,37.3970809001667,-121.983701547,2,0,0
3bb5d6c4-17d0-4088-a616-11ce03dd3274,1480723413.492,210.4,37.3970868011667,-121.983703047333,2,0,0
3bb5d6c4-17d0-4088-a616-11ce03dd3274,1480723413.686,210.6,37.397092737,-121.9837047285,2,0,0
3bb5d6c4-17d0-4088-a616-11ce03dd3274,1480723413.889,210.8,37.397098613,-121.983706560833,2,0,0
3bb5d6c4-17d0-4088-a616-11ce03dd3274,1480723414.085,211,37.3971044496667,-121.983708611,2,0,0
3bb5d6c4-17d0-4088-a616-11ce03dd3274,1480723414.286,211.2,37.3971102495,-121.9837110085,2,0,0
3bb5d6c4-17d0-4088-a616-11ce03dd3274,1480723414.49,211.4,37.397115958,-121.98371359,2,0,0
3bb5d6c4-17d0-4088-a616-11ce03dd3274,1480723414.691,211.6,37.3971215475,-121.9837163495,2,0,0
3bb5d6c4-17d0-4088-a616-11ce03dd3274,1480723414.885,211.8,37.3971269935,-121.983719393667,2,0,0
3bb5d6c4-17d0-4088-a616-11ce03dd3274,1480723415.087,212,37.397132251,-121.983722837667,2,0,0
3bb5d6c4-17d0-4088-a616-11ce03dd3274,1480723415.283,212.2,37.397137326,-121.983726604333,2,0,0
3bb5d6c4-17d0-4088-a616-11ce03dd3274,1480723415.482,212.4,37.39714216,-121.983730774667,2,0,0
3bb5d6c4-17d0-4088-a616-11ce03dd3274,1480723415.686,212.6,37.3971468845,-121.983735224167,2,0,0
3bb5d6c4-17d0-4088-a616-11ce03dd3274,1480723415.882,212.8,37.3971513505,-121.9837400105,2,0,0
3bb5d6c4-17d0-4088-a616-11ce03dd3274,1480723416.083,213,37.3971555706667,-121.983745178,2,0,0
3bb5d6c4-17d0-4088-a616-11ce03dd3274,1480723416.285,213.2,37.3971595783333,-121.983750723833,2,0,0
3bb5d6c4-17d0-4088-a616-11ce03dd3274,1480723416.487,213.4,37.3971633983333,-121.983756492167,2,0,0
3bb5d6c4-17d0-4088-a616-11ce03dd3274,1480723416.69,213.6,37.3971669053333,-121.983762456,2,0,0
3bb5d6c4-17d0-4088-a616-11ce03dd3274,1480723416.888,213.8,37.397170087,-121.983768717,2,0,0
3bb5d6c4-17d0-4088-a616-11ce03dd3274,1480723417.086,214,37.397172809,-121.983775209333,2,0,0
3bb5d6c4-17d0-4088-a616-11ce03dd3274,1480723417.288,214.2,37.3971752446667,-121.983782,2,0,0
3bb5d6c4-17d0-4088-a616-11ce03dd3274,1480723417.483,214.4,37.3971773956667,-121.983788996,2,0,0
3bb5d6c4-17d0-4088-a616-11ce03dd3274,1480723417.685,214.6,37.3971791511667,-121.9837962635,2,0,0
3bb5d6c4-17d0-4088-a616-11ce03dd3274,1480723417.887,214.8,37.3971806366667,-121.983803517667,2,0,0
3bb5d6c4-17d0-4088-a616-11ce03dd3274,1480723418.084,215,37.3971818031667,-121.983811007833,2,0,0
3bb5d6c4-17d0-4088-a616-11ce03dd3274,1480723418.284,215.2,37.3971828333333,-121.983818599667,2,0,0
3bb5d6c4-17d0-4088-a616-11ce03dd3274,1480723418.485,215.4,37.3971836675,-121.983826271,2,0,0
3bb5d6c4-17d0-4088-a616-11ce03dd3274,1480723418.686,215.6,37.3971843231667,-121.983834082833,2,0,0
3bb5d6c4-17d0-4088-a616-11ce03dd3274,1480723418.892,215.8,37.3971849485,-121.9838419625,2,0,0
3bb5d6c4-17d0-4088-a616-11ce03dd3274,1480723419.09,216,37.3971852978333,-121.983849948167,2,0,0
3bb5d6c4-17d0-4088-a616-11ce03dd3274,1480723419.286,216.2,37.3971855798333,-121.983858010333,2,0,0
3bb5d6c4-17d0-4088-a616-11ce03dd3274,1480723419.485,216.4,37.3971858386667,-121.9838661955,2,0,0
3bb5d6c4-17d0-4088-a616-11ce03dd3274,1480723419.688,216.6,37.3971859123333,-121.983874372333,2,0,0
3bb5d6c4-17d0-4088-a616-11ce03dd3274,1480723419.884,216.8,37.3971859205,-121.983882535833,2,0,0
3bb5d6c4-17d0-4088-a616-11ce03dd3274,1480723420.086,217,37.3971858758333,-121.983890877,2,0,0
3bb5d6c4-17d0-4088-a616-11ce03dd3274,1480723420.288,217.2,37.3971858538333,-121.983899254833,2,0,0
3bb5d6c4-17d0-4088-a616-11ce03dd3274,1480723420.493,217.4,37.39718576,-121.983907719833,2,0,0
3bb5d6c4-17d0-4088-a616-11ce03dd3274,1480723420.687,217.6,37.397185647,-121.983916291333,2,0,0
3bb5d6c4-17d0-4088-a616-11ce03dd3274,1480723420.892,217.8,37.3971855095,-121.983924791833,2,0,0
3bb5d6c4-17d0-4088-a616-11ce03dd3274,1480723421.084,218,37.397185475,-121.9839333535,2,0,0
3bb5d6c4-17d0-4088-a616-11ce03dd3274,1480723421.29,218.2,37.3971853118333,-121.983941819167,2,0,0
3bb5d6c4-17d0-4088-a616-11ce03dd3274,1480723421.485,218.4,37.3971852285,-121.9839502285,2,0,0
3bb5d6c4-17d0-4088-a616-11ce03dd3274,1480723421.69,218.6,37.39718519,-121.983958683833,2,0,0
3bb5d6c4-17d0-4088-a616-11ce03dd3274,1480723421.885,218.8,37.3971850945,-121.9839670815,2,0,0
3bb5d6c4-17d0-4088-a616-11ce03dd3274,1480723422.088,219,37.3971849833333,-121.983975456667,2,0,0
3bb5d6c4-17d0-4088-a616-11ce03dd3274,1480723422.283,219.2,37.39718491,-121.983983765167,2,0,0
3bb5d6c4-17d0-4088-a616-11ce03dd3274,1480723422.487,219.4,37.397184815,-121.983992049333,2,0,0
3bb5d6c4-17d0-4088-a616-11ce03dd3274,1480723422.687,219.6,37.3971847008333,-121.984000287,2,0,0
3bb5d6c4-17d0-4088-a616-11ce03dd3274,1480723422.893,219.8,37.3971845565,-121.984008521833,2,0,0
3bb5d6c4-17d0-4088-a616-11ce03dd3274,1480723423.084,220,37.397184426,-121.9840166865,2,0,0
3bb5d6c4-17d0-4088-a616-11ce03dd3274,1480723423.29,220.2,37.3971842413333,-121.984024868,2,0,0
3bb5d6c4-17d0-4088-a616-11ce03dd3274,1480723423.488,220.4,37.3971840828333,-121.984032998333,2,0,0
3bb5d6c4-17d0-4088-a616-11ce03dd3274,1480723423.693,220.6,37.3971839918333,-121.984041081,2,0,0
3bb5d6c4-17d0-4088-a616-11ce03dd3274,1480723423.888,220.8,37.3971838153333,-121.984049184833,2,0,0
3bb5d6c4-17d0-4088-a616-11ce03dd3274,1480723424.086,221,37.3971837706667,-121.9840572365,2,0,0
3bb5d6c4-17d0-4088-a616-11ce03dd3274,1480723424.285,221.2,37.397183709,-121.984065267333,2,0,0
3bb5d6c4-17d0-4088-a616-11ce03dd3274,1480723424.49,221.4,37.3971837058333,-121.984073343667,2,0,0
3bb5d6c4-17d0-4088-a616-11ce03dd3274,1480723424.684,221.6,37.3971836808333,-121.984081346333,2,0,0
3bb5d6c4-17d0-4088-a616-11ce03dd3274,1480723424.89,221.8,37.397183517,-121.984089400333,2,0,0
3bb5d6c4-17d0-4088-a616-11ce03dd3274,1480723425.088,222,37.39718345,-121.98409733,2,0,0
3bb5d6c4-17d0-4088-a616-11ce03dd3274,1480723425.289,222.2,37.3971834833333,-121.9841052995,2,0,0
3bb5d6c4-17d0-4088-a616-11ce03dd3274,1480723425.492,222.4,37.3971834295,-121.984113228333,2,0,0
3bb5d6c4-17d0-4088-a616-11ce03dd3274,1480723425.686,222.6,37.3971833873333,-121.9841211305,2,0,0
3bb5d6c4-17d0-4088-a616-11ce03dd3274,1480723425.889,222.8,37.3971833781667,-121.9841289365,2,0,0
3bb5d6c4-17d0-4088-a616-11ce03dd3274,1480723426.084,223,37.3971834545,-121.984136680167,2,0,0
3bb5d6c4-17d0-4088-a616-11ce03dd3274,1480723426.286,223.2,37.3971835021667,-121.984144386167,2,0,0
3bb5d6c4-17d0-4088-a616-11ce03dd3274,1480723426.488,223.4,37.3971835211667,-121.984152004167,2,0,0
3bb5d6c4-17d0-4088-a616-11ce03dd3274,1480723426.687,223.6,37.3971835958333,-121.984159614833,2,0,0
3bb5d6c4-17d0-4088-a616-11ce03dd3274,1480723426.887,223.8,37.3971836715,-121.984167122167,2,0,0
3bb5d6c4-17d0-4088-a616-11ce03dd3274,1480723427.085,224,37.39718374,-121.984174553833,2,0,0
3bb5d6c4-17d0-4088-a616-11ce03dd3274,1480723427.291,224.2,37.397183816,-121.98418196,2,0,0
3bb5d6c4-17d0-4088-a616-11ce03dd3274,1480723427.486,224.4,37.3971839126667,-121.984189277167,2,0,0
3bb5d6c4-17d0-4088-a616-11ce03dd3274,1480723427.689,224.6,37.3971839655,-121.9841965235,2,0,0
3bb5d6c4-17d0-4088-a616-11ce03dd3274,1480723427.887,224.8,37.397184045,-121.984203737833,2,0,0
3bb5d6c4-17d0-4088-a616-11ce03dd3274,1480723428.088,225,37.3971841145,-121.984210915667,2,0,0
3bb5d6c4-17d0-4088-a616-11ce03dd3274,1480723428.284,225.2,37.3971841508333,-121.9842180385,2,0,0
3bb5d6c4-17d0-4088-a616-11ce03dd3274,1480723428.489,225.4,37.397184225,-121.9842246515,2,0,0
3bb5d6c4-17d0-4088-a616-11ce03dd3274,1480723428.689,225.6,37.3971843315,-121.9842314145,2,0,0
3bb5d6c4-17d0-4088-a616-11ce03dd3274,1480723428.886,225.8,37.3971842595,-121.984238716833,2,0,0
3bb5d6c4-17d0-4088-a616-11ce03dd3274,1480723429.089,226,37.397184227,-121.9842457605,2,0,0
3bb5d6c4-17d0-4088-a616-11ce03dd3274,1480723429.293,226.2,37.3971842831667,-121.9842524225,2,0,0
3bb5d6c4-17d0-4088-a616-11ce03dd3274,1480723429.491,226.4,37.3971844373333,-121.9842593185,2,0,0
3bb5d6c4-17d0-4088-a616-11ce03dd3274,1480723429.69,226.6,37.3971843378333,-121.984265843667,2,0,0
3bb5d6c4-17d0-4088-a616-11ce03dd3274,1480723429.888,226.8,37.3971843283333,-121.984272913667,2,0,0
3bb5d6c4-17d0-4088-a616-11ce03dd3274,1480723430.084,227,37.3971844358333,-121.9842802305,2,0,0
3bb5d6c4-17d0-4088-a616-11ce03dd3274,1480723430.286,227.2,37.3971844923333,-121.984287468167,2,0,0
3bb5d6c4-17d0-4088-a616-11ce03dd3274,1480723430.49,227.4,37.3971844378333,-121.9842949125,2,0,0
3bb5d6c4-17d0-4088-a616-11ce03dd3274,1480723430.683,227.6,37.3971844396667,-121.984302537,2,0,0
3bb5d6c4-17d0-4088-a616-11ce03dd3274,1480723430.892,227.8,37.3971844551667,-121.984310189,2,0,0
3bb5d6c4-17d0-4088-a616-11ce03dd3274,1480723431.085,228,37.3971844518333,-121.984317987,2,0,0
3bb5d6c4-17d0-4088-a616-11ce03dd3274,1480723431.29,228.2,37.3971844538333,-121.984325882333,2,0,0
3bb5d6c4-17d0-4088-a616-11ce03dd3274,1480723431.484,228.4,37.3971844426667,-121.984333828833,2,0,0
3bb5d6c4-17d0-4088-a616-11ce03dd3274,1480723431.688,228.6,37.3971844356667,-121.984341875333,2,0,0
3bb5d6c4-17d0-4088-a616-11ce03dd3274,1480723431.891,228.8,37.397184405,-121.984349994,2,0,0
3bb5d6c4-17d0-4088-a616-11ce03dd3274,1480723432.084,229,37.3971843483333,-121.984358189667,2,0,0
3bb5d6c4-17d0-4088-a616-11ce03dd3274,1480723432.29,229.2,37.3971843138333,-121.984366440167,2,0,0
3bb5d6c4-17d0-4088-a616-11ce03dd3274,1480723432.491,229.4,37.3971843388333,-121.984374681667,2,0,0
3bb5d6c4-17d0-4088-a616-11ce03dd3274,1480723432.692,229.6,37.3971843148333,-121.984382887,2,0,0
3bb5d6c4-17d0-4088-a616-11ce03dd3274,1480723432.883,229.8,37.3971843,-121.984391068333,2,0,0
3bb5d6c4-17d0-4088-a616-11ce03dd3274,1480723433.089,230,37.3971843445,-121.984399266833,2,0,0
3bb5d6c4-17d0-4088-a616-11ce03dd3274,1480723433.286,230.2,37.3971843036667,-121.984407428667,2,0,0
3bb5d6c4-17d0-4088-a616-11ce03dd3274,1480723433.482,230.4,37.3971842906667,-121.9844151925,2,0,0
3bb5d6c4-17d0-4088-a616-11ce03dd3274,1480723433.686,230.6,37.3971842491667,-121.984423359833,2,0,0
3bb5d6c4-17d0-4088-a616-11ce03dd3274,1480723433.888,230.8,37.3971841345,-121.984431820167,2,0,0
3bb5d6c4-17d0-4088-a616-11ce03dd3274,1480723434.082,231,37.3971840666667,-121.984439918167,2,0,0
3bb5d6c4-17d0-4088-a616-11ce03dd3274,1480723434.291,231.2,37.3971840395,-121.984447953667,2,0,0
3bb5d6c4-17d0-4088-a616-11ce03dd3274,1480723434.487,231.4,37.3971839225,-121.9844556525,2,0,0
3bb5d6c4-17d0-4088-a616-11ce03dd3274,1480723434.685,231.6,37.397183822,-121.984463888667,2,0,0
3bb5d6c4-17d0-4088-a616-11ce03dd3274,1480723434.89,231.8,37.3971837836667,-121.9844723585,2,0,0
3bb5d6c4-17d0-4088-a616-11ce03dd3274,1480723435.087,232,37.3971837621667,-121.9844806405,2,0,0
3bb5d6c4-17d0-4088-a616-11ce03dd3274,1480723435.29,232.2,37.397183692,-121.984489124167,2,0,0
3bb5d6c4-17d0-4088-a616-11ce03dd3274,1480723435.492,232.4,37.3971835686667,-121.984497753,2,0,0
3bb5d6c4-17d0-4088-a616-11ce03dd3274,1480723435.686,232.6,37.3971835813333,-121.984506423,2,0,0
3bb5d6c4-17d0-4088-a616-11ce03dd3274,1480723435.889,232.8,37.3971835926667,-121.9845151635,2,0,0
3bb5d6c4-17d0-4088-a616-11ce03dd3274,1480723436.085,233,37.3971834818333,-121.9845239865,2,0,0
3bb5d6c4-17d0-4088-a616-11ce03dd3274,1480723436.288,233.2,37.3971834228333,-121.984532740667,2,0,0
3bb5d6c4-17d0-4088-a616-11ce03dd3274,1480723436.487,233.4,37.3971834318333,-121.984541531167,2,0,0
3bb5d6c4-17d0-4088-a616-11ce03dd3274,1480723436.692,233.6,37.3971834343333,-121.984550310167,2,0,0
3bb5d6c4-17d0-4088-a616-11ce03dd3274,1480723436.884,233.8,37.3971833933333,-121.984559048667,2,0,0
3bb5d6c4-17d0-4088-a616-11ce03dd3274,1480723437.091,234,37.397183462,-121.984567839667,2,0,0
3bb5d6c4-17d0-4088-a616-11ce03dd3274,1480723437.288,234.2,37.3971834663333,-121.984576616,2,0,0
3bb5d6c4-17d0-4088-a616-11ce03dd3274,1480723437.485,234.4,37.3971834458333,-121.984585361,2,0,0
3bb5d6c4-17d0-4088-a616-11ce03dd3274,1480723437.688,234.6,37.3971834853333,-121.984594095833,2,0,0
3bb5d6c4-17d0-4088-a616-11ce03dd3274,1480723437.889,234.8,37.3971834995,-121.9846028495,2,0,0
3bb5d6c4-17d0-4088-a616-11ce03dd3274,1480723438.091,235,37.3971834813333,-121.984611558833,2,0,0
3bb5d6c4-17d0-4088-a616-11ce03dd3274,1480723438.283,235.2,37.3971835006667,-121.984620242333,2,0,0
3bb5d6c4-17d0-4088-a616-11ce03dd3274,1480723438.49,235.4,37.397183418,-121.984628887333,2,0,0
3bb5d6c4-17d0-4088-a616-11ce03dd3274,1480723438.689,235.6,37.3971831728333,-121.984637511667,2,0,0
3bb5d6c4-17d0-4088-a616-11ce03dd3274,1480723438.887,235.8,37.3971827505,-121.984646014667,2,0,0
3bb5d6c4-17d0-4088-a616-11ce03dd3274,1480723439.091,236,37.3971821501667,-121.984654522833,2,0,0
3bb5d6c4-17d0-4088-a616-11ce03dd3274,1480723439.288,236.2,37.3971813848333,-121.984662929,2,0,0
3bb5d6c4-17d0-4088-a616-11ce03dd3274,1480723439.492,236.4,37.397180309,-121.984671269333,2,0,0
3bb5d6c4-17d0-4088-a616-11ce03dd3274,1480723439.686,236.6,37.3971788968333,-121.984679450333,2,0,0
3bb5d6c4-17d0-4088-a616-11ce03dd3274,1480723439.883,236.8,37.3971770223333,-121.9846872005,2,0,0
3bb5d6c4-17d0-4088-a616-11ce03dd3274,1480723440.09,237,37.3971748603333,-121.984694618667,2,0,0
3bb5d6c4-17d0-4088-a616-11ce03dd3274,1480723440.286,237.2,37.3971722033333,-121.984701793167,2,0,0
3bb5d6c4-17d0-4088-a616-11ce03dd3274,1480723440.487,237.4,37.3971691276667,-121.9847088365,2,0,0
3bb5d6c4-17d0-4088-a616-11ce03dd3274,1480723440.686,237.6,37.3971656633333,-121.984715562333,2,0,0
3bb5d6c4-17d0-4088-a616-11ce03dd3274,1480723440.884,237.8,37.3971620246667,-121.984721988667,2,0,0
3bb5d6c4-17d0-4088-a616-11ce03dd3274,1480723441.086,238,37.3971581216667,-121.984727963333,2,0,0
3bb5d6c4-17d0-4088-a616-11ce03dd3274,1480723441.284,238.2,37.3971538803333,-121.984733508167,2,0,0
3bb5d6c4-17d0-4088-a616-11ce03dd3274,1480723441.489,238.4,37.3971494085,-121.984738755833,2,0,0
3bb5d6c4-17d0-4088-a616-11ce03dd3274,1480723441.69,238.6,37.3971447665,-121.984743803333,2,0,0
3bb5d6c4-17d0-4088-a616-11ce03dd3274,1480723441.883,238.8,37.3971399075,-121.9847486475,2,0,0
3bb5d6c4-17d0-4088-a616-11ce03dd3274,1480723442.084,239,37.3971350245,-121.984753387167,2,0,0
3bb5d6c4-17d0-4088-a616-11ce03dd3274,1480723442.29,239.2,37.3971300028333,-121.984757834833,2,0,0
3bb5d6c4-17d0-4088-a616-11ce03dd3274,1480723442.491,239.4,37.397124932,-121.984761966333,2,0,0
3bb5d6c4-17d0-4088-a616-11ce03dd3274,1480723442.691,239.6,37.397119862,-121.984765904333,2,0,0
3bb5d6c4-17d0-4088-a616-11ce03dd3274,1480723442.888,239.8,37.3971148353333,-121.9847696375,2,0,0
3bb5d6c4-17d0-4088-a616-11ce03dd3274,1480723443.091,240,37.3971098056667,-121.9847732365,2,0,0
3bb5d6c4-17d0-4088-a616-11ce03dd3274,1480723443.283,240.2,37.3971049075,-121.984776696833,2,0,0
3bb5d6c4-17d0-4088-a616-11ce03dd3274,1480723443.487,240.4,37.3971000021667,-121.984780086,2,0,0
3bb5d6c4-17d0-4088-a616-11ce03dd3274,1480723443.687,240.6,37.397095172,-121.984783432667,2,0,0
3bb5d6c4-17d0-4088-a616-11ce03dd3274,1480723443.885,240.8,37.3970904593333,-121.984786813833,2,0,0
3bb5d6c4-17d0-4088-a616-11ce03dd3274,1480723444.093,241,37.3970858135,-121.9847900755,2,0,0
3bb5d6c4-17d0-4088-a616-11ce03dd3274,1480723444.284,241.2,37.3970811195,-121.984793174833,2,0,0
3bb5d6c4-17d0-4088-a616-11ce03dd3274,1480723444.485,241.4,37.397076578,-121.984796433,2,0,0
3bb5d6c4-17d0-4088-a616-11ce03dd3274,1480723444.69,241.6,37.3970722968333,-121.984799928,2,0,0
3bb5d6c4-17d0-4088-a616-11ce03dd3274,1480723444.883,241.8,37.3970679553333,-121.9848030685,2,0,0
3bb5d6c4-17d0-4088-a616-11ce03dd3274,1480723445.082,242,37.3970636356667,-121.984805891833,2,0,0
3bb5d6c4-17d0-4088-a616-11ce03dd3274,1480723445.287,242.2,37.3970593533333,-121.984808688667,2,0,0
3bb5d6c4-17d0-4088-a616-11ce03dd3274,1480723445.487,242.4,37.397055142,-121.984811571,2,0,0
3bb5d6c4-17d0-4088-a616-11ce03dd3274,1480723445.691,242.6,37.3970509068333,-121.984814068333,2,0,0
3bb5d6c4-17d0-4088-a616-11ce03dd3274,1480723445.883,242.8,37.397046704,-121.9848161305,2,0,0
3bb5d6c4-17d0-4088-a616-11ce03dd3274,1480723446.089,243,37.3970426311667,-121.984817393333,2,0,0
3bb5d6c4-17d0-4088-a616-11ce03dd3274,1480723446.289,243.2,37.3970386385,-121.984818169333,2,0,0
3bb5d6c4-17d0-4088-a616-11ce03dd3274,1480723446.491,243.4,37.3970347546667,-121.984818557333,2,0,0
3bb5d6c4-17d0-4088-a616-11ce03dd3274,1480723446.687,243.6,37.3970308501667,-121.984818104833,2,0,0
3bb5d6c4-17d0-4088-a616-11ce03dd3274,1480723446.892,243.8,37.3970270335,-121.984817371333,2,0,0
3bb5d6c4-17d0-4088-a616-11ce03dd3274,1480723447.085,244,37.397023356,-121.9848163815,2,0,0
3bb5d6c4-17d0-4088-a616-11ce03dd3274,1480723447.288,244.2,37.3970199125,-121.984814972333,2,0,0
3bb5d6c4-17d0-4088-a616-11ce03dd3274,1480723447.483,244.4,37.3970166951667,-121.984813089667,2,0,0
3bb5d6c4-17d0-4088-a616-11ce03dd3274,1480723447.687,244.6,37.397013568,-121.9848108995,2,0,0
3bb5d6c4-17d0-4088-a616-11ce03dd3274,1480723447.886,244.8,37.3970104613333,-121.984808188,2,0,0
3bb5d6c4-17d0-4088-a616-11ce03dd3274,1480723448.09,245,37.3970074728333,-121.9848049955,2,0,0
3bb5d6c4-17d0-4088-a616-11ce03dd3274,1480723448.283,245.2,37.3970046471667,-121.984801319833,2,0,0
3bb5d6c4-17d0-4088-a616-11ce03dd3274,1480723448.486,245.4,37.3970021436667,-121.984797160167,2,0,0
3bb5d6c4-17d0-4088-a616-11ce03dd3274,1480723448.684,245.6,37.3969999348333,-121.984792746167,2,0,0
3bb5d6c4-17d0-4088-a616-11ce03dd3274,1480723448.891,245.8,37.3969982228333,-121.984788193833,2,0,0
3bb5d6c4-17d0-4088-a616-11ce03dd3274,1480723449.082,246,37.3969969693333,-121.984783471833,2,0,0
3bb5d6c4-17d0-4088-a616-11ce03dd3274,1480723449.288,246.2,37.3969960776667,-121.984778614667,2,0,0
3bb5d6c4-17d0-4088-a616-11ce03dd3274,1480723449.482,246.4,37.3969956166667,-121.984773724667,2,0,0
3bb5d6c4-17d0-4088-a616-11ce03dd3274,1480723449.689,246.6,37.3969954155,-121.984768769,2,0,0
3bb5d6c4-17d0-4088-a616-11ce03dd3274,1480723449.882,246.8,37.396995649,-121.984763832667,2,0,0
3bb5d6c4-17d0-4088-a616-11ce03dd3274,1480723450.09,247,37.3969963778333,-121.984758975667,2,0,0
3bb5d6c4-17d0-4088-a616-11ce03dd3274,1480723450.286,247.2,37.3969974418333,-121.984754252,2,0,0
3bb5d6c4-17d0-4088-a616-11ce03dd3274,1480723450.489,247.4,37.3969988898333,-121.9847495815,2,0,0
3bb5d6c4-17d0-4088-a616-11ce03dd3274,1480723450.687,247.6,37.3970007995,-121.984745262667,2,0,0
3bb5d6c4-17d0-4088-a616-11ce03dd3274,1480723450.89,247.8,37.3970030358333,-121.984741051,2,0,0
3bb5d6c4-17d0-4088-a616-11ce03dd3274,1480723451.088,248,37.3970055466667,-121.984737081167,2,0,0
3bb5d6c4-17d0-4088-a616-11ce03dd3274,1480723451.285,248.2,37.3970083328333,-121.984733361333,2,0,0
3bb5d6c4-17d0-4088-a616-11ce03dd3274,1480723451.49,248.4,37.3970114061667,-121.984730044667,2,0,0
3bb5d6c4-17d0-4088-a616-11ce03dd3274,1480723451.684,248.6,37.3970148008333,-121.984727050167,2,0,0
3bb5d6c4-17d0-4088-a616-11ce03dd3274,1480723451.882,248.8,37.397018501,-121.984724376167,2,0,0
3bb5d6c4-17d0-4088-a616-11ce03dd3274,1480723452.084,249,37.3970223511667,-121.984722068833,2,0,0
3bb5d6c4-17d0-4088-a616-11ce03dd3274,1480723452.289,249.2,37.3970264903333,-121.984720522,2,0,0
3bb5d6c4-17d0-4088-a616-11ce03dd3274,1480723452.488,249.4,37.3970307001667,-121.984719637833,2,0,0
3bb5d6c4-17d0-4088-a616-11ce03dd3274,1480723452.689,249.6,37.3970350795,-121.984719111333,2,0,0
3bb5d6c4-17d0-4088-a616-11ce03dd3274,1480723452.887,249.8,37.397039424,-121.984719084833,2,0,0
3bb5d6c4-17d0-4088-a616-11ce03dd3274,1480723453.09,250,37.3970437175,-121.984719786667,2,0,0
3bb5d6c4-17d0-4088-a616-11ce03dd3274,1480723453.283,250.2,37.397047995,-121.984721154,2,0,0
3bb5d6c4-17d0-4088-a616-11ce03dd3274,1480723453.488,250.4,37.3970523203333,-121.984722790333,2,0,0
3bb5d6c4-17d0-4088-a616-11ce03dd3274,1480723453.689,250.6,37.3970567931667,-121.984724687833,2,0,0
3bb5d6c4-17d0-4088-a616-11ce03dd3274,1480723453.887,250.8,37.397061174,-121.984726717333,2,0,0
3bb5d6c4-17d0-4088-a616-11ce03dd3274,1480723454.086,251,37.3970654896667,-121.984728984,2,0,0
3bb5d6c4-17d0-4088-a616-11ce03dd3274,1480723454.286,251.2,37.3970697518333,-121.984731336333,2,0,0
3bb5d6c4-17d0-4088-a616-11ce03dd3274,1480723454.485,251.4,37.3970740611667,-121.984733597167,2,0,0
3bb5d6c4-17d0-4088-a616-11ce03dd3274,1480723454.684,251.6,37.3970783951667,-121.984735753,2,0,0
3bb5d6c4-17d0-4088-a616-11ce03dd3274,1480723454.892,251.8,37.3970827888333,-121.984737834167,2,0,0
3bb5d6c4-17d0-4088-a616-11ce03dd3274,1480723455.087,252,37.3970872896667,-121.984739796667,2,0,0
3bb5d6c4-17d0-4088-a616-11ce03dd3274,1480723455.286,252.2,37.3970918516667,-121.984741610667,2,0,0
3bb5d6c4-17d0-4088-a616-11ce03dd3274,1480723455.485,252.4,37.3970965676667,-121.984743208833,2,0,0
3bb5d6c4-17d0-4088-a616-11ce03dd3274,1480723455.69,252.6,37.3971014045,-121.984744665,2,0,0
3bb5d6c4-17d0-4088-a616-11ce03dd3274,1480723455.891,252.8,37.3971063591667,-121.984745746,2,0,0
3bb5d6c4-17d0-4088-a616-11ce03dd3274,1480723456.086,253,37.3971113908333,-121.984746465667,2,0,0
3bb5d6c4-17d0-4088-a616-11ce03dd3274,1480723456.281,253.2,37.3971164091667,-121.9847467465,2,0,0
3bb5d6c4-17d0-4088-a616-11ce03dd3274,1480723456.484,253.4,37.3971213441667,-121.984746631667,2,0,0
3bb5d6c4-17d0-4088-a616-11ce03dd3274,1480723456.692,253.6,37.3971263023333,-121.984746106167,2,0,0
3bb5d6c4-17d0-4088-a616-11ce03dd3274,1480723456.884,253.8,37.3971311593333,-121.984745148,2,0,0
3bb5d6c4-17d0-4088-a616-11ce03dd3274,1480723457.091,254,37.3971359018333,-121.984743754167,2,0,0
3bb5d6c4-17d0-4088-a616-11ce03dd3274,1480723457.288,254.2,37.3971405596667,-121.9847418935,2,0,0
3bb5d6c4-17d0-4088-a616-11ce03dd3274,1480723457.49,254.4,37.3971450703333,-121.984739676667,2,0,0
3bb5d6c4-17d0-4088-a616-11ce03dd3274,1480723457.684,254.6,37.3971493748333,-121.984737084667,2,0,0
3bb5d6c4-17d0-4088-a616-11ce03dd3274,1480723457.889,254.8,37.3971534538333,-121.984734014167,2,0,0
3bb5d6c4-17d0-4088-a616-11ce03dd3274,1480723458.082,255,37.397157368,-121.984730632,2,0,0
3bb5d6c4-17d0-4088-a616-11ce03dd3274,1480723458.283,255.2,37.3971610295,-121.984727025,2,0,0
3bb5d6c4-17d0-4088-a616-11ce03dd3274,1480723458.487,255.4,37.3971644055,-121.984722902333,2,0,0
3bb5d6c4-17d0-4088-a616-11ce03dd3274,1480723458.682,255.6,37.3971676881667,-121.984718522167,2,0,0
3bb5d6c4-17d0-4088-a616-11ce03dd3274,1480723458.89,255.8,37.3971707233333,-121.984713919,2,0,0
3bb5d6c4-17d0-4088-a616-11ce03dd3274,1480723459.088,256,37.397173445,-121.984708886167,2,0,0
3bb5d6c4-17d0-4088-a616-11ce03dd3274,1480723459.283,256.2,37.3971758198333,-121.984703454,2,0,0
3bb5d6c4-17d0-4088-a616-11ce03dd3274,1480723459.484,256.4,37.397177866,-121.984697747167,2,0,0
3bb5d6c4-17d0-4088-a616-11ce03dd3274,1480723459.684,256.6,37.3971798623333,-121.984691830833,2,0,0
3bb5d6c4-17d0-4088-a616-11ce03dd3274,1480723459.889,256.8,37.3971815471667,-121.984685595833,2,0,0
3bb5d6c4-17d0-4088-a616-11ce03dd3274,1480723460.085,257,37.3971828965,-121.984679038167,2,0,0
3bb5d6c4-17d0-4088-a616-11ce03dd3274,1480723460.283,257.2,37.3971839495,-121.984672445,2,0,0
3bb5d6c4-17d0-4088-a616-11ce03dd3274,1480723460.488,257.4,37.3971848621667,-121.984665708333,2,0,0
3bb5d6c4-17d0-4088-a616-11ce03dd3274,1480723460.683,257.6,37.3971856125,-121.984658816667,2,0,0
3bb5d6c4-17d0-4088-a616-11ce03dd3274,1480723460.891,257.8,37.3971862623333,-121.984651827833,2,0,0
3bb5d6c4-17d0-4088-a616-11ce03dd3274,1480723461.085,258,37.397186805,-121.984644784,2,0,0
3bb5d6c4-17d0-4088-a616-11ce03dd3274,1480723461.287,258.2,37.3971871986667,-121.984637686,2,0,0
3bb5d6c4-17d0-4088-a616-11ce03dd3274,1480723461.487,258.4,37.3971875505,-121.984630549333,2,0,0
3bb5d6c4-17d0-4088-a616-11ce03dd3274,1480723461.689,258.6,37.397187792,-121.9846233735,2,0,0
3bb5d6c4-17d0-4088-a616-11ce03dd3274,1480723461.885,258.8,37.3971880466667,-121.984616130667,2,0,0
3bb5d6c4-17d0-4088-a616-11ce03dd3274,1480723462.089,259,37.3971882225,-121.984608842333,2,0,0
3bb5d6c4-17d0-4088-a616-11ce03dd3274,1480723462.285,259.2,37.3971883053333,-121.984601491667,2,0,0
3bb5d6c4-17d0-4088-a616-11ce03dd3274,1480723462.488,259.4,37.3971883393333,-121.984594116,2,0,0
3bb5d6c4-17d0-4088-a616-11ce03dd3274,1480723462.687,259.6,37.3971883323333,-121.984586635,2,0,0
3bb5d6c4-17d0-4088-a616-11ce03dd3274,1480723462.885,259.8,37.3971882658333,-121.984579144833,2,0,0
3bb5d6c4-17d0-4088-a616-11ce03dd3274,1480723463.085,260,37.3971880963333,-121.984571532833,2,0,0
3bb5d6c4-17d0-4088-a616-11ce03dd3274,1480723463.287,260.2,37.3971878983333,-121.984563976333,2,0,0
3bb5d6c4-17d0-4088-a616-11ce03dd3274,1480723463.487,260.4,37.397187725,-121.984556514833,2,0,0
3bb5d6c4-17d0-4088-a616-11ce03dd3274,1480723463.69,260.6,37.3971875731667,-121.984549060333,2,0,0
3bb5d6c4-17d0-4088-a616-11ce03dd3274,1480723463.889,260.8,37.397187407,-121.984541691333,2,0,0
3bb5d6c4-17d0-4088-a616-11ce03dd3274,1480723464.086,261,37.397187209,-121.984534399,2,0,0
3bb5d6c4-17d0-4088-a616-11ce03dd3274,1480723464.288,261.2,37.3971870991667,-121.984527155667,2,0,0
3bb5d6c4-17d0-4088-a616-11ce03dd3274,1480723464.49,261.4,37.3971869271667,-121.984519909333,2,0,0
3bb5d6c4-17d0-4088-a616-11ce03dd3274,1480723464.682,261.6,37.397186767,-121.984512693667,2,0,0
3bb5d6c4-17d0-4088-a616-11ce03dd3274,1480723464.889,261.8,37.3971866386667,-121.984505488833,2,0,0
3bb5d6c4-17d0-4088-a616-11ce03dd3274,1480723465.091,262,37.3971865368333,-121.984498327167,2,0,0
3bb5d6c4-17d0-4088-a616-11ce03dd3274,1480723465.283,262.2,37.3971863803333,-121.984491195333,2,0,0
3bb5d6c4-17d0-4088-a616-11ce03dd3274,1480723465.483,262.4,37.3971863396667,-121.984484107833,2,0,0
3bb5d6c4-17d0-4088-a616-11ce03dd3274,1480723465.687,262.6,37.3971862353333,-121.984477136167,2,0,0
3bb5d6c4-17d0-4088-a616-11ce03dd3274,1480723465.885,262.8,37.3971862326667,-121.984470244333,2,0,0
3bb5d6c4-17d0-4088-a616-11ce03dd3274,1480723466.082,263,37.3971861748333,-121.9844634485,2,0,0
3bb5d6c4-17d0-4088-a616-11ce03dd3274,1480723466.287,263.2,37.3971861751667,-121.984457152833,2,0,0
3bb5d6c4-17d0-4088-a616-11ce03dd3274,1480723466.49,263.4,37.3971861175,-121.984450934333,2,0,0
3bb5d6c4-17d0-4088-a616-11ce03dd3274,1480723466.689,263.6,37.3971861088333,-121.984444145667,2,0,0
3bb5d6c4-17d0-4088-a616-11ce03dd3274,1480723466.882,263.8,37.3971862556667,-121.984437587,2,0,0
3bb5d6c4-17d0-4088-a616-11ce03dd3274,1480723467.09,264,37.3971863418333,-121.984431622667,2,0,0
3bb5d6c4-17d0-4088-a616-11ce03dd3274,1480723467.288,264.2,37.3971863391667,-121.984425392,2,0,0
3bb5d6c4-17d0-4088-a616-11ce03dd3274,1480723467.483,264.4,37.3971862733333,-121.984419188667,2,0,0
3bb5d6c4-17d0-4088-a616-11ce03dd3274,1480723467.691,264.6,37.3971863761667,-121.984413260167,2,0,0
3bb5d6c4-17d0-4088-a616-11ce03dd3274,1480723467.883,264.8,37.397186477,-121.984406966667,2,0,0
3bb5d6c4-17d0-4088-a616-11ce03dd3274,1480723468.082,265,37.3971865115,-121.984400646167,2,0,0
3bb5d6c4-17d0-4088-a616-11ce03dd3274,1480723468.283,265.2,37.3971865705,-121.984394350167,2,0,0
3bb5d6c4-17d0-4088-a616-11ce03dd3274,1480723468.484,265.4,37.3971867041667,-121.984387953167,2,0,0
3bb5d6c4-17d0-4088-a616-11ce03dd3274,1480723468.688,265.6,37.3971867855,-121.984381485833,2,0,0
3bb5d6c4-17d0-4088-a616-11ce03dd3274,1480723468.885,265.8,37.3971868623333,-121.984375032167,2,0,0
3bb5d6c4-17d0-4088-a616-11ce03dd3274,1480723469.085,266,37.3971869625,-121.984368559667,2,0,0
3bb5d6c4-17d0-4088-a616-11ce03dd3274,1480723469.291,266.2,37.3971870803333,-121.984362065667,2,0,0
3bb5d6c4-17d0-4088-a616-11ce03dd3274,1480723469.482,266.4,37.3971872268333,-121.984355516333,2,0,0
3bb5d6c4-17d0-4088-a616-11ce03dd3274,1480723469.681,266.6,37.397187376,-121.9843489605,2,0,0
3bb5d6c4-17d0-4088-a616-11ce03dd3274,1480723469.89,266.8,37.3971875211667,-121.984342419167,2,0,0
3bb5d6c4-17d0-4088-a616-11ce03dd3274,1480723470.081,267,37.3971877005,-121.984335872,2,0,0
3bb5d6c4-17d0-4088-a616-11ce03dd3274,1480723470.287,267.2,37.3971878701667,-121.984329378,2,0,0
3bb5d6c4-17d0-4088-a616-11ce03dd3274,1480723470.484,267.4,37.3971880743333,-121.984322812833,2,0,0
3bb5d6c4-17d0-4088-a616-11ce03dd3274,1480723470.684,267.6,37.3971882425,-121.984316259667,2,0,0
3bb5d6c4-17d0-4088-a616-11ce03dd3274,1480723470.89,267.8,37.3971884773333,-121.984309703667,2,0,0
3bb5d6c4-17d0-4088-a616-11ce03dd3274,1480723471.089,268,37.397188681,-121.984303239667,2,0,0
3bb5d6c4-17d0-4088-a616-11ce03dd3274,1480723471.283,268.2,37.3971889648333,-121.984296668333,2,0,0
3bb5d6c4-17d0-4088-a616-11ce03dd3274,1480723471.486,268.4,37.3971891943333,-121.984290098833,2,0,0
3bb5d6c4-17d0-4088-a616-11ce03dd3274,1480723471.688,268.6,37.397189446,-121.984283521833,2,0,0
3bb5d6c4-17d0-4088-a616-11ce03dd3274,1480723471.887,268.8,37.3971897816667,-121.984276971,2,0,0
3bb5d6c4-17d0-4088-a616-11ce03dd3274,1480723472.089,269,37.3971901223333,-121.984270665333,2,0,0
3bb5d6c4-17d0-4088-a616-11ce03dd3274,1480723472.281,269.2,37.3971903181667,-121.9842644685,2,0,0
3bb5d6c4-17d0-4088-a616-11ce03dd3274,1480723472.489,269.4,37.3971903948333,-121.984257442,2,0,0
3bb5d6c4-17d0-4088-a616-11ce03dd3274,1480723472.686,269.6,37.3971907548333,-121.984250356667,2,0,0
3bb5d6c4-17d0-4088-a616-11ce03dd3274,1480723472.889,269.8,37.3971911436667,-121.984243641667,2,0,0
3bb5d6c4-17d0-4088-a616-11ce03dd3274,1480723473.084,270,37.3971913476667,-121.984236629833,2,0,0
3bb5d6c4-17d0-4088-a616-11ce03dd3274,1480723473.289,270.2,37.3971913558333,-121.984229591667,2,0,0
3bb5d6c4-17d0-4088-a616-11ce03dd3274,1480723473.481,270.4,37.3971916611667,-121.984222548333,2,0,0
3bb5d6c4-17d0-4088-a616-11ce03dd3274,1480723473.686,270.6,37.397191996,-121.984215001833,2,0,0
3bb5d6c4-17d0-4088-a616-11ce03dd3274,1480723473.891,270.8,37.397192146,-121.984207524333,2,0,0
3bb5d6c4-17d0-4088-a616-11ce03dd3274,1480723474.087,271,37.3971923505,-121.984199962167,2,0,0
3bb5d6c4-17d0-4088-a616-11ce03dd3274,1480723474.29,271.2,37.3971926121667,-121.984192176833,2,0,0
3bb5d6c4-17d0-4088-a616-11ce03dd3274,1480723474.483,271.4,37.3971928296667,-121.984184220167,2,0,0
3bb5d6c4-17d0-4088-a616-11ce03dd3274,1480723474.688,271.6,37.3971930405,-121.984176209833,2,0,0
3bb5d6c4-17d0-4088-a616-11ce03dd3274,1480723474.882,271.8,37.3971932621667,-121.984167979167,2,0,0
3bb5d6c4-17d0-4088-a616-11ce03dd3274,1480723475.086,272,37.3971934708333,-121.9841596565,2,0,0
3bb5d6c4-17d0-4088-a616-11ce03dd3274,1480723475.282,272.2,37.397193645,-121.984151247167,2,0,0
3bb5d6c4-17d0-4088-a616-11ce03dd3274,1480723475.48,272.4,37.3971937711667,-121.984142702333,2,0,0
3bb5d6c4-17d0-4088-a616-11ce03dd3274,1480723475.687,272.6,37.3971938276667,-121.9841341195,2,0,0
3bb5d6c4-17d0-4088-a616-11ce03dd3274,1480723475.888,272.8,37.3971939956667,-121.984125480667,2,0,0
3bb5d6c4-17d0-4088-a616-11ce03dd3274,1480723476.081,273,37.3971941383333,-121.984116822167,2,0,0
3bb5d6c4-17d0-4088-a616-11ce03dd3274,1480723476.281,273.2,37.3971942,-121.984108172667,2,0,0
3bb5d6c4-17d0-4088-a616-11ce03dd3274,1480723476.484,273.4,37.3971942785,-121.984099502333,2,0,0
3bb5d6c4-17d0-4088-a616-11ce03dd3274,1480723476.684,273.6,37.3971944158333,-121.984090724333,2,0,0
3bb5d6c4-17d0-4088-a616-11ce03dd3274,1480723476.882,273.8,37.3971944518333,-121.984082043333,2,0,0
3bb5d6c4-17d0-4088-a616-11ce03dd3274,1480723477.086,274,37.397194572,-121.984073251,2,0,0
3bb5d6c4-17d0-4088-a616-11ce03dd3274,1480723477.289,274.2,37.397194494,-121.984064542167,2,0,0
3bb5d6c4-17d0-4088-a616-11ce03dd3274,1480723477.488,274.4,37.3971944945,-121.984055807833,2,0,0
3bb5d6c4-17d0-4088-a616-11ce03dd3274,1480723477.685,274.6,37.3971945956667,-121.984046885167,2,0,0
3bb5d6c4-17d0-4088-a616-11ce03dd3274,1480723477.887,274.8,37.397194626,-121.984038081833,2,0,0
3bb5d6c4-17d0-4088-a616-11ce03dd3274,1480723478.084,275,37.397194632,-121.984029371333,2,0,0
3bb5d6c4-17d0-4088-a616-11ce03dd3274,1480723478.29,275.2,37.3971946173333,-121.984020675167,2,0,0
3bb5d6c4-17d0-4088-a616-11ce03dd3274,1480723478.489,275.4,37.3971944508333,-121.984012007333,2,0,0
3bb5d6c4-17d0-4088-a616-11ce03dd3274,1480723478.685,275.6,37.397194427,-121.9840033255,2,0,0
3bb5d6c4-17d0-4088-a616-11ce03dd3274,1480723478.888,275.8,37.3971943616667,-121.983994583833,2,0,0
3bb5d6c4-17d0-4088-a616-11ce03dd3274,1480723479.091,276,37.397194258,-121.983986006167,2,0,0
3bb5d6c4-17d0-4088-a616-11ce03dd3274,1480723479.284,276.2,37.39719422,-121.983977266833,2,0,0
3bb5d6c4-17d0-4088-a616-11ce03dd3274,1480723479.484,276.4,37.3971940036667,-121.9839685845,2,0,0
3bb5d6c4-17d0-4088-a616-11ce03dd3274,1480723479.681,276.6,37.3971938415,-121.983959986667,2,0,0
3bb5d6c4-17d0-4088-a616-11ce03dd3274,1480723479.882,276.8,37.3971936531667,-121.983951463167,2,0,0
3bb5d6c4-17d0-4088-a616-11ce03dd3274,1480723480.089,277,37.3971934585,-121.983942906833,2,0,0
3bb5d6c4-17d0-4088-a616-11ce03dd3274,1480723480.284,277.2,37.397193285,-121.983934284167,2,0,0
3bb5d6c4-17d0-4088-a616-11ce03dd3274,1480723480.484,277.4,37.3971930691667,-121.983925754333,2,0,0
3bb5d6c4-17d0-4088-a616-11ce03dd3274,1480723480.687,277.6,37.3971928135,-121.983917203333,2,0,0
3bb5d6c4-17d0-4088-a616-11ce03dd3274,1480723480.89,277.8,37.3971926136667,-121.983908662167,2,0,0
3bb5d6c4-17d0-4088-a616-11ce03dd3274,1480723481.091,278,37.3971923206667,-121.983900080333,2,0,0
3bb5d6c4-17d0-4088-a616-11ce03dd3274,1480723481.284,278.2,37.3971920846667,-121.983891512833,2,0,0
3bb5d6c4-17d0-4088-a616-11ce03dd3274,1480723481.484,278.4,37.3971917798333,-121.9838830365,2,0,0
3bb5d6c4-17d0-4088-a616-11ce03dd3274,1480723481.685,278.6,37.397191313,-121.9838744485,2,0,0
3bb5d6c4-17d0-4088-a616-11ce03dd3274,1480723481.882,278.8,37.3971907498333,-121.983865910667,2,0,0
3bb5d6c4-17d0-4088-a616-11ce03dd3274,1480723482.083,279,37.397190054,-121.983857405667,2,0,0
3bb5d6c4-17d0-4088-a616-11ce03dd3274,1480723482.283,279.2,37.3971892385,-121.983848896333,2,0,0
3bb5d6c4-17d0-4088-a616-11ce03dd3274,1480723482.488,279.4,37.3971883788333,-121.983840324333,2,0,0
3bb5d6c4-17d0-4088-a616-11ce03dd3274,1480723482.691,279.6,37.3971872648333,-121.983831915,2,0,0
3bb5d6c4-17d0-4088-a616-11ce03dd3274,1480723482.887,279.8,37.3971856528333,-121.983823622,2,0,0
3bb5d6c4-17d0-4088-a616-11ce03dd3274,1480723483.081,280,37.3971837613333,-121.983815414167,2,0,0
3bb5d6c4-17d0-4088-a616-11ce03dd3274,1480723483.284,280.2,37.3971814623333,-121.983807352667,2,0,0
3bb5d6c4-17d0-4088-a616-11ce03dd3274,1480723483.485,280.4,37.3971785553333,-121.983799612,2,0,0
3bb5d6c4-17d0-4088-a616-11ce03dd3274,1480723483.688,280.6,37.3971751811667,-121.983792126167,2,0,0
3bb5d6c4-17d0-4088-a616-11ce03dd3274,1480723483.885,280.8,37.3971712621667,-121.983785096833,2,0,0
3bb5d6c4-17d0-4088-a616-11ce03dd3274,1480723484.086,281,37.3971668495,-121.983778770667,2,0,0
3bb5d6c4-17d0-4088-a616-11ce03dd3274,1480723484.286,281.2,37.3971618148333,-121.983773186167,2,0,0
3bb5d6c4-17d0-4088-a616-11ce03dd3274,1480723484.486,281.4,37.3971563775,-121.983768224,2,0,0
3bb5d6c4-17d0-4088-a616-11ce03dd3274,1480723484.685,281.6,37.3971505525,-121.9837640215,2,0,0
3bb5d6c4-17d0-4088-a616-11ce03dd3274,1480723484.891,281.8,37.397144264,-121.98376091,2,0,0
3bb5d6c4-17d0-4088-a616-11ce03dd3274,1480723485.087,282,37.3971378533333,-121.983758545167,2,0,0
3bb5d6c4-17d0-4088-a616-11ce03dd3274,1480723485.281,282.2,37.3971312965,-121.983757075333,2,0,0
3bb5d6c4-17d0-4088-a616-11ce03dd3274,1480723485.484,282.4,37.3971246146667,-121.983756299833,2,0,0
3bb5d6c4-17d0-4088-a616-11ce03dd3274,1480723485.681,282.6,37.3971180285,-121.983756474167,2,0,0
3bb5d6c4-17d0-4088-a616-11ce03dd3274,1480723485.887,282.8,37.3971115781667,-121.9837575235,2,0,0
3bb5d6c4-17d0-4088-a616-11ce03dd3274,1480723486.082,283,37.3971052956667,-121.983759470333,2,0,0
3bb5d6c4-17d0-4088-a616-11ce03dd3274,1480723486.283,283.2,37.3970989516667,-121.983761508,2,0,0
3bb5d6c4-17d0-4088-a616-11ce03dd3274,1480723486.486,283.4,37.397092971,-121.983764342,2,0,0
3bb5d6c4-17d0-4088-a616-11ce03dd3274,1480723486.681,283.6,37.3970872621667,-121.983767941833,2,0,0
3bb5d6c4-17d0-4088-a616-11ce03dd3274,1480723486.882,283.8,37.397081671,-121.983771505667,2,0,0
3bb5d6c4-17d0-4088-a616-11ce03dd3274,1480723487.088,284,37.3970762613333,-121.983775022167,2,0,0
3bb5d6c4-17d0-4088-a616-11ce03dd3274,1480723487.291,284.2,37.397071091,-121.983778798667,2,0,0
3bb5d6c4-17d0-4088-a616-11ce03dd3274,1480723487.48,284.4,37.3970661373333,-121.983782497667,2,0,0
3bb5d6c4-17d0-4088-a616-11ce03dd3274,1480723487.688,284.6,37.397061184,-121.983785741667,2,0,0
3bb5d6c4-17d0-4088-a616-11ce03dd3274,1480723487.891,284.8,37.3970562355,-121.983788488667,2,0,0
3bb5d6c4-17d0-4088-a616-11ce03dd3274,1480723488.09,285,37.3970512708333,-121.983790835667,2,0,0
3bb5d6c4-17d0-4088-a616-11ce03dd3274,1480723488.283,285.2,37.3970465938333,-121.9837927875,2,0,0
3bb5d6c4-17d0-4088-a616-11ce03dd3274,1480723488.482,285.4,37.3970418906667,-121.983793957833,2,0,0
3bb5d6c4-17d0-4088-a616-11ce03dd3274,1480723488.689,285.6,37.3970374001667,-121.983794632333,2,0,0
3bb5d6c4-17d0-4088-a616-11ce03dd3274,1480723488.88,285.8,37.397033041,-121.983794937667,2,0,0
3bb5d6c4-17d0-4088-a616-11ce03dd3274,1480723489.081,286,37.3970288533333,-121.983794584167,2,0,0
3bb5d6c4-17d0-4088-a616-11ce03dd3274,1480723489.289,286.2,37.3970247618333,-121.983793606833,2,0,0
3bb5d6c4-17d0-4088-a616-11ce03dd3274,1480723489.487,286.4,37.397020813,-121.983792131667,2,0,0
3bb5d6c4-17d0-4088-a616-11ce03dd3274,1480723489.685,286.6,37.3970168826667,-121.983790133833,2,0,0
3bb5d6c4-17d0-4088-a616-11ce03dd3274,1480723489.887,286.8,37.3970131456667,-121.983787581667,2,0,0
3bb5d6c4-17d0-4088-a616-11ce03dd3274,1480723490.088,287,37.3970096783333,-121.983784445167,2,0,0
3bb5d6c4-17d0-4088-a616-11ce03dd3274,1480723490.289,287.2,37.3970066651667,-121.983781009,2,0,0
3bb5d6c4-17d0-4088-a616-11ce03dd3274,1480723490.483,287.4,37.3970038686667,-121.983777343,2,0,0
3bb5d6c4-17d0-4088-a616-11ce03dd3274,1480723490.68,287.6,37.3970014663333,-121.983773401833,2,0,0
3bb5d6c4-17d0-4088-a616-11ce03dd3274,1480723490.885,287.8,37.3969994066667,-121.983769129,2,0,0
3bb5d6c4-17d0-4088-a616-11ce03dd3274,1480723491.081,288,37.3969977476667,-121.9837646685,2,0,0
3bb5d6c4-17d0-4088-a616-11ce03dd3274,1480723491.283,288.2,37.3969964746667,-121.983759966167,2,0,0
3bb5d6c4-17d0-4088-a616-11ce03dd3274,1480723491.48,288.4,37.3969954826667,-121.9837549975,2,0,0
3bb5d6c4-17d0-4088-a616-11ce03dd3274,1480723491.68,288.6,37.3969947841667,-121.983750018167,2,0,0
3bb5d6c4-17d0-4088-a616-11ce03dd3274,1480723491.883,288.8,37.3969945355,-121.983744916,2,0,0
3bb5d6c4-17d0-4088-a616-11ce03dd3274,1480723492.084,289,37.396994689,-121.983739880333,2,0,0
3bb5d6c4-17d0-4088-a616-11ce03dd3274,1480723492.286,289.2,37.3969953635,-121.983734783667,2,0,0
3bb5d6c4-17d0-4088-a616-11ce03dd3274,1480723492.481,289.4,37.3969963713333,-121.983729686333,2,0,0
3bb5d6c4-17d0-4088-a616-11ce03dd3274,1480723492.69,289.6,37.3969978875,-121.983724606833,2,0,0
3bb5d6c4-17d0-4088-a616-11ce03dd3274,1480723492.886,289.8,37.3969998948333,-121.983719871,2,0,0
3bb5d6c4-17d0-4088-a616-11ce03dd3274,1480723493.082,290,37.3970023081667,-121.983715225333,2,0,0
3bb5d6c4-17d0-4088-a616-11ce03dd3274,1480723493.285,290.2,37.3970051938333,-121.983710937167,2,0,0
3bb5d6c4-17d0-4088-a616-11ce03dd3274,1480723493.486,290.4,37.3970084073333,-121.983707070833,2,0,0
3bb5d6c4-17d0-4088-a616-11ce03dd3274,1480723493.681,290.6,37.3970118943333,-121.983703535833,2,0,0
3bb5d6c4-17d0-4088-a616-11ce03dd3274,1480723493.883,290.8,37.3970157918333,-121.983700555833,2,0,0
3bb5d6c4-17d0-4088-a616-11ce03dd3274,1480723494.081,291,37.3970199351667,-121.983698272167,2,0,0
3bb5d6c4-17d0-4088-a616-11ce03dd3274,1480723494.289,291.2,37.3970242655,-121.9836965105,2,0,0
3bb5d6c4-17d0-4088-a616-11ce03dd3274,1480723494.481,291.4,37.397028785,-121.9836953105,2,0,0
3bb5d6c4-17d0-4088-a616-11ce03dd3274,1480723494.688,291.6,37.397033479,-121.983694614833,2,0,0
3bb5d6c4-17d0-4088-a616-11ce03dd3274,1480723494.883,291.8,37.3970382888333,-121.983694200333,2,0,0
3bb5d6c4-17d0-4088-a616-11ce03dd3274,1480723495.089,292,37.397043194,-121.9836941125,2,0,0
3bb5d6c4-17d0-4088-a616-11ce03dd3274,1480723495.285,292.2,37.3970480816667,-121.983694535,2,0,0
3bb5d6c4-17d0-4088-a616-11ce03dd3274,1480723495.486,292.4,37.3970531365,-121.983695140167,2,0,0
3bb5d6c4-17d0-4088-a616-11ce03dd3274,1480723495.682,292.6,37.3970582933333,-121.983695693333,2,0,0
3bb5d6c4-17d0-4088-a616-11ce03dd3274,1480723495.886,292.8,37.3970636333333,-121.983696554167,2,0,0
3bb5d6c4-17d0-4088-a616-11ce03dd3274,1480723496.088,293,37.3970691171667,-121.983697833333,2,0,0
3bb5d6c4-17d0-4088-a616-11ce03dd3274,1480723496.287,293.2,37.3970747653333,-121.983699419833,2,0,0
3bb5d6c4-17d0-4088-a616-11ce03dd3274,1480723496.485,293.4,37.3970805586667,-121.983701142833,2,0,0
3bb5d6c4-17d0-4088-a616-11ce03dd3274,1480723496.68,293.6,37.3970863431667,-121.9837031105,2,0,0
3bb5d6c4-17d0-4088-a616-11ce03dd3274,1480723496.889,293.8,37.3970920905,-121.983705420167,2,0,0
3bb5d6c4-17d0-4088-a616-11ce03dd3274,1480723497.08,294,37.3970978846667,-121.983707829667,2,0,0
3bb5d6c4-17d0-4088-a616-11ce03dd3274,1480723497.281,294.2,37.3971035268333,-121.983710652833,2,0,0
3bb5d6c4-17d0-4088-a616-11ce03dd3274,1480723497.488,294.4,37.3971090026667,-121.983713883,2,0,0
3bb5d6c4-17d0-4088-a616-11ce03dd3274,1480723497.689,294.6,37.3971144063333,-121.983717388833,2,0,0
3bb5d6c4-17d0-4088-a616-11ce03dd3274,1480723497.883,294.8,37.3971196081667,-121.983721095,2,0,0
3bb5d6c4-17d0-4088-a616-11ce03dd3274,1480723498.088,295,37.3971246945,-121.983725077167,2,0,0
3bb5d6c4-17d0-4088-a616-11ce03dd3274,1480723498.29,295.2,37.3971296205,-121.983729380833,2,0,0
3bb5d6c4-17d0-4088-a616-11ce03dd3274,1480723498.487,295.4,37.3971343381667,-121.9837340345,2,0,0
3bb5d6c4-17d0-4088-a616-11ce03dd3274,1480723498.684,295.6,37.3971389266667,-121.983739000833,2,0,0
3bb5d6c4-17d0-4088-a616-11ce03dd3274,1480723498.887,295.8,37.3971434455,-121.983744186,2,0,0
3bb5d6c4-17d0-4088-a616-11ce03dd3274,1480723499.09,296,37.3971478328333,-121.983749892667,2,0,0
3bb5d6c4-17d0-4088-a616-11ce03dd3274,1480723499.282,296.2,37.3971520115,-121.983756001833,2,0,0
3bb5d6c4-17d0-4088-a616-11ce03dd3274,1480723499.491,296.4,37.3971560318333,-121.983762167333,2,0,0
3bb5d6c4-17d0-4088-a616-11ce03dd3274,1480723499.681,296.6,37.3971597236667,-121.983768591667,2,0,0
3bb5d6c4-17d0-4088-a616-11ce03dd3274,1480723499.886,296.8,37.3971629811667,-121.9837751105,2,0,0
3bb5d6c4-17d0-4088-a616-11ce03dd3274,1480723500.081,297,37.3971659,-121.983781642333,2,0,0
3bb5d6c4-17d0-4088-a616-11ce03dd3274,1480723500.283,297.2,37.3971686168333,-121.983788212833,2,0,0
3bb5d6c4-17d0-4088-a616-11ce03dd3274,1480723500.483,297.4,37.397171135,-121.983794800167,2,0,0
3bb5d6c4-17d0-4088-a616-11ce03dd3274,1480723500.685,297.6,37.3971734205,-121.983801454,2,0,0
3bb5d6c4-17d0-4088-a616-11ce03dd3274,1480723500.886,297.8,37.3971754745,-121.983808187833,2,0,0
3bb5d6c4-17d0-4088-a616-11ce03dd3274,1480723501.09,298,37.397177244,-121.983814824167,2,0,0
3bb5d6c4-17d0-4088-a616-11ce03dd3274,1480723501.281,298.2,37.3971787616667,-121.983821442333,2,0,0
3bb5d6c4-17d0-4088-a616-11ce03dd3274,1480723501.489,298.4,37.3971801516667,-121.983827990167,2,0,0
3bb5d6c4-17d0-4088-a616-11ce03dd3274,1480723501.689,298.6,37.3971813933333,-121.983834562167,2,0,0
3bb5d6c4-17d0-4088-a616-11ce03dd3274,1480723501.891,298.8,37.3971824323333,-121.983841074667,2,0,0
3bb5d6c4-17d0-4088-a616-11ce03dd3274,1480723502.083,299,37.3971833075,-121.983847583833,2,0,0
3bb5d6c4-17d0-4088-a616-11ce03dd3274,1480723502.287,299.2,37.3971839486667,-121.983854237667,2,0,0
3bb5d6c4-17d0-4088-a616-11ce03dd3274,1480723502.487,299.4,37.3971846146667,-121.983860954667,2,0,0
3bb5d6c4-17d0-4088-a616-11ce03dd3274,1480723502.689,299.6,37.3971851638333,-121.9838678665,2,0,0
3bb5d6c4-17d0-4088-a616-11ce03dd3274,1480723502.89,299.8,37.3971855821667,-121.983874773833,2,0,0
3bb5d6c4-17d0-4088-a616-11ce03dd3274,1480723503.083,300,37.3971859016667,-121.983881781833,2,0,0
3bb5d6c4-17d0-4088-a616-11ce03dd3274,1480723503.288,300.2,37.3971860936667,-121.983888931667,2,0,0
3bb5d6c4-17d0-4088-a616-11ce03dd3274,1480723503.488,300.4,37.3971863415,-121.983896077,2,0,0
3bb5d6c4-17d0-4088-a616-11ce03dd3274,1480723503.682,300.6,37.3971865873333,-121.983903312,2,0,0
3bb5d6c4-17d0-4088-a616-11ce03dd3274,1480723503.886,300.8,37.397186637,-121.9839106235,2,0,0
3bb5d6c4-17d0-4088-a616-11ce03dd3274,1480723504.08,301,37.3971867215,-121.9839179415,2,0,0
3bb5d6c4-17d0-4088-a616-11ce03dd3274,1480723504.286,301.2,37.3971867103333,-121.983925362667,2,0,0
3bb5d6c4-17d0-4088-a616-11ce03dd3274,1480723504.485,301.4,37.397186693,-121.983932824833,2,0,0
3bb5d6c4-17d0-4088-a616-11ce03dd3274,1480723504.687,301.6,37.3971866673333,-121.983940249833,2,0,0
3bb5d6c4-17d0-4088-a616-11ce03dd3274,1480723504.89,301.8,37.3971866345,-121.983947697333,2,0,0
3bb5d6c4-17d0-4088-a616-11ce03dd3274,1480723505.084,302,37.3971865991667,-121.983955239,2,0,0
3bb5d6c4-17d0-4088-a616-11ce03dd3274,1480723505.289,302.2,37.3971865886667,-121.983962765167,2,0,0
3bb5d6c4-17d0-4088-a616-11ce03dd3274,1480723505.489,302.4,37.3971865641667,-121.9839703925,2,0,0
3bb5d6c4-17d0-4088-a616-11ce03dd3274,1480723505.689,302.6,37.3971865733333,-121.983978009167,2,0,0
3bb5d6c4-17d0-4088-a616-11ce03dd3274,1480723505.883,302.8,37.3971864535,-121.983985724167,2,0,0
3bb5d6c4-17d0-4088-a616-11ce03dd3274,1480723506.088,303,37.3971863815,-121.983993413167,2,0,0
3bb5d6c4-17d0-4088-a616-11ce03dd3274,1480723506.281,303.2,37.3971863203333,-121.984001128667,2,0,0
3bb5d6c4-17d0-4088-a616-11ce03dd3274,1480723506.489,303.4,37.39718625,-121.9840088455,2,0,0
3bb5d6c4-17d0-4088-a616-11ce03dd3274,1480723506.684,303.6,37.3971861723333,-121.9840165295,2,0,0
3bb5d6c4-17d0-4088-a616-11ce03dd3274,1480723506.884,303.8,37.3971860695,-121.984024299333,2,0,0
3bb5d6c4-17d0-4088-a616-11ce03dd3274,1480723507.088,304,37.3971860073333,-121.984031991667,2,0,0
3bb5d6c4-17d0-4088-a616-11ce03dd3274,1480723507.281,304.2,37.3971859885,-121.984039679833,2,0,0
3bb5d6c4-17d0-4088-a616-11ce03dd3274,1480723507.482,304.4,37.3971859421667,-121.9840473075,2,0,0
3bb5d6c4-17d0-4088-a616-11ce03dd3274,1480723507.687,304.6,37.3971857351667,-121.984055023167,2,0,0
3bb5d6c4-17d0-4088-a616-11ce03dd3274,1480723507.888,304.8,37.3971856936667,-121.9840626745,2,0,0
3bb5d6c4-17d0-4088-a616-11ce03dd3274,1480723508.089,305,37.3971856925,-121.984070321833,2,0,0
3bb5d6c4-17d0-4088-a616-11ce03dd3274,1480723508.28,305.2,37.3971856966667,-121.984077901833,2,0,0
3bb5d6c4-17d0-4088-a616-11ce03dd3274,1480723508.488,305.4,37.3971856536667,-121.984085533,2,0,0
3bb5d6c4-17d0-4088-a616-11ce03dd3274,1480723508.687,305.6,37.3971855248333,-121.9840931945,2,0,0
3bb5d6c4-17d0-4088-a616-11ce03dd3274,1480723508.88,305.8,37.397185464,-121.9841008165,2,0,0
3bb5d6c4-17d0-4088-a616-11ce03dd3274,1480723509.083,306,37.397185474,-121.984108414833,2,0,0
3bb5d6c4-17d0-4088-a616-11ce03dd3274,1480723509.285,306.2,37.3971854303333,-121.98411599,2,0,0
3bb5d6c4-17d0-4088-a616-11ce03dd3274,1480723509.488,306.4,37.3971853443333,-121.984123537167,2,0,0
3bb5d6c4-17d0-4088-a616-11ce03dd3274,1480723509.681,306.6,37.3971853388333,-121.984130894667,2,0,0
3bb5d6c4-17d0-4088-a616-11ce03dd3274,1480723509.888,306.8,37.3971853031667,-121.984138225167,2,0,0
3bb5d6c4-17d0-4088-a616-11ce03dd3274,1480723510.089,307,37.3971852323333,-121.984145518,2,0,0
3bb5d6c4-17d0-4088-a616-11ce03dd3274,1480723510.289,307.2,37.3971851983333,-121.984152751333,2,0,0
3bb5d6c4-17d0-4088-a616-11ce03dd3274,1480723510.484,307.4,37.3971851165,-121.9841598795,2,0,0
3bb5d6c4-17d0-4088-a616-11ce03dd3274,1480723510.685,307.6,37.397185112,-121.984166924667,2,0,0
3bb5d6c4-17d0-4088-a616-11ce03dd3274,1480723510.89,307.8,37.3971850391667,-121.9841739765,2,0,0
3bb5d6c4-17d0-4088-a616-11ce03dd3274,1480723511.085,308,37.397185001,-121.984180920833,2,0,0
3bb5d6c4-17d0-4088-a616-11ce03dd3274,1480723511.288,308.2,37.3971849491667,-121.984187845,2,0,0
3bb5d6c4-17d0-4088-a616-11ce03dd3274,1480723511.481,308.4,37.397184868,-121.984194666,2,0,0
3bb5d6c4-17d0-4088-a616-11ce03dd3274,1480723511.687,308.6,37.3971848735,-121.984201471167,2,0,0
3bb5d6c4-17d0-4088-a616-11ce03dd3274,1480723511.888,308.8,37.397184832,-121.9842082655,2,0,0
3bb5d6c4-17d0-4088-a616-11ce03dd3274,1480723512.091,309,37.3971847721667,-121.9842149865,2,0,0
3bb5d6c4-17d0-4088-a616-11ce03dd3274,1480723512.287,309.2,37.3971846995,-121.984221418667,2,0,0
3bb5d6c4-17d0-4088-a616-11ce03dd3274,1480723512.488,309.4,37.3971847536667,-121.984227507833,2,0,0
3bb5d6c4-17d0-4088-a616-11ce03dd3274,1480723512.682,309.6,37.3971847161667,-121.984234166167,2,0,0
3bb5d6c4-17d0-4088-a616-11ce03dd3274,1480723512.882,309.8,37.3971845488333,-121.984241034,2,0,0
3bb5d6c4-17d0-4088-a616-11ce03dd3274,1480723513.085,310,37.3971845338333,-121.984247310333,2,0,0
3bb5d6c4-17d0-4088-a616-11ce03dd3274,1480723513.281,310.2,37.3971845973333,-121.984253681167,2,0,0
3bb5d6c4-17d0-4088-a616-11ce03dd3274,1480723513.483,310.4,37.3971846495,-121.9842600475,2,0,0
3bb5d6c4-17d0-4088-a616-11ce03dd3274,1480723513.681,310.6,37.3971844716667,-121.9842658975,2,0,0
3bb5d6c4-17d0-4088-a616-11ce03dd3274,1480723513.882,310.8,37.3971843795,-121.984272256333,2,0,0
3bb5d6c4-17d0-4088-a616-11ce03dd3274,1480723514.085,311,37.3971844565,-121.984278817,2,0,0
3bb5d6c4-17d0-4088-a616-11ce03dd3274,1480723514.286,311.2,37.397184488,-121.984285351,2,0,0
3bb5d6c4-17d0-4088-a616-11ce03dd3274,1480723514.488,311.4,37.3971844091667,-121.984292129333,2,0,0
3bb5d6c4-17d0-4088-a616-11ce03dd3274,1480723514.683,311.6,37.3971844316667,-121.984299054167,2,0,0
3bb5d6c4-17d0-4088-a616-11ce03dd3274,1480723514.888,311.8,37.3971844143333,-121.984306095333,2,0,0
3bb5d6c4-17d0-4088-a616-11ce03dd3274,1480723515.081,312,37.3971843948333,-121.984313182,2,0,0
3bb5d6c4-17d0-4088-a616-11ce03dd3274,1480723515.288,312.2,37.3971844291667,-121.984320278333,2,0,0
3bb5d6c4-17d0-4088-a616-11ce03dd3274,1480723515.489,312.4,37.3971844265,-121.984327324667,2,0,0
3bb5d6c4-17d0-4088-a616-11ce03dd3274,1480723515.685,312.6,37.3971844353333,-121.984334336,2,0,0
3bb5d6c4-17d0-4088-a616-11ce03dd3274,1480723515.881,312.8,37.3971844306667,-121.984341341833,2,0,0
3bb5d6c4-17d0-4088-a616-11ce03dd3274,1480723516.084,313,37.397184464,-121.984348363833,2,0,0
3bb5d6c4-17d0-4088-a616-11ce03dd3274,1480723516.289,313.2,37.3971844938333,-121.984355382333,2,0,0
3bb5d6c4-17d0-4088-a616-11ce03dd3274,1480723516.485,313.4,37.3971844968333,-121.984362366833,2,0,0
3bb5d6c4-17d0-4088-a616-11ce03dd3274,1480723516.68,313.6,37.3971845203333,-121.984369398167,2,0,0
3bb5d6c4-17d0-4088-a616-11ce03dd3274,1480723516.881,313.8,37.397184607,-121.984376404,2,0,0
3bb5d6c4-17d0-4088-a616-11ce03dd3274,1480723517.083,314,37.3971846668333,-121.984383388,2,0,0
3bb5d6c4-17d0-4088-a616-11ce03dd3274,1480723517.28,314.2,37.397184689,-121.984390379167,2,0,0
3bb5d6c4-17d0-4088-a616-11ce03dd3274,1480723517.481,314.4,37.3971847485,-121.984397366333,2,0,0
3bb5d6c4-17d0-4088-a616-11ce03dd3274,1480723517.683,314.6,37.3971847513333,-121.984404351833,2,0,0
3bb5d6c4-17d0-4088-a616-11ce03dd3274,1480723517.884,314.8,37.3971848051667,-121.984411076167,2,0,0
3bb5d6c4-17d0-4088-a616-11ce03dd3274,1480723518.084,315,37.3971848583333,-121.9844176835,2,0,0
3bb5d6c4-17d0-4088-a616-11ce03dd3274,1480723518.28,315.2,37.3971850198333,-121.984424895167,2,0,0
3bb5d6c4-17d0-4088-a616-11ce03dd3274,1480723518.488,315.4,37.3971850651667,-121.9844320685,2,0,0
3bb5d6c4-17d0-4088-a616-11ce03dd3274,1480723518.687,315.6,37.3971851678333,-121.984438800833,2,0,0
3bb5d6c4-17d0-4088-a616-11ce03dd3274,1480723518.885,315.8,37.3971853226667,-121.984445711,2,0,0
3bb5d6c4-17d0-4088-a616-11ce03dd3274,1480723519.084,316,37.3971853623333,-121.984452254167,2,0,0
3bb5d6c4-17d0-4088-a616-11ce03dd3274,1480723519.282,316.2,37.3971854428333,-121.984459161667,2,0,0
3bb5d6c4-17d0-4088-a616-11ce03dd3274,1480723519.48,316.4,37.3971855438333,-121.984466421667,2,0,0
3bb5d6c4-17d0-4088-a616-11ce03dd3274,1480723519.685,316.6,37.397185699,-121.9844736725,2,0,0
3bb5d6c4-17d0-4088-a616-11ce03dd3274,1480723519.888,316.8,37.3971857876667,-121.984481044833,2,0,0
3bb5d6c4-17d0-4088-a616-11ce03dd3274,1480723520.085,317,37.3971858503333,-121.9844886625,2,0,0
3bb5d6c4-17d0-4088-a616-11ce03dd3274,1480723520.279,317.2,37.3971858953333,-121.9844964145,2,0,0
3bb5d6c4-17d0-4088-a616-11ce03dd3274,1480723520.486,317.4,37.3971860068333,-121.984504283,2,0,0
3bb5d6c4-17d0-4088-a616-11ce03dd3274,1480723520.683,317.6,37.3971860261667,-121.984512299,2,0,0
3bb5d6c4-17d0-4088-a616-11ce03dd3274,1480723520.887,317.8,37.3971860133333,-121.9845203385,2,0,0
3bb5d6c4-17d0-4088-a616-11ce03dd3274,1480723521.089,318,37.3971860373333,-121.984528273333,2,0,0
3bb5d6c4-17d0-4088-a616-11ce03dd3274,1480723521.284,318.2,37.3971860746667,-121.9845362265,2,0,0
3bb5d6c4-17d0-4088-a616-11ce03dd3274,1480723521.485,318.4,37.3971861088333,-121.984544160167,2,0,0
3bb5d6c4-17d0-4088-a616-11ce03dd3274,1480723521.689,318.6,37.3971860713333,-121.984552112333,2,0,0
3bb5d6c4-17d0-4088-a616-11ce03dd3274,1480723521.881,318.8,37.3971860641667,-121.984560027,2,0,0
3bb5d6c4-17d0-4088-a616-11ce03dd3274,1480723522.084,319,37.3971861168333,-121.98456804,2,0,0
3bb5d6c4-17d0-4088-a616-11ce03dd3274,1480723522.28,319.2,37.3971860815,-121.984576022167,2,0,0
3bb5d6c4-17d0-4088-a616-11ce03dd3274,1480723522.484,319.4,37.3971860268333,-121.984583999333,2,0,0
3bb5d6c4-17d0-4088-a616-11ce03dd3274,1480723522.681,319.6,37.397186022,-121.984591959,2,0,0
3bb5d6c4-17d0-4088-a616-11ce03dd3274,1480723522.881,319.8,37.3971859761667,-121.984599879,2,0,0
3bb5d6c4-17d0-4088-a616-11ce03dd3274,1480723523.082,320,37.3971859113333,-121.984607799333,2,0,0
3bb5d6c4-17d0-4088-a616-11ce03dd3274,1480723523.284,320.2,37.3971858718333,-121.9846158095,2,0,0
3bb5d6c4-17d0-4088-a616-11ce03dd3274,1480723523.486,320.4,37.3971857906667,-121.984623749833,2,0,0
3bb5d6c4-17d0-4088-a616-11ce03dd3274,1480723523.684,320.6,37.3971856178333,-121.984631667333,2,0,0
3bb5d6c4-17d0-4088-a616-11ce03dd3274,1480723523.882,320.8,37.397185326,-121.9846395155,2,0,0
3bb5d6c4-17d0-4088-a616-11ce03dd3274,1480723524.086,321,37.397184849,-121.984647214667,2,0,0
3bb5d6c4-17d0-4088-a616-11ce03dd3274,1480723524.28,321.2,37.3971841213333,-121.984654897333,2,0,0
3bb5d6c4-17d0-4088-a616-11ce03dd3274,1480723524.487,321.4,37.3971831243333,-121.984662550333,2,0,0
3bb5d6c4-17d0-4088-a616-11ce03dd3274,1480723524.688,321.6,37.3971818355,-121.984670100833,2,0,0
3bb5d6c4-17d0-4088-a616-11ce03dd3274,1480723524.883,321.8,37.3971802838333,-121.984677524,2,0,0
3bb5d6c4-17d0-4088-a616-11ce03dd3274,1480723525.084,322,37.3971784853333,-121.984684717,2,0,0
3bb5d6c4-17d0-4088-a616-11ce03dd3274,1480723525.284,322.2,37.3971764036667,-121.984691538167,2,0,0
3bb5d6c4-17d0-4088-a616-11ce03dd3274,1480723525.481,322.4,37.3971740683333,-121.984698260833,2,0,0
3bb5d6c4-17d0-4088-a616-11ce03dd3274,1480723525.685,322.6,37.397171391,-121.984704888333,2,0,0
3bb5d6c4-17d0-4088-a616-11ce03dd3274,1480723525.889,322.8,37.39716835,-121.984711369667,2,0,0
3bb5d6c4-17d0-4088-a616-11ce03dd3274,1480723526.081,323,37.3971652081667,-121.984717694667,2,0,0
3bb5d6c4-17d0-4088-a616-11ce03dd3274,1480723526.284,323.2,37.3971618683333,-121.984723729667,2,0,0
3bb5d6c4-17d0-4088-a616-11ce03dd3274,1480723526.48,323.4,37.3971583788333,-121.984729453167,2,0,0
3bb5d6c4-17d0-4088-a616-11ce03dd3274,1480723526.681,323.6,37.3971545706667,-121.9847347345,2,0,0
3bb5d6c4-17d0-4088-a616-11ce03dd3274,1480723526.885,323.8,37.3971507261667,-121.984739842,2,0,0
3bb5d6c4-17d0-4088-a616-11ce03dd3274,1480723527.08,324,37.3971468431667,-121.984744773333,2,0,0
3bb5d6c4-17d0-4088-a616-11ce03dd3274,1480723527.285,324.2,37.3971428323333,-121.9847494445,2,0,0
3bb5d6c4-17d0-4088-a616-11ce03dd3274,1480723527.483,324.4,37.3971387253333,-121.984753679,2,0,0
3bb5d6c4-17d0-4088-a616-11ce03dd3274,1480723527.689,324.6,37.3971346491667,-121.984757694,2,0,0
3bb5d6c4-17d0-4088-a616-11ce03dd3274,1480723527.881,324.8,37.397130607,-121.984761304,2,0,0
3bb5d6c4-17d0-4088-a616-11ce03dd3274,1480723528.079,325,37.3971266911667,-121.984764578,2,0,0
3bb5d6c4-17d0-4088-a616-11ce03dd3274,1480723528.282,325.2,37.3971230205,-121.984767434333,2,0,0
3bb5d6c4-17d0-4088-a616-11ce03dd3274,1480723528.486,325.4,37.3971195408333,-121.9847700415,2,0,0
3bb5d6c4-17d0-4088-a616-11ce03dd3274,1480723528.688,325.6,37.3971161383333,-121.984772386667,2,0,0
3bb5d6c4-17d0-4088-a616-11ce03dd3274,1480723528.884,325.8,37.397112779,-121.984774703667,2,0,0
3bb5d6c4-17d0-4088-a616-11ce03dd3274,1480723529.081,326,37.3971095183333,-121.984776937,2,0,0
3bb5d6c4-17d0-4088-a616-11ce03dd3274,1480723529.281,326.2,37.39710624,-121.984779093667,2,0,0
3bb5d6c4-17d0-4088-a616-11ce03dd3274,1480723529.484,326.4,37.397102811,-121.984781277333,2,0,0
3bb5d6c4-17d0-4088-a616-11ce03dd3274,1480723529.686,326.6,37.3970991115,-121.984783625,2,0,0
3bb5d6c4-17d0-4088-a616-11ce03dd3274,1480723529.887,326.8,37.3970952031667,-121.984786078667,2,0,0
3bb5d6c4-17d0-4088-a616-11ce03dd3274,1480723530.08,327,37.3970911411667,-121.984788606833,2,0,0
3bb5d6c4-17d0-4088-a616-11ce03dd3274,1480723530.288,327.2,37.3970869303333,-121.984791211333,2,0,0
3bb5d6c4-17d0-4088-a616-11ce03dd3274,1480723530.487,327.4,37.3970825096667,-121.984793589167,2,0,0
3bb5d6c4-17d0-4088-a616-11ce03dd3274,1480723530.679,327.6,37.3970781713333,-121.984796027333,2,0,0
3bb5d6c4-17d0-4088-a616-11ce03dd3274,1480723530.884,327.8,37.3970739878333,-121.98479863,2,0,0
3bb5d6c4-17d0-4088-a616-11ce03dd3274,1480723531.079,328,37.3970699066667,-121.984800989167,2,0,0
3bb5d6c4-17d0-4088-a616-11ce03dd3274,1480723531.285,328.2,37.3970658066667,-121.9848029585,2,0,0
3bb5d6c4-17d0-4088-a616-11ce03dd3274,1480723531.487,328.4,37.3970617845,-121.984804819833,2,0,0
3bb5d6c4-17d0-4088-a616-11ce03dd3274,1480723531.679,328.6,37.3970578245,-121.984806782833,2,0,0
3bb5d6c4-17d0-4088-a616-11ce03dd3274,1480723531.881,328.8,37.3970537778333,-121.984808670833,2,0,0
3bb5d6c4-17d0-4088-a616-11ce03dd3274,1480723532.084,329,37.3970498836667,-121.9848104535,2,0,0
3bb5d6c4-17d0-4088-a616-11ce03dd3274,1480723532.282,329.2,37.3970460838333,-121.984811936333,2,0,0
3bb5d6c4-17d0-4088-a616-11ce03dd3274,1480723532.481,329.4,37.3970423133333,-121.984812948667,2,0,0
3bb5d6c4-17d0-4088-a616-11ce03dd3274,1480723532.688,329.6,37.3970386766667,-121.984813804,2,0,0
3bb5d6c4-17d0-4088-a616-11ce03dd3274,1480723532.882,329.8,37.3970351518333,-121.984814355167,2,0,0
3bb5d6c4-17d0-4088-a616-11ce03dd3274,1480723533.084,330,37.3970317336667,-121.984814317,2,0,0
3bb5d6c4-17d0-4088-a616-11ce03dd3274,1480723533.286,330.2,37.3970283671667,-121.9848137755,2,0,0
3bb5d6c4-17d0-4088-a616-11ce03dd3274,1480723533.486,330.4,37.3970248078333,-121.984812860167,2,0,0
3bb5d6c4-17d0-4088-a616-11ce03dd3274,1480723533.683,330.6,37.3970212533333,-121.984811824833,2,0,0
3bb5d6c4-17d0-4088-a616-11ce03dd3274,1480723533.889,330.8,37.3970178363333,-121.984810118333,2,0,0
3bb5d6c4-17d0-4088-a616-11ce03dd3274,1480723534.084,331,37.3970144565,-121.984808025333,2,0,0
3bb5d6c4-17d0-4088-a616-11ce03dd3274,1480723534.279,331.2,37.3970111541667,-121.984805418,2,0,0
3bb5d6c4-17d0-4088-a616-11ce03dd3274,1480723534.488,331.4,37.397008009,-121.9848023105,2,0,0
3bb5d6c4-17d0-4088-a616-11ce03dd3274,1480723534.686,331.6,37.3970051186667,-121.984798732333,2,0,0
3bb5d6c4-17d0-4088-a616-11ce03dd3274,1480723534.879,331.8,37.3970024846667,-121.984794766333,2,0,0
3bb5d6c4-17d0-4088-a616-11ce03dd3274,1480723535.083,332,37.3970001413333,-121.984790461833,2,0,0
3bb5d6c4-17d0-4088-a616-11ce03dd3274,1480723535.285,332.2,37.3969982105,-121.984785983167,2,0,0
3bb5d6c4-17d0-4088-a616-11ce03dd3274,1480723535.479,332.4,37.3969967663333,-121.984781248833,2,0,0
3bb5d6c4-17d0-4088-a616-11ce03dd3274,1480723535.68,332.6,37.3969957155,-121.984776279667,2,0,0
3bb5d6c4-17d0-4088-a616-11ce03dd3274,1480723535.885,332.8,37.396994993,-121.984771278833,2,0,0
3bb5d6c4-17d0-4088-a616-11ce03dd3274,1480723536.088,333,37.396994593,-121.9847661045,2,0,0
3bb5d6c4-17d0-4088-a616-11ce03dd3274,1480723536.285,333.2,37.3969947983333,-121.984761032333,2,0,0
3bb5d6c4-17d0-4088-a616-11ce03dd3274,1480723536.482,333.4,37.3969953883333,-121.9847560145,2,0,0
3bb5d6c4-17d0-4088-a616-11ce03dd3274,1480723536.686,333.6,37.3969963053333,-121.9847511305,2,0,0
3bb5d6c4-17d0-4088-a616-11ce03dd3274,1480723536.887,333.8,37.3969977035,-121.984746338,2,0,0
3bb5d6c4-17d0-4088-a616-11ce03dd3274,1480723537.084,334,37.3969994971667,-121.9847418245,2,0,0
3bb5d6c4-17d0-4088-a616-11ce03dd3274,1480723537.288,334.2,37.3970017713333,-121.984737602833,2,0,0
3bb5d6c4-17d0-4088-a616-11ce03dd3274,1480723537.484,334.4,37.3970042905,-121.984733561,2,0,0
3bb5d6c4-17d0-4088-a616-11ce03dd3274,1480723537.687,334.6,37.3970069943333,-121.984729694167,2,0,0
3bb5d6c4-17d0-4088-a616-11ce03dd3274,1480723537.88,334.8,37.3970100196667,-121.98472624,2,0,0
3bb5d6c4-17d0-4088-a616-11ce03dd3274,1480723538.084,335,37.3970134975,-121.984723256,2,0,0
3bb5d6c4-17d0-4088-a616-11ce03dd3274,1480723538.282,335.2,37.3970172485,-121.984720615667,2,0,0
3bb5d6c4-17d0-4088-a616-11ce03dd3274,1480723538.488,335.4,37.3970211005,-121.984718145167,2,0,0
3bb5d6c4-17d0-4088-a616-11ce03dd3274,1480723538.681,335.6,37.3970252713333,-121.984716449833,2,0,0
3bb5d6c4-17d0-4088-a616-11ce03dd3274,1480723538.886,335.8,37.3970295536667,-121.984715481167,2,0,0
3bb5d6c4-17d0-4088-a616-11ce03dd3274,1480723539.078,336,37.3970339213333,-121.984714934333,2,0,0
3bb5d6c4-17d0-4088-a616-11ce03dd3274,1480723539.282,336.2,37.3970383505,-121.984714858667,2,0,0
3bb5d6c4-17d0-4088-a616-11ce03dd3274,1480723539.49,336.4,37.3970428558333,-121.984715571667,2,0,0
3bb5d6c4-17d0-4088-a616-11ce03dd3274,1480723539.686,336.6,37.3970470606667,-121.984716955,2,0,0
3bb5d6c4-17d0-4088-a616-11ce03dd3274,1480723539.88,336.8,37.397051186,-121.984719012167,2,0,0
3bb5d6c4-17d0-4088-a616-11ce03dd3274,1480723540.086,337,37.3970553985,-121.984721482667,2,0,0
3bb5d6c4-17d0-4088-a616-11ce03dd3274,1480723540.288,337.2,37.3970597051667,-121.984723923,2,0,0
3bb5d6c4-17d0-4088-a616-11ce03dd3274,1480723540.484,337.4,37.3970639436667,-121.984726442333,2,0,0
3bb5d6c4-17d0-4088-a616-11ce03dd3274,1480723540.689,337.6,37.3970681738333,-121.9847291245,2,0,0
3bb5d6c4-17d0-4088-a616-11ce03dd3274,1480723540.884,337.8,37.3970724891667,-121.984731836833,2,0,0
3bb5d6c4-17d0-4088-a616-11ce03dd3274,1480723541.088,338,37.3970769348333,-121.984734518333,2,0,0
3bb5d6c4-17d0-4088-a616-11ce03dd3274,1480723541.28,338.2,37.397081556,-121.984737054167,2,0,0
3bb5d6c4-17d0-4088-a616-11ce03dd3274,1480723541.488,338.4,37.3970863361667,-121.984739517,2,0,0
3bb5d6c4-17d0-4088-a616-11ce03dd3274,1480723541.679,338.6,37.3970911775,-121.984741787333,2,0,0
3bb5d6c4-17d0-4088-a616-11ce03dd3274,1480723541.879,338.8,37.3970960405,-121.9847437855,2,0,0
3bb5d6c4-17d0-4088-a616-11ce03dd3274,1480723542.082,339,37.3971010513333,-121.984745491,2,0,0
3bb5d6c4-17d0-4088-a616-11ce03dd3274,1480723542.284,339.2,37.3971060495,-121.9847468975,2,0,0
3bb5d6c4-17d0-4088-a616-11ce03dd3274,1480723542.483,339.4,37.3971110863333,-121.984747881333,2,0,0
3bb5d6c4-17d0-4088-a616-11ce03dd3274,1480723542.681,339.6,37.3971161445,-121.9847484245,2,0,0
3bb5d6c4-17d0-4088-a616-11ce03dd3274,1480723542.892,339.8,37.397121241,-121.984748709,2,0,0
3bb5d6c4-17d0-4088-a616-11ce03dd3274,1480723543.079,340,37.3971262723333,-121.984748570333,2,0,0
3bb5d6c4-17d0-4088-a616-11ce03dd3274,1480723543.288,340.2,37.3971312601667,-121.984747887167,2,0,0
3bb5d6c4-17d0-4088-a616-11ce03dd3274,1480723543.482,340.4,37.3971360676667,-121.984746613333,2,0,0
3bb5d6c4-17d0-4088-a616-11ce03dd3274,1480723543.684,340.6,37.3971407818333,-121.984744844833,2,0,0
3bb5d6c4-17d0-4088-a616-11ce03dd3274,1480723543.88,340.8,37.3971454461667,-121.984742804333,2,0,0
3bb5d6c4-17d0-4088-a616-11ce03dd3274,1480723544.081,341,37.397149852,-121.984740226,2,0,0
3bb5d6c4-17d0-4088-a616-11ce03dd3274,1480723544.279,341.2,37.3971541655,-121.984737253,2,0,0
3bb5d6c4-17d0-4088-a616-11ce03dd3274,1480723544.48,341.4,37.3971582506667,-121.984733876333,2,0,0
3bb5d6c4-17d0-4088-a616-11ce03dd3274,1480723544.682,341.6,37.3971621215,-121.9847300495,2,0,0
3bb5d6c4-17d0-4088-a616-11ce03dd3274,1480723544.887,341.8,37.3971657318333,-121.984725801333,2,0,0
3bb5d6c4-17d0-4088-a616-11ce03dd3274,1480723545.081,342,37.3971690873333,-121.9847211555,2,0,0
3bb5d6c4-17d0-4088-a616-11ce03dd3274,1480723545.288,342.2,37.3971722673333,-121.984716201333,2,0,0
3bb5d6c4-17d0-4088-a616-11ce03dd3274,1480723545.486,342.4,37.3971752143333,-121.984710994167,2,0,0
3bb5d6c4-17d0-4088-a616-11ce03dd3274,1480723545.687,342.6,37.3971776563333,-121.9847053745,2,0,0
3bb5d6c4-17d0-4088-a616-11ce03dd3274,1480723545.879,342.8,37.3971797793333,-121.9846994955,2,0,0
3bb5d6c4-17d0-4088-a616-11ce03dd3274,1480723546.079,343,37.3971816451667,-121.984693310333,2,0,0
3bb5d6c4-17d0-4088-a616-11ce03dd3274,1480723546.288,343.2,37.3971832408333,-121.984686809333,2,0,0
3bb5d6c4-17d0-4088-a616-11ce03dd3274,1480723546.482,343.4,37.3971844615,-121.984680143,2,0,0
3bb5d6c4-17d0-4088-a616-11ce03dd3274,1480723546.679,343.6,37.3971854193333,-121.984673409833,2,0,0
3bb5d6c4-17d0-4088-a616-11ce03dd3274,1480723546.884,343.8,37.3971862186667,-121.9846665435,2,0,0
3bb5d6c4-17d0-4088-a616-11ce03dd3274,1480723547.078,344,37.3971868275,-121.984659559833,2,0,0
3bb5d6c4-17d0-4088-a616-11ce03dd3274,1480723547.28,344.2,37.3971874596667,-121.984652371,2,0,0
3bb5d6c4-17d0-4088-a616-11ce03dd3274,1480723547.485,344.4,37.397187989,-121.9846451785,2,0,0
3bb5d6c4-17d0-4088-a616-11ce03dd3274,1480723547.688,344.6,37.3971884505,-121.9846378575,2,0,0
3bb5d6c4-17d0-4088-a616-11ce03dd3274,1480723547.881,344.8,37.3971888778333,-121.984630452333,2,0,0
3bb5d6c4-17d0-4088-a616-11ce03dd3274,1480723548.084,345,37.3971892016667,-121.984623013167,2,0,0
3bb5d6c4-17d0-4088-a616-11ce03dd3274,1480723548.287,345.2,37.3971894631667,-121.984615488167,2,0,0
3bb5d6c4-17d0-4088-a616-11ce03dd3274,1480723548.482,345.4,37.3971896781667,-121.984607896,2,0,0
3bb5d6c4-17d0-4088-a616-11ce03dd3274,1480723548.681,345.6,37.3971898866667,-121.984600297667,2,0,0
3bb5d6c4-17d0-4088-a616-11ce03dd3274,1480723548.879,345.8,37.39719001,-121.984592559667,2,0,0
3bb5d6c4-17d0-4088-a616-11ce03dd3274,1480723549.087,346,37.3971900293333,-121.9845847925,2,0,0
3bb5d6c4-17d0-4088-a616-11ce03dd3274,1480723549.286,346.2,37.3971900446667,-121.984576988333,2,0,0
3bb5d6c4-17d0-4088-a616-11ce03dd3274,1480723549.479,346.4,37.3971899211667,-121.984569038333,2,0,0
3bb5d6c4-17d0-4088-a616-11ce03dd3274,1480723549.685,346.6,37.3971898038333,-121.9845611255,2,0,0
3bb5d6c4-17d0-4088-a616-11ce03dd3274,1480723549.88,346.8,37.3971897948333,-121.9845531455,2,0,0
3bb5d6c4-17d0-4088-a616-11ce03dd3274,1480723550.083,347,37.3971897711667,-121.984545080167,2,0,0
3bb5d6c4-17d0-4088-a616-11ce03dd3274,1480723550.28,347.2,37.397189763,-121.984537002833,2,0,0
3bb5d6c4-17d0-4088-a616-11ce03dd3274,1480723550.479,347.4,37.3971897025,-121.9845289465,2,0,0
3bb5d6c4-17d0-4088-a616-11ce03dd3274,1480723550.681,347.6,37.3971896646667,-121.984520803167,2,0,0
3bb5d6c4-17d0-4088-a616-11ce03dd3274,1480723550.887,347.8,37.3971895058333,-121.9845126555,2,0,0
3bb5d6c4-17d0-4088-a616-11ce03dd3274,1480723551.08,348,37.3971894046667,-121.984504564667,2,0,0
3bb5d6c4-17d0-4088-a616-11ce03dd3274,1480723551.285,348.2,37.3971893753333,-121.9844965425,2,0,0
3bb5d6c4-17d0-4088-a616-11ce03dd3274,1480723551.487,348.4,37.3971893328333,-121.984488592,2,0,0
3bb5d6c4-17d0-4088-a616-11ce03dd3274,1480723551.681,348.6,37.3971893246667,-121.984480728333,2,0,0
3bb5d6c4-17d0-4088-a616-11ce03dd3274,1480723551.881,348.8,37.3971891993333,-121.984472937167,2,0,0
3bb5d6c4-17d0-4088-a616-11ce03dd3274,1480723552.086,349,37.3971892028333,-121.984465164667,2,0,0
3bb5d6c4-17d0-4088-a616-11ce03dd3274,1480723552.283,349.2,37.3971892925,-121.984457692833,2,0,0
3bb5d6c4-17d0-4088-a616-11ce03dd3274,1480723552.486,349.4,37.3971892473333,-121.984450477,2,0,0
3bb5d6c4-17d0-4088-a616-11ce03dd3274,1480723552.688,349.6,37.3971891981667,-121.984442589667,2,0,0
3bb5d6c4-17d0-4088-a616-11ce03dd3274,1480723552.884,349.8,37.3971891781667,-121.984434952333,2,0,0
3bb5d6c4-17d0-4088-a616-11ce03dd3274,1480723553.087,350,37.397189234,-121.984427758833,2,0,0
3bb5d6c4-17d0-4088-a616-11ce03dd3274,1480723553.289,350.2,37.3971891755,-121.984420456833,2,0,0
3bb5d6c4-17d0-4088-a616-11ce03dd3274,1480723553.48,350.4,37.3971891641667,-121.984413513333,2,0,0
3bb5d6c4-17d0-4088-a616-11ce03dd3274,1480723553.684,350.6,37.3971892611667,-121.984406066333,2,0,0
3bb5d6c4-17d0-4088-a616-11ce03dd3274,1480723553.881,350.8,37.3971891641667,-121.984398547167,2,0,0
3bb5d6c4-17d0-4088-a616-11ce03dd3274,1480723554.083,351,37.3971891798333,-121.984391037,2,0,0
3bb5d6c4-17d0-4088-a616-11ce03dd3274,1480723554.279,351.2,37.3971892108333,-121.984383274667,2,0,0
3bb5d6c4-17d0-4088-a616-11ce03dd3274,1480723554.483,351.4,37.3971892565,-121.984375370833,2,0,0
3bb5d6c4-17d0-4088-a616-11ce03dd3274,1480723554.688,351.6,37.3971892875,-121.984367434333,2,0,0
3bb5d6c4-17d0-4088-a616-11ce03dd3274,1480723554.88,351.8,37.3971893453333,-121.984359436167,2,0,0
3bb5d6c4-17d0-4088-a616-11ce03dd3274,1480723555.088,352,37.3971893786667,-121.984351418167,2,0,0
3bb5d6c4-17d0-4088-a616-11ce03dd3274,1480723555.282,352.2,37.3971894591667,-121.984343382167,2,0,0
3bb5d6c4-17d0-4088-a616-11ce03dd3274,1480723555.483,352.4,37.3971895655,-121.984335319667,2,0,0
3bb5d6c4-17d0-4088-a616-11ce03dd3274,1480723555.685,352.6,37.3971897015,-121.984327250667,2,0,0
3bb5d6c4-17d0-4088-a616-11ce03dd3274,1480723555.887,352.8,37.3971897836667,-121.984319168833,2,0,0
3bb5d6c4-17d0-4088-a616-11ce03dd3274,1480723556.079,353,37.397189839,-121.984311071833,2,0,0
3bb5d6c4-17d0-4088-a616-11ce03dd3274,1480723556.28,353.2,37.397189971,-121.984302972833,2,0,0
3bb5d6c4-17d0-4088-a616-11ce03dd3274,1480723556.48,353.4,37.3971900255,-121.984294905667,2,0,0
3bb5d6c4-17d0-4088-a616-11ce03dd3274,1480723556.685,353.6,37.3971902021667,-121.984286854667,2,0,0
3bb5d6c4-17d0-4088-a616-11ce03dd3274,1480723556.887,353.8,37.3971903448333,-121.984278735833,2,0,0
3bb5d6c4-17d0-4088-a616-11ce03dd3274,1480723557.084,354,37.3971905523333,-121.984270831167,2,0,0
3bb5d6c4-17d0-4088-a616-11ce03dd3274,1480723557.284,354.2,37.3971906788333,-121.984263101,2,0,0
3bb5d6c4-17d0-4088-a616-11ce03dd3274,1480723557.486,354.4,37.3971907285,-121.9842545975,2,0,0
3bb5d6c4-17d0-4088-a616-11ce03dd3274,1480723557.682,354.6,37.3971910176667,-121.984246242333,2,0,0
3bb5d6c4-17d0-4088-a616-11ce03dd3274,1480723557.885,354.8,37.3971912438333,-121.984238333667,2,0,0
3bb5d6c4-17d0-4088-a616-11ce03dd3274,1480723558.081,355,37.3971912528333,-121.984230586333,2,0,0
3bb5d6c4-17d0-4088-a616-11ce03dd3274,1480723558.282,355.2,37.3971914413333,-121.984222794833,2,0,0
3bb5d6c4-17d0-4088-a616-11ce03dd3274,1480723558.487,355.4,37.3971917996667,-121.984214484167,2,0,0
3bb5d6c4-17d0-4088-a616-11ce03dd3274,1480723558.682,355.6,37.3971919275,-121.9842062565,2,0,0
3bb5d6c4-17d0-4088-a616-11ce03dd3274,1480723558.885,355.8,37.3971922028333,-121.984198062333,2,0,0
3bb5d6c4-17d0-4088-a616-11ce03dd3274,1480723559.079,356,37.3971924481667,-121.9841895465,2,0,0
3bb5d6c4-17d0-4088-a616-11ce03dd3274,1480723559.281,356.2,37.3971926275,-121.984180836667,2,0,0
3bb5d6c4-17d0-4088-a616-11ce03dd3274,1480723559.481,356.4,37.3971928705,-121.9841720415,2,0,0
3bb5d6c4-17d0-4088-a616-11ce03dd3274,1480723559.681,356.6,37.3971931673333,-121.984163086,2,0,0
3bb5d6c4-17d0-4088-a616-11ce03dd3274,1480723559.879,356.8,37.3971933681667,-121.9841540895,2,0,0
3bb5d6c4-17d0-4088-a616-11ce03dd3274,1480723560.088,357,37.397193539,-121.984145071333,2,0,0
3bb5d6c4-17d0-4088-a616-11ce03dd3274,1480723560.281,357.2,37.3971937245,-121.984136045,2,0,0
3bb5d6c4-17d0-4088-a616-11ce03dd3274,1480723560.488,357.4,37.3971940738333,-121.984126912167,2,0,0
3bb5d6c4-17d0-4088-a616-11ce03dd3274,1480723560.682,357.6,37.3971943328333,-121.984117714,2,0,0
3bb5d6c4-17d0-4088-a616-11ce03dd3274,1480723560.885,357.8,37.3971945575,-121.984108478667,2,0,0
3bb5d6c4-17d0-4088-a616-11ce03dd3274,1480723561.082,358,37.3971947276667,-121.9840992075,2,0,0
3bb5d6c4-17d0-4088-a616-11ce03dd3274,1480723561.282,358.2,37.3971948896667,-121.984089849833,2,0,0
3bb5d6c4-17d0-4088-a616-11ce03dd3274,1480723561.484,358.4,37.3971950831667,-121.984080543167,2,0,0
3bb5d6c4-17d0-4088-a616-11ce03dd3274,1480723561.686,358.6,37.3971950843333,-121.9840711105,2,0,0
3bb5d6c4-17d0-4088-a616-11ce03dd3274,1480723561.886,358.8,37.3971951831667,-121.984061705,2,0,0
3bb5d6c4-17d0-4088-a616-11ce03dd3274,1480723562.082,359,37.3971951938333,-121.984052296833,2,0,0
3bb5d6c4-17d0-4088-a616-11ce03dd3274,1480723562.288,359.2,37.3971951453333,-121.9840427655,2,0,0
3bb5d6c4-17d0-4088-a616-11ce03dd3274,1480723562.478,359.4,37.3971953355,-121.984033239667,2,0,0
3bb5d6c4-17d0-4088-a616-11ce03dd3274,1480723562.679,359.6,37.3971953773333,-121.984023697333,2,0,0
3bb5d6c4-17d0-4088-a616-11ce03dd3274,1480723562.885,359.8,37.3971953853333,-121.9840142085,2,0,0
3bb5d6c4-17d0-4088-a616-11ce03dd3274,1480723563.08,360,37.3971953146667,-121.984004686333,2,0,0
3bb5d6c4-17d0-4088-a616-11ce03dd3274,1480723563.277,360.2,37.3971953026667,-121.983995101167,2,0,0
3bb5d6c4-17d0-4088-a616-11ce03dd3274,1480723563.478,360.4,37.397195126,-121.983985589833,2,0,0
3bb5d6c4-17d0-4088-a616-11ce03dd3274,1480723563.681,360.6,37.3971949925,-121.983976120667,2,0,0
3bb5d6c4-17d0-4088-a616-11ce03dd3274,1480723563.885,360.8,37.397194853,-121.9839666015,2,0,0
3bb5d6c4-17d0-4088-a616-11ce03dd3274,1480723564.08,361,37.3971947468333,-121.9839571755,2,0,0
3bb5d6c4-17d0-4088-a616-11ce03dd3274,1480723564.281,361.2,37.3971946485,-121.983947717667,2,0,0
3bb5d6c4-17d0-4088-a616-11ce03dd3274,1480723564.483,361.4,37.3971944806667,-121.983938305167,2,0,0
3bb5d6c4-17d0-4088-a616-11ce03dd3274,1480723564.683,361.6,37.3971941146667,-121.983928935667,2,0,0
3bb5d6c4-17d0-4088-a616-11ce03dd3274,1480723564.88,361.8,37.3971938223333,-121.983919481667,2,0,0
3bb5d6c4-17d0-4088-a616-11ce03dd3274,1480723565.087,362,37.397193563,-121.983910166333,2,0,0
3bb5d6c4-17d0-4088-a616-11ce03dd3274,1480723565.281,362.2,37.3971931273333,-121.983900822333,2,0,0
3bb5d6c4-17d0-4088-a616-11ce03dd3274,1480723565.484,362.4,37.3971927213333,-121.983891524667,2,0,0
3bb5d6c4-17d0-4088-a616-11ce03dd3274,1480723565.687,362.6,37.3971923515,-121.983882165,2,0,0
3bb5d6c4-17d0-4088-a616-11ce03dd3274,1480723565.878,362.8,37.3971918288333,-121.983872781167,2,0,0
3bb5d6c4-17d0-4088-a616-11ce03dd3274,1480723566.084,363,37.3971910761667,-121.983863495667,2,0,0
3bb5d6c4-17d0-4088-a616-11ce03dd3274,1480723566.287,363.2,37.3971901905,-121.983854241667,2,0,0
3bb5d6c4-17d0-4088-a616-11ce03dd3274,1480723566.482,363.4,37.3971892306667,-121.9838449305,2,0,0
3bb5d6c4-17d0-4088-a616-11ce03dd3274,1480723566.685,363.6,37.3971878628333,-121.983835769,2,0,0
3bb5d6c4-17d0-4088-a616-11ce03dd3274,1480723566.878,363.8,37.3971861878333,-121.983826688,2,0,0
3bb5d6c4-17d0-4088-a616-11ce03dd3274,1480723567.085,364,37.3971842011667,-121.983817623667,2,0,0
3bb5d6c4-17d0-4088-a616-11ce03dd3274,1480723567.288,364.2,37.3971818755,-121.983808729167,2,0,0
3bb5d6c4-17d0-4088-a616-11ce03dd3274,1480723567.481,364.4,37.397179042,-121.983800092667,2,0,0
3bb5d6c4-17d0-4088-a616-11ce03dd3274,1480723567.681,364.6,37.3971755471667,-121.983791942167,2,0,0
3bb5d6c4-17d0-4088-a616-11ce03dd3274,1480723567.883,364.8,37.3971715265,-121.983784137667,2,0,0
3bb5d6c4-17d0-4088-a616-11ce03dd3274,1480723568.079,365,37.3971668983333,-121.983777033,2,0,0
3bb5d6c4-17d0-4088-a616-11ce03dd3274,1480723568.281,365.2,37.3971616958333,-121.983770579,2,0,0
3bb5d6c4-17d0-4088-a616-11ce03dd3274,1480723568.488,365.4,37.3971559488333,-121.983764820667,2,0,0
3bb5d6c4-17d0-4088-a616-11ce03dd3274,1480723568.684,365.6,37.3971495535,-121.983760098333,2,0,0
3bb5d6c4-17d0-4088-a616-11ce03dd3274,1480723568.879,365.8,37.3971428953333,-121.983756519333,2,0,0
3bb5d6c4-17d0-4088-a616-11ce03dd3274,1480723569.086,366,37.3971360408333,-121.983753847333,2,0,0
3bb5d6c4-17d0-4088-a616-11ce03dd3274,1480723569.286,366.2,37.3971290063333,-121.983752200667,2,0,0
3bb5d6c4-17d0-4088-a616-11ce03dd3274,1480723569.486,366.4,37.3971219515,-121.983751687833,2,0,0
3bb5d6c4-17d0-4088-a616-11ce03dd3274,1480723569.678,366.6,37.3971149508333,-121.983752106333,2,0,0
3bb5d6c4-17d0-4088-a616-11ce03dd3274,1480723569.881,366.8,37.3971080568333,-121.983753509667,2,0,0
3bb5d6c4-17d0-4088-a616-11ce03dd3274,1480723570.079,367,37.397101337,-121.983755712,2,0,0
3bb5d6c4-17d0-4088-a616-11ce03dd3274,1480723570.285,367.2,37.3970947446667,-121.9837587065,2,0,0
3bb5d6c4-17d0-4088-a616-11ce03dd3274,1480723570.478,367.4,37.3970884908333,-121.983762313833,2,0,0
3bb5d6c4-17d0-4088-a616-11ce03dd3274,1480723570.679,367.6,37.3970824055,-121.9837662245,2,0,0
3bb5d6c4-17d0-4088-a616-11ce03dd3274,1480723570.884,367.8,37.3970767331667,-121.983770521333,2,0,0
3bb5d6c4-17d0-4088-a616-11ce03dd3274,1480723571.078,368,37.3970713396667,-121.983775036333,2,0,0
3bb5d6c4-17d0-4088-a616-11ce03dd3274,1480723571.286,368.2,37.3970661173333,-121.983779507333,2,0,0
3bb5d6c4-17d0-4088-a616-11ce03dd3274,1480723571.485,368.4,37.397061024,-121.983783865833,2,0,0
3bb5d6c4-17d0-4088-a616-11ce03dd3274,1480723571.687,368.6,37.3970558485,-121.983787652333,2,0,0
3bb5d6c4-17d0-4088-a616-11ce03dd3274,1480723571.884,368.8,37.3970507653333,-121.983791083333,2,0,0
3bb5d6c4-17d0-4088-a616-11ce03dd3274,1480723572.085,369,37.3970457486667,-121.983794125167,2,0,0
3bb5d6c4-17d0-4088-a616-11ce03dd3274,1480723572.28,369.2,37.3970407766667,-121.983796381333,2,0,0
3bb5d6c4-17d0-4088-a616-11ce03dd3274,1480723572.48,369.4,37.3970358825,-121.983797908667,2,0,0
3bb5d6c4-17d0-4088-a616-11ce03dd3274,1480723572.682,369.6,37.3970311568333,-121.983798858667,2,0,0
3bb5d6c4-17d0-4088-a616-11ce03dd3274,1480723572.878,369.8,37.3970265461667,-121.983799186833,2,0,0
3bb5d6c4-17d0-4088-a616-11ce03dd3274,1480723573.081,370,37.3970222096667,-121.983798727,2,0,0
3bb5d6c4-17d0-4088-a616-11ce03dd3274,1480723573.287,370.2,37.3970181081667,-121.983797611,2,0,0
3bb5d6c4-17d0-4088-a616-11ce03dd3274,1480723573.479,370.4,37.3970141073333,-121.983796135167,2,0,0
3bb5d6c4-17d0-4088-a616-11ce03dd3274,1480723573.682,370.6,37.3970103941667,-121.983794279167,2,0,0
3bb5d6c4-17d0-4088-a616-11ce03dd3274,1480723573.878,370.8,37.3970068855,-121.983791906833,2,0,0
3bb5d6c4-17d0-4088-a616-11ce03dd3274,1480723574.081,371,37.397003616,-121.983788998,2,0,0
3bb5d6c4-17d0-4088-a616-11ce03dd3274,1480723574.281,371.2,37.3970006376667,-121.983785835333,2,0,0
3bb5d6c4-17d0-4088-a616-11ce03dd3274,1480723574.481,371.4,37.3969978633333,-121.9837824,2,0,0
3bb5d6c4-17d0-4088-a616-11ce03dd3274,1480723574.684,371.6,37.3969954276667,-121.9837786,2,0,0
3bb5d6c4-17d0-4088-a616-11ce03dd3274,1480723574.888,371.8,37.3969933283333,-121.9837744085,2,0,0
3bb5d6c4-17d0-4088-a616-11ce03dd3274,1480723575.083,372,37.396991633,-121.9837699785,2,0,0
3bb5d6c4-17d0-4088-a616-11ce03dd3274,1480723575.28,372.2,37.3969902136667,-121.9837654135,2,0,0
3bb5d6c4-17d0-4088-a616-11ce03dd3274,1480723575.485,372.4,37.3969890666667,-121.983760507333,2,0,0
3bb5d6c4-17d0-4088-a616-11ce03dd3274,1480723575.677,372.6,37.3969883756667,-121.983755536667,2,0,0
3bb5d6c4-17d0-4088-a616-11ce03dd3274,1480723575.883,372.8,37.396987988,-121.9837504165,2,0,0
3bb5d6c4-17d0-4088-a616-11ce03dd3274,1480723576.077,373,37.3969880041667,-121.983745356833,2,0,0
3bb5d6c4-17d0-4088-a616-11ce03dd3274,1480723576.283,373.2,37.3969885666667,-121.983740240167,2,0,0
3bb5d6c4-17d0-4088-a616-11ce03dd3274,1480723576.483,373.4,37.3969895001667,-121.983735178,2,0,0
3bb5d6c4-17d0-4088-a616-11ce03dd3274,1480723576.684,373.6,37.3969909338333,-121.9837301405,2,0,0
3bb5d6c4-17d0-4088-a616-11ce03dd3274,1480723576.877,373.8,37.396992818,-121.983725299833,2,0,0
3bb5d6c4-17d0-4088-a616-11ce03dd3274,1480723577.081,374,37.3969951886667,-121.983720655,2,0,0
3bb5d6c4-17d0-4088-a616-11ce03dd3274,1480723577.285,374.2,37.3969979408333,-121.983716265333,2,0,0
3bb5d6c4-17d0-4088-a616-11ce03dd3274,1480723577.483,374.4,37.3970010405,-121.983712218667,2,0,0
3bb5d6c4-17d0-4088-a616-11ce03dd3274,1480723577.678,374.6,37.397004572,-121.983708748667,2,0,0
3bb5d6c4-17d0-4088-a616-11ce03dd3274,1480723577.881,374.8,37.3970083466667,-121.983705517,2,0,0
3bb5d6c4-17d0-4088-a616-11ce03dd3274,1480723578.078,375,37.397012426,-121.983702912167,2,0,0
3bb5d6c4-17d0-4088-a616-11ce03dd3274,1480723578.277,375.2,37.397016709,-121.983700827167,2,0,0
3bb5d6c4-17d0-4088-a616-11ce03dd3274,1480723578.481,375.4,37.3970212543333,-121.983699312667,2,0,0
3bb5d6c4-17d0-4088-a616-11ce03dd3274,1480723578.682,375.6,37.397025979,-121.983698147833,2,0,0
3bb5d6c4-17d0-4088-a616-11ce03dd3274,1480723578.884,375.8,37.3970308518333,-121.983697455333,2,0,0
3bb5d6c4-17d0-4088-a616-11ce03dd3274,1480723579.087,376,37.3970358651667,-121.983697029167,2,0,0
3bb5d6c4-17d0-4088-a616-11ce03dd3274,1480723579.286,376.2,37.397040939,-121.983696864,2,0,0
3bb5d6c4-17d0-4088-a616-11ce03dd3274,1480723579.484,376.4,37.3970460523333,-121.983697077833,2,0,0
3bb5d6c4-17d0-4088-a616-11ce03dd3274,1480723579.683,376.6,37.3970512096667,-121.983697588667,2,0,0
3bb5d6c4-17d0-4088-a616-11ce03dd3274,1480723579.887,376.8,37.3970565136667,-121.983698165,2,0,0
3bb5d6c4-17d0-4088-a616-11ce03dd3274,1480723580.08,377,37.3970618821667,-121.98369892,2,0,0
3bb5d6c4-17d0-4088-a616-11ce03dd3274,1480723580.286,377.2,37.3970673678333,-121.983700136,2,0,0
3bb5d6c4-17d0-4088-a616-11ce03dd3274,1480723580.478,377.4,37.3970728708333,-121.983701612,2,0,0
3bb5d6c4-17d0-4088-a616-11ce03dd3274,1480723580.688,377.6,37.3970784441667,-121.983703253167,2,0,0
3bb5d6c4-17d0-4088-a616-11ce03dd3274,1480723580.881,377.8,37.3970840261667,-121.983705243,2,0,0
3bb5d6c4-17d0-4088-a616-11ce03dd3274,1480723581.082,378,37.3970895465,-121.983707622333,2,0,0
3bb5d6c4-17d0-4088-a616-11ce03dd3274,1480723581.279,378.2,37.3970950745,-121.983710192167,2,0,0
3bb5d6c4-17d0-4088-a616-11ce03dd3274,1480723581.481,378.4,37.3971004761667,-121.9837131925,2,0,0
3bb5d6c4-17d0-4088-a616-11ce03dd3274,1480723581.68,378.6,37.3971057506667,-121.983716521333,2,0,0
3bb5d6c4-17d0-4088-a616-11ce03dd3274,1480723581.882,378.8,37.3971109866667,-121.983720171833,2,0,0
3bb5d6c4-17d0-4088-a616-11ce03dd3274,1480723582.086,379,37.3971160255,-121.983724062833,2,0,0
3bb5d6c4-17d0-4088-a616-11ce03dd3274,1480723582.281,379.2,37.3971208441667,-121.983728343667,2,0,0
3bb5d6c4-17d0-4088-a616-11ce03dd3274,1480723582.483,379.4,37.397125576,-121.983732975667,2,0,0
3bb5d6c4-17d0-4088-a616-11ce03dd3274,1480723582.685,379.6,37.3971300893333,-121.983737866,2,0,0
3bb5d6c4-17d0-4088-a616-11ce03dd3274,1480723582.878,379.8,37.3971343156667,-121.983742961,2,0,0
3bb5d6c4-17d0-4088-a616-11ce03dd3274,1480723583.083,380,37.3971384396667,-121.983748244167,2,0,0
3bb5d6c4-17d0-4088-a616-11ce03dd3274,1480723583.277,380.2,37.3971423265,-121.983753758,2,0,0
3bb5d6c4-17d0-4088-a616-11ce03dd3274,1480723583.481,380.4,37.3971460661667,-121.9837596105,2,0,0
3bb5d6c4-17d0-4088-a616-11ce03dd3274,1480723583.685,380.6,37.3971496795,-121.983765512,2,0,0
3bb5d6c4-17d0-4088-a616-11ce03dd3274,1480723583.88,380.8,37.397152963,-121.983771734167,2,0,0
3bb5d6c4-17d0-4088-a616-11ce03dd3274,1480723584.085,381,37.3971560201667,-121.9837780685,2,0,0
3bb5d6c4-17d0-4088-a616-11ce03dd3274,1480723584.279,381.2,37.3971588426667,-121.983784656833,2,0,0
3bb5d6c4-17d0-4088-a616-11ce03dd3274,1480723584.479,381.4,37.3971614103333,-121.983791367667,2,0,0
3bb5d6c4-17d0-4088-a616-11ce03dd3274,1480723584.679,381.6,37.3971636158333,-121.983798452167,2,0,0
3bb5d6c4-17d0-4088-a616-11ce03dd3274,1480723584.887,381.8,37.3971657768333,-121.983805613667,2,0,0
3bb5d6c4-17d0-4088-a616-11ce03dd3274,1480723585.077,382,37.3971676973333,-121.983812885667,2,0,0
3bb5d6c4-17d0-4088-a616-11ce03dd3274,1480723585.28,382.2,37.397169414,-121.983820323333,2,0,0
3bb5d6c4-17d0-4088-a616-11ce03dd3274,1480723585.485,382.4,37.3971709245,-121.983827838167,2,0,0
3bb5d6c4-17d0-4088-a616-11ce03dd3274,1480723585.678,382.6,37.397172348,-121.983835472667,2,0,0
3bb5d6c4-17d0-4088-a616-11ce03dd3274,1480723585.881,382.8,37.3971736343333,-121.983843207167,2,0,0
3bb5d6c4-17d0-4088-a616-11ce03dd3274,1480723586.079,383,37.3971747848333,-121.9838510455,2,0,0
3bb5d6c4-17d0-4088-a616-11ce03dd3274,1480723586.279,383.2,37.397175796,-121.9838590625,2,0,0
3bb5d6c4-17d0-4088-a616-11ce03dd3274,1480723586.486,383.4,37.3971765346667,-121.983867099,2,0,0
3bb5d6c4-17d0-4088-a616-11ce03dd3274,1480723586.688,383.6,37.3971771976667,-121.983875231333,2,0,0
3bb5d6c4-17d0-4088-a616-11ce03dd3274,1480723586.882,383.8,37.3971778125,-121.983883457333,2,0,0
3bb5d6c4-17d0-4088-a616-11ce03dd3274,1480723587.084,384,37.3971782596667,-121.983891703,2,0,0
3bb5d6c4-17d0-4088-a616-11ce03dd3274,1480723587.286,384.2,37.3971785528333,-121.9839000535,2,0,0
3bb5d6c4-17d0-4088-a616-11ce03dd3274,1480723587.479,384.4,37.3971788625,-121.9839084615,2,0,0
3bb5d6c4-17d0-4088-a616-11ce03dd3274,1480723587.684,384.6,37.3971791333333,-121.9839168775,2,0,0
3bb5d6c4-17d0-4088-a616-11ce03dd3274,1480723587.88,384.8,37.3971793095,-121.983925394333,2,0,0
3bb5d6c4-17d0-4088-a616-11ce03dd3274,1480723588.08,385,37.3971794791667,-121.983933962,2,0,0
3bb5d6c4-17d0-4088-a616-11ce03dd3274,1480723588.281,385.2,37.3971796576667,-121.983942519833,2,0,0
3bb5d6c4-17d0-4088-a616-11ce03dd3274,1480723588.485,385.4,37.3971798626667,-121.983951120167,2,0,0
3bb5d6c4-17d0-4088-a616-11ce03dd3274,1480723588.682,385.6,37.3971800106667,-121.983959808333,2,0,0
3bb5d6c4-17d0-4088-a616-11ce03dd3274,1480723588.887,385.8,37.3971801643333,-121.983968637,2,0,0
3bb5d6c4-17d0-4088-a616-11ce03dd3274,1480723589.085,386,37.3971802176667,-121.983977457333,2,0,0
3bb5d6c4-17d0-4088-a616-11ce03dd3274,1480723589.289,386.2,37.3971803441667,-121.983986212,2,0,0
3bb5d6c4-17d0-4088-a616-11ce03dd3274,1480723589.48,386.4,37.3971804253333,-121.983994980167,2,0,0
3bb5d6c4-17d0-4088-a616-11ce03dd3274,1480723589.682,386.6,37.3971804613333,-121.984003662,2,0,0
3bb5d6c4-17d0-4088-a616-11ce03dd3274,1480723589.882,386.8,37.3971804956667,-121.984012281667,2,0,0
3bb5d6c4-17d0-4088-a616-11ce03dd3274,1480723590.08,387,37.3971805355,-121.9840207725,2,0,0
3bb5d6c4-17d0-4088-a616-11ce03dd3274,1480723590.287,387.2,37.397180549,-121.984029319333,2,0,0
3bb5d6c4-17d0-4088-a616-11ce03dd3274,1480723590.484,387.4,37.3971805531667,-121.984037728833,2,0,0
3bb5d6c4-17d0-4088-a616-11ce03dd3274,1480723590.685,387.6,37.3971805713333,-121.984046064333,2,0,0
3bb5d6c4-17d0-4088-a616-11ce03dd3274,1480723590.877,387.8,37.3971806493333,-121.984054363833,2,0,0
3bb5d6c4-17d0-4088-a616-11ce03dd3274,1480723591.078,388,37.397180613,-121.984062659833,2,0,0
3bb5d6c4-17d0-4088-a616-11ce03dd3274,1480723591.28,388.2,37.397180588,-121.984070886167,2,0,0
3bb5d6c4-17d0-4088-a616-11ce03dd3274,1480723591.484,388.4,37.3971806696667,-121.984079043667,2,0,0
3bb5d6c4-17d0-4088-a616-11ce03dd3274,1480723591.678,388.6,37.3971805983333,-121.984087211333,2,0,0
3bb5d6c4-17d0-4088-a616-11ce03dd3274,1480723591.887,388.8,37.3971805461667,-121.984095402,2,0,0
3bb5d6c4-17d0-4088-a616-11ce03dd3274,1480723592.078,389,37.3971805405,-121.984103502667,2,0,0
3bb5d6c4-17d0-4088-a616-11ce03dd3274,1480723592.286,389.2,37.3971805315,-121.984111538333,2,0,0
3bb5d6c4-17d0-4088-a616-11ce03dd3274,1480723592.477,389.4,37.397180446,-121.984119632167,2,0,0
3bb5d6c4-17d0-4088-a616-11ce03dd3274,1480723592.68,389.6,37.3971803658333,-121.984127649167,2,0,0
3bb5d6c4-17d0-4088-a616-11ce03dd3274,1480723592.887,389.8,37.3971802931667,-121.984135650667,2,0,0
3bb5d6c4-17d0-4088-a616-11ce03dd3274,1480723593.08,390,37.3971801808333,-121.9841435545,2,0,0
3bb5d6c4-17d0-4088-a616-11ce03dd3274,1480723593.286,390.2,37.397180119,-121.9841514415,2,0,0
3bb5d6c4-17d0-4088-a616-11ce03dd3274,1480723593.477,390.4,37.3971800658333,-121.984159334333,2,0,0
3bb5d6c4-17d0-4088-a616-11ce03dd3274,1480723593.678,390.6,37.3971800163333,-121.984167114,2,0,0
3bb5d6c4-17d0-4088-a616-11ce03dd3274,1480723593.881,390.8,37.397179934,-121.984174868,2,0,0
3bb5d6c4-17d0-4088-a616-11ce03dd3274,1480723594.083,391,37.3971798583333,-121.984182571833,2,0,0
3bb5d6c4-17d0-4088-a616-11ce03dd3274,1480723594.283,391.2,37.3971798338333,-121.984190260333,2,0,0
3bb5d6c4-17d0-4088-a616-11ce03dd3274,1480723594.485,391.4,37.397179761,-121.9841978525,2,0,0
3bb5d6c4-17d0-4088-a616-11ce03dd3274,1480723594.686,391.6,37.3971797203333,-121.984205516667,2,0,0
3bb5d6c4-17d0-4088-a616-11ce03dd3274,1480723594.88,391.8,37.397179705,-121.984213108167,2,0,0
3bb5d6c4-17d0-4088-a616-11ce03dd3274,1480723595.083,392,37.3971796695,-121.984220622167,2,0,0
3bb5d6c4-17d0-4088-a616-11ce03dd3274,1480723595.288,392.2,37.3971797168333,-121.984227657667,2,0,0
3bb5d6c4-17d0-4088-a616-11ce03dd3274,1480723595.479,392.4,37.3971797621667,-121.9842351955,2,0,0
3bb5d6c4-17d0-4088-a616-11ce03dd3274,1480723595.679,392.6,37.3971797195,-121.984243029,2,0,0
3bb5d6c4-17d0-4088-a616-11ce03dd3274,1480723595.882,392.8,37.397179653,-121.9842504195,2,0,0
3bb5d6c4-17d0-4088-a616-11ce03dd3274,1480723596.083,393,37.3971798361667,-121.984257803667,2,0,0
3bb5d6c4-17d0-4088-a616-11ce03dd3274,1480723596.278,393.2,37.3971798833333,-121.9842648715,2,0,0
3bb5d6c4-17d0-4088-a616-11ce03dd3274,1480723596.483,393.4,37.3971798741667,-121.984272063,2,0,0
3bb5d6c4-17d0-4088-a616-11ce03dd3274,1480723596.686,393.6,37.3971799688333,-121.984279743833,2,0,0
3bb5d6c4-17d0-4088-a616-11ce03dd3274,1480723596.886,393.8,37.3971801551667,-121.984287235667,2,0,0
3bb5d6c4-17d0-4088-a616-11ce03dd3274,1480723597.082,394,37.3971802036667,-121.984294740167,2,0,0
3bb5d6c4-17d0-4088-a616-11ce03dd3274,1480723597.287,394.2,37.3971802378333,-121.984302455,2,0,0
3bb5d6c4-17d0-4088-a616-11ce03dd3274,1480723597.486,394.4,37.3971803663333,-121.9843102365,2,0,0
3bb5d6c4-17d0-4088-a616-11ce03dd3274,1480723597.687,394.6,37.3971805016667,-121.984318030667,2,0,0
3bb5d6c4-17d0-4088-a616-11ce03dd3274,1480723597.879,394.8,37.3971805985,-121.984325847833,2,0,0
3bb5d6c4-17d0-4088-a616-11ce03dd3274,1480723598.079,395,37.3971806608333,-121.984333672,2,0,0
3bb5d6c4-17d0-4088-a616-11ce03dd3274,1480723598.282,395.2,37.3971807561667,-121.984341434833,2,0,0
3bb5d6c4-17d0-4088-a616-11ce03dd3274,1480723598.487,395.4,37.3971808276667,-121.984349228833,2,0,0
3bb5d6c4-17d0-4088-a616-11ce03dd3274,1480723598.678,395.6,37.3971808908333,-121.984357007333,2,0,0
3bb5d6c4-17d0-4088-a616-11ce03dd3274,1480723598.886,395.8,37.3971809793333,-121.984364798333,2,0,0
3bb5d6c4-17d0-4088-a616-11ce03dd3274,1480723599.08,396,37.3971810686667,-121.984372564833,2,0,0
3bb5d6c4-17d0-4088-a616-11ce03dd3274,1480723599.285,396.2,37.3971812073333,-121.984380327833,2,0,0
3bb5d6c4-17d0-4088-a616-11ce03dd3274,1480723599.488,396.4,37.3971812641667,-121.984388112667,2,0,0
3bb5d6c4-17d0-4088-a616-11ce03dd3274,1480723599.677,396.6,37.3971813378333,-121.9843958585,2,0,0
3bb5d6c4-17d0-4088-a616-11ce03dd3274,1480723599.884,396.8,37.3971814703333,-121.984403641667,2,0,0
3bb5d6c4-17d0-4088-a616-11ce03dd3274,1480723600.078,397,37.3971815726667,-121.984411247667,2,0,0
3bb5d6c4-17d0-4088-a616-11ce03dd3274,1480723600.284,397.2,37.3971817071667,-121.984418656333,2,0,0
3bb5d6c4-17d0-4088-a616-11ce03dd3274,1480723600.48,397.4,37.397181799,-121.984426602333,2,0,0
3bb5d6c4-17d0-4088-a616-11ce03dd3274,1480723600.677,397.6,37.3971818171667,-121.984434625833,2,0,0
3bb5d6c4-17d0-4088-a616-11ce03dd3274,1480723600.88,397.8,37.3971819408333,-121.984442264833,2,0,0
3bb5d6c4-17d0-4088-a616-11ce03dd3274,1480723601.078,398,37.3971821613333,-121.984449816833,2,0,0
3bb5d6c4-17d0-4088-a616-11ce03dd3274,1480723601.28,398.2,37.3971822263333,-121.984457163167,2,0,0
3bb5d6c4-17d0-4088-a616-11ce03dd3274,1480723601.481,398.4,37.397182336,-121.984465127167,2,0,0
3bb5d6c4-17d0-4088-a616-11ce03dd3274,1480723601.686,398.6,37.3971825286667,-121.984473087833,2,0,0
3bb5d6c4-17d0-4088-a616-11ce03dd3274,1480723601.879,398.8,37.3971827286667,-121.984480938833,2,0,0
3bb5d6c4-17d0-4088-a616-11ce03dd3274,1480723602.083,399,37.3971828591667,-121.984489010667,2,0,0
3bb5d6c4-17d0-4088-a616-11ce03dd3274,1480723602.284,399.2,37.397182996,-121.984497228333,2,0,0
3bb5d6c4-17d0-4088-a616-11ce03dd3274,1480723602.478,399.4,37.3971831206667,-121.9845055155,2,0,0
3bb5d6c4-17d0-4088-a616-11ce03dd3274,1480723602.684,399.6,37.3971832451667,-121.984513823667,2,0,0
3bb5d6c4-17d0-4088-a616-11ce03dd3274,1480723602.881,399.8,37.3971833393333,-121.984522151667,2,0,0
3bb5d6c4-17d0-4088-a616-11ce03dd3274,1480723603.08,400,37.3971833476667,-121.984530446333,2,0,0
3bb5d6c4-17d0-4088-a616-11ce03dd3274,1480723603.285,400.2,37.397183446,-121.9845387515,2,0,0
3bb5d6c4-17d0-4088-a616-11ce03dd3274,1480723603.477,400.4,37.3971835506667,-121.984547036,2,0,0
3bb5d6c4-17d0-4088-a616-11ce03dd3274,1480723603.682,400.6,37.3971835881667,-121.984555322833,2,0,0
3bb5d6c4-17d0-4088-a616-11ce03dd3274,1480723603.877,400.8,37.3971836495,-121.984563614667,2,0,0
3bb5d6c4-17d0-4088-a616-11ce03dd3274,1480723604.086,401,37.3971837143333,-121.984571950167,2,0,0
3bb5d6c4-17d0-4088-a616-11ce03dd3274,1480723604.278,401.2,37.3971837543333,-121.984580252667,2,0,0
3bb5d6c4-17d0-4088-a616-11ce03dd3274,1480723604.479,401.4,37.3971837853333,-121.984588617333,2,0,0
3bb5d6c4-17d0-4088-a616-11ce03dd3274,1480723604.684,401.6,37.3971839275,-121.984596903333,2,0,0
3bb5d6c4-17d0-4088-a616-11ce03dd3274,1480723604.877,401.8,37.397183976,-121.984605149167,2,0,0
3bb5d6c4-17d0-4088-a616-11ce03dd3274,1480723605.085,402,37.3971840195,-121.984613489667,2,0,0
3bb5d6c4-17d0-4088-a616-11ce03dd3274,1480723605.281,402.2,37.3971840671667,-121.9846217945,2,0,0
3bb5d6c4-17d0-4088-a616-11ce03dd3274,1480723605.483,402.4,37.39718405,-121.984630003167,2,0,0
3bb5d6c4-17d0-4088-a616-11ce03dd3274,1480723605.685,402.6,37.3971838596667,-121.984638203333,2,0,0
3bb5d6c4-17d0-4088-a616-11ce03dd3274,1480723605.883,402.8,37.3971835198333,-121.9846463105,2,0,0
3bb5d6c4-17d0-4088-a616-11ce03dd3274,1480723606.08,403,37.3971829321667,-121.984654321167,2,0,0
3bb5d6c4-17d0-4088-a616-11ce03dd3274,1480723606.281,403.2,37.3971822041667,-121.984662289,2,0,0
3bb5d6c4-17d0-4088-a616-11ce03dd3274,1480723606.482,403.4,37.3971810856667,-121.984670173833,2,0,0
3bb5d6c4-17d0-4088-a616-11ce03dd3274,1480723606.683,403.6,37.3971795126667,-121.984677872333,2,0,0
3bb5d6c4-17d0-4088-a616-11ce03dd3274,1480723606.881,403.8,37.3971776636667,-121.984685354667,2,0,0
3bb5d6c4-17d0-4088-a616-11ce03dd3274,1480723607.087,404,37.3971755778333,-121.984692417333,2,0,0
3bb5d6c4-17d0-4088-a616-11ce03dd3274,1480723607.282,404.2,37.3971730995,-121.984699291167,2,0,0
3bb5d6c4-17d0-4088-a616-11ce03dd3274,1480723607.477,404.4,37.3971702253333,-121.984706063167,2,0,0
3bb5d6c4-17d0-4088-a616-11ce03dd3274,1480723607.679,404.6,37.3971669401667,-121.984712543667,2,0,0
3bb5d6c4-17d0-4088-a616-11ce03dd3274,1480723607.887,404.8,37.3971634116667,-121.9847188625,2,0,0
3bb5d6c4-17d0-4088-a616-11ce03dd3274,1480723608.078,405,37.3971596961667,-121.984724810833,2,0,0
3bb5d6c4-17d0-4088-a616-11ce03dd3274,1480723608.28,405.2,37.3971556661667,-121.984730421833,2,0,0
3bb5d6c4-17d0-4088-a616-11ce03dd3274,1480723608.486,405.4,37.3971513638333,-121.984735738667,2,0,0
3bb5d6c4-17d0-4088-a616-11ce03dd3274,1480723608.681,405.6,37.3971468696667,-121.9847407335,2,0,0
3bb5d6c4-17d0-4088-a616-11ce03dd3274,1480723608.879,405.8,37.397142336,-121.984745496,2,0,0
3bb5d6c4-17d0-4088-a616-11ce03dd3274,1480723609.083,406,37.3971376273333,-121.984750000167,2,0,0
3bb5d6c4-17d0-4088-a616-11ce03dd3274,1480723609.279,406.2,37.3971327956667,-121.984754287,2,0,0
3bb5d6c4-17d0-4088-a616-11ce03dd3274,1480723609.477,406.4,37.3971279073333,-121.984758219667,2,0,0
3bb5d6c4-17d0-4088-a616-11ce03dd3274,1480723609.678,406.6,37.3971229638333,-121.984761977,2,0,0
3bb5d6c4-17d0-4088-a616-11ce03dd3274,1480723609.882,406.8,37.3971180703333,-121.984765558333,2,0,0
3bb5d6c4-17d0-4088-a616-11ce03dd3274,1480723610.076,407,37.3971133066667,-121.984769004667,2,0,0
3bb5d6c4-17d0-4088-a616-11ce03dd3274,1480723610.282,407.2,37.3971085341667,-121.984772368333,2,0,0
3bb5d6c4-17d0-4088-a616-11ce03dd3274,1480723610.486,407.4,37.3971038223333,-121.984775578833,2,0,0
3bb5d6c4-17d0-4088-a616-11ce03dd3274,1480723610.68,407.6,37.3970991441667,-121.984778682,2,0,0
3bb5d6c4-17d0-4088-a616-11ce03dd3274,1480723610.885,407.8,37.3970945535,-121.984781773667,2,0,0
3bb5d6c4-17d0-4088-a616-11ce03dd3274,1480723611.082,408,37.397090167,-121.984784983333,2,0,0
3bb5d6c4-17d0-4088-a616-11ce03dd3274,1480723611.284,408.2,37.397085813,-121.984788102167,2,0,0
3bb5d6c4-17d0-4088-a616-11ce03dd3274,1480723611.477,408.4,37.3970814071667,-121.984791029167,2,0,0
3bb5d6c4-17d0-4088-a616-11ce03dd3274,1480723611.684,408.6,37.397077105,-121.984793964833,2,0,0
3bb5d6c4-17d0-4088-a616-11ce03dd3274,1480723611.876,408.8,37.397073008,-121.984797136667,2,0,0
3bb5d6c4-17d0-4088-a616-11ce03dd3274,1480723612.084,409,37.3970689541667,-121.9848001795,2,0,0
3bb5d6c4-17d0-4088-a616-11ce03dd3274,1480723612.284,409.2,37.3970649191667,-121.9848028575,2,0,0
3bb5d6c4-17d0-4088-a616-11ce03dd3274,1480723612.476,409.4,37.3970608458333,-121.984805288167,2,0,0
3bb5d6c4-17d0-4088-a616-11ce03dd3274,1480723612.681,409.6,37.3970568371667,-121.9848077685,2,0,0
3bb5d6c4-17d0-4088-a616-11ce03dd3274,1480723612.885,409.8,37.3970528023333,-121.98481007,2,0,0
3bb5d6c4-17d0-4088-a616-11ce03dd3274,1480723613.081,410,37.397048858,-121.984812046333,2,0,0
3bb5d6c4-17d0-4088-a616-11ce03dd3274,1480723613.282,410.2,37.3970449231667,-121.984813598333,2,0,0
3bb5d6c4-17d0-4088-a616-11ce03dd3274,1480723613.486,410.4,37.3970410365,-121.984814577,2,0,0
3bb5d6c4-17d0-4088-a616-11ce03dd3274,1480723613.681,410.6,37.3970372413333,-121.984815374833,2,0,0
3bb5d6c4-17d0-4088-a616-11ce03dd3274,1480723613.88,410.8,37.3970334033333,-121.9848158145,2,0,0
3bb5d6c4-17d0-4088-a616-11ce03dd3274,1480723614.081,411,37.3970296683333,-121.984815621667,2,0,0
3bb5d6c4-17d0-4088-a616-11ce03dd3274,1480723614.282,411.2,37.39702599,-121.984814803,2,0,0
3bb5d6c4-17d0-4088-a616-11ce03dd3274,1480723614.486,411.4,37.397022283,-121.984813825167,2,0,0
3bb5d6c4-17d0-4088-a616-11ce03dd3274,1480723614.681,411.6,37.3970187131667,-121.984812396,2,0,0
3bb5d6c4-17d0-4088-a616-11ce03dd3274,1480723614.878,411.8,37.3970153893333,-121.984810508167,2,0,0
3bb5d6c4-17d0-4088-a616-11ce03dd3274,1480723615.082,412,37.3970121691667,-121.984808183,2,0,0
3bb5d6c4-17d0-4088-a616-11ce03dd3274,1480723615.278,412.2,37.3970091166667,-121.984805412833,2,0,0
3bb5d6c4-17d0-4088-a616-11ce03dd3274,1480723615.483,412.4,37.3970062646667,-121.984802389667,2,0,0
3bb5d6c4-17d0-4088-a616-11ce03dd3274,1480723615.681,412.6,37.3970035895,-121.984798958,2,0,0
3bb5d6c4-17d0-4088-a616-11ce03dd3274,1480723615.879,412.8,37.397001177,-121.984795231,2,0,0
3bb5d6c4-17d0-4088-a616-11ce03dd3274,1480723616.08,413,37.3969990668333,-121.984791138667,2,0,0
3bb5d6c4-17d0-4088-a616-11ce03dd3274,1480723616.276,413.2,37.3969973285,-121.984786926167,2,0,0
3bb5d6c4-17d0-4088-a616-11ce03dd3274,1480723616.48,413.4,37.3969960193333,-121.9847824745,2,0,0
3bb5d6c4-17d0-4088-a616-11ce03dd3274,1480723616.68,413.6,37.3969950613333,-121.984777785333,2,0,0
3bb5d6c4-17d0-4088-a616-11ce03dd3274,1480723616.881,413.8,37.3969943991667,-121.984773033,2,0,0
3bb5d6c4-17d0-4088-a616-11ce03dd3274,1480723617.076,414,37.3969940451667,-121.984768166833,2,0,0
3bb5d6c4-17d0-4088-a616-11ce03dd3274,1480723617.282,414.2,37.3969941543333,-121.984763258667,2,0,0
3bb5d6c4-17d0-4088-a616-11ce03dd3274,1480723617.484,414.4,37.3969946646667,-121.984758391833,2,0,0
3bb5d6c4-17d0-4088-a616-11ce03dd3274,1480723617.677,414.6,37.3969955398333,-121.984753622,2,0,0
3bb5d6c4-17d0-4088-a616-11ce03dd3274,1480723617.882,414.8,37.396996822,-121.984748902333,2,0,0
3bb5d6c4-17d0-4088-a616-11ce03dd3274,1480723618.084,415,37.396998491,-121.984744485667,2,0,0
3bb5d6c4-17d0-4088-a616-11ce03dd3274,1480723618.279,415.2,37.3970005876667,-121.984740279667,2,0,0
3bb5d6c4-17d0-4088-a616-11ce03dd3274,1480723618.485,415.4,37.3970030793333,-121.9847363055,2,0,0
3bb5d6c4-17d0-4088-a616-11ce03dd3274,1480723618.677,415.6,37.3970057076667,-121.984732500333,2,0,0
3bb5d6c4-17d0-4088-a616-11ce03dd3274,1480723618.884,415.8,37.3970085701667,-121.9847289915,2,0,0
3bb5d6c4-17d0-4088-a616-11ce03dd3274,1480723619.08,416,37.397011848,-121.984725975833,2,0,0
3bb5d6c4-17d0-4088-a616-11ce03dd3274,1480723619.287,416.2,37.3970155111667,-121.9847233125,2,0,0
3bb5d6c4-17d0-4088-a616-11ce03dd3274,1480723619.479,416.4,37.3970193445,-121.984720921833,2,0,0
3bb5d6c4-17d0-4088-a616-11ce03dd3274,1480723619.681,416.6,37.397023329,-121.9847189865,2,0,0
3bb5d6c4-17d0-4088-a616-11ce03dd3274,1480723619.885,416.8,37.3970275346667,-121.984717751333,2,0,0
3bb5d6c4-17d0-4088-a616-11ce03dd3274,1480723620.083,417,37.3970318398333,-121.984717109333,2,0,0
3bb5d6c4-17d0-4088-a616-11ce03dd3274,1480723620.28,417.2,37.3970362801667,-121.984716939,2,0,0
3bb5d6c4-17d0-4088-a616-11ce03dd3274,1480723620.481,417.4,37.3970408068333,-121.984717252833,2,0,0
3bb5d6c4-17d0-4088-a616-11ce03dd3274,1480723620.678,417.6,37.3970454041667,-121.984718128,2,0,0
3bb5d6c4-17d0-4088-a616-11ce03dd3274,1480723620.882,417.8,37.3970501123333,-121.984719201167,2,0,0
3bb5d6c4-17d0-4088-a616-11ce03dd3274,1480723621.081,418,37.3970547365,-121.984720632833,2,0,0
3bb5d6c4-17d0-4088-a616-11ce03dd3274,1480723621.278,418.2,37.397059303,-121.984722434,2,0,0
3bb5d6c4-17d0-4088-a616-11ce03dd3274,1480723621.478,418.4,37.397063944,-121.984724333,2,0,0
3bb5d6c4-17d0-4088-a616-11ce03dd3274,1480723621.685,418.6,37.3970686143333,-121.984726256,2,0,0
3bb5d6c4-17d0-4088-a616-11ce03dd3274,1480723621.883,418.8,37.3970732741667,-121.984728146,2,0,0
3bb5d6c4-17d0-4088-a616-11ce03dd3274,1480723622.086,419,37.3970779136667,-121.984730050167,2,0,0
3bb5d6c4-17d0-4088-a616-11ce03dd3274,1480723622.279,419.2,37.3970825738333,-121.984731845167,2,0,0
3bb5d6c4-17d0-4088-a616-11ce03dd3274,1480723622.484,419.4,37.3970872125,-121.984733451667,2,0,0
3bb5d6c4-17d0-4088-a616-11ce03dd3274,1480723622.682,419.6,37.397091922,-121.98473497,2,0,0
3bb5d6c4-17d0-4088-a616-11ce03dd3274,1480723622.878,419.8,37.3970966541667,-121.984736250167,2,0,0
3bb5d6c4-17d0-4088-a616-11ce03dd3274,1480723623.082,420,37.3971014053333,-121.9847373825,2,0,0
3bb5d6c4-17d0-4088-a616-11ce03dd3274,1480723623.282,420.2,37.3971061993333,-121.984738409,2,0,0
3bb5d6c4-17d0-4088-a616-11ce03dd3274,1480723623.483,420.4,37.3971110308333,-121.984739161667,2,0,0
3bb5d6c4-17d0-4088-a616-11ce03dd3274,1480723623.685,420.6,37.3971158761667,-121.9847395695,2,0,0
3bb5d6c4-17d0-4088-a616-11ce03dd3274,1480723623.881,420.8,37.3971207,-121.9847395075,2,0,0
3bb5d6c4-17d0-4088-a616-11ce03dd3274,1480723624.085,421,37.3971255551667,-121.984739166167,2,0,0
3bb5d6c4-17d0-4088-a616-11ce03dd3274,1480723624.279,421.2,37.3971303183333,-121.984738314,2,0,0
3bb5d6c4-17d0-4088-a616-11ce03dd3274,1480723624.485,421.4,37.3971349225,-121.984737187,2,0,0
3bb5d6c4-17d0-4088-a616-11ce03dd3274,1480723624.684,421.6,37.3971394771667,-121.984735530833,2,0,0
3bb5d6c4-17d0-4088-a616-11ce03dd3274,1480723624.877,421.8,37.3971439115,-121.984733452167,2,0,0
3bb5d6c4-17d0-4088-a616-11ce03dd3274,1480723625.082,422,37.3971481686667,-121.984730992,2,0,0
3bb5d6c4-17d0-4088-a616-11ce03dd3274,1480723625.283,422.2,37.397152223,-121.984728324667,2,0,0
3bb5d6c4-17d0-4088-a616-11ce03dd3274,1480723625.479,422.4,37.3971560133333,-121.984725143333,2,0,0
3bb5d6c4-17d0-4088-a616-11ce03dd3274,1480723625.68,422.6,37.3971595343333,-121.984721494333,2,0,0
3bb5d6c4-17d0-4088-a616-11ce03dd3274,1480723625.877,422.8,37.397162985,-121.9847177905,2,0,0
3bb5d6c4-17d0-4088-a616-11ce03dd3274,1480723626.082,423,37.3971662578333,-121.984713711167,2,0,0
3bb5d6c4-17d0-4088-a616-11ce03dd3274,1480723626.282,423.2,37.3971692208333,-121.984709264333,2,0,0
3bb5d6c4-17d0-4088-a616-11ce03dd3274,1480723626.481,423.4,37.3971718956667,-121.984704532833,2,0,0
3bb5d6c4-17d0-4088-a616-11ce03dd3274,1480723626.687,423.6,37.3971742048333,-121.9846995835,2,0,0
3bb5d6c4-17d0-4088-a616-11ce03dd3274,1480723626.884,423.8,37.3971764085,-121.984694481667,2,0,0
3bb5d6c4-17d0-4088-a616-11ce03dd3274,1480723627.081,424,37.397178319,-121.984689046333,2,0,0
3bb5d6c4-17d0-4088-a616-11ce03dd3274,1480723627.285,424.2,37.3971800035,-121.984683357333,2,0,0
3bb5d6c4-17d0-4088-a616-11ce03dd3274,1480723627.483,424.4,37.397181516,-121.984677467167,2,0,0
3bb5d6c4-17d0-4088-a616-11ce03dd3274,1480723627.677,424.6,37.397182727,-121.9846714075,2,0,0
3bb5d6c4-17d0-4088-a616-11ce03dd3274,1480723627.877,424.8,37.3971836396667,-121.984665242333,2,0,0
3bb5d6c4-17d0-4088-a616-11ce03dd3274,1480723628.082,425,37.3971845178333,-121.9846589105,2,0,0
3bb5d6c4-17d0-4088-a616-11ce03dd3274,1480723628.284,425.2,37.3971852568333,-121.984652442167,2,0,0
3bb5d6c4-17d0-4088-a616-11ce03dd3274,1480723628.486,425.4,37.3971858245,-121.9846457825,2,0,0
3bb5d6c4-17d0-4088-a616-11ce03dd3274,1480723628.681,425.6,37.3971863473333,-121.9846390545,2,0,0
3bb5d6c4-17d0-4088-a616-11ce03dd3274,1480723628.884,425.8,37.3971868513333,-121.9846321705,2,0,0
3bb5d6c4-17d0-4088-a616-11ce03dd3274,1480723629.082,426,37.3971871791667,-121.984625196,2,0,0
3bb5d6c4-17d0-4088-a616-11ce03dd3274,1480723629.284,426.2,37.3971874081667,-121.984618137833,2,0,0
3bb5d6c4-17d0-4088-a616-11ce03dd3274,1480723629.483,426.4,37.3971877146667,-121.984611003333,2,0,0
3bb5d6c4-17d0-4088-a616-11ce03dd3274,1480723629.686,426.6,37.3971879226667,-121.984603764833,2,0,0
3bb5d6c4-17d0-4088-a616-11ce03dd3274,1480723629.878,426.8,37.3971880175,-121.984596420167,2,0,0
3bb5d6c4-17d0-4088-a616-11ce03dd3274,1480723630.086,427,37.3971881905,-121.984589026333,2,0,0
3bb5d6c4-17d0-4088-a616-11ce03dd3274,1480723630.282,427.2,37.3971883966667,-121.984581593667,2,0,0
3bb5d6c4-17d0-4088-a616-11ce03dd3274,1480723630.487,427.4,37.397188434,-121.9845740255,2,0,0
3bb5d6c4-17d0-4088-a616-11ce03dd3274,1480723630.683,427.6,37.397188501,-121.9845664385,2,0,0
3bb5d6c4-17d0-4088-a616-11ce03dd3274,1480723630.885,427.8,37.3971885748333,-121.984558832833,2,0,0
3bb5d6c4-17d0-4088-a616-11ce03dd3274,1480723631.082,428,37.3971886758333,-121.984551170333,2,0,0
3bb5d6c4-17d0-4088-a616-11ce03dd3274,1480723631.277,428.2,37.3971888003333,-121.9845436025,2,0,0
3bb5d6c4-17d0-4088-a616-11ce03dd3274,1480723631.479,428.4,37.3971888483333,-121.9845361475,2,0,0
3bb5d6c4-17d0-4088-a616-11ce03dd3274,1480723631.685,428.6,37.397188961,-121.9845287995,2,0,0
3bb5d6c4-17d0-4088-a616-11ce03dd3274,1480723631.877,428.8,37.397188999,-121.984521499167,2,0,0
3bb5d6c4-17d0-4088-a616-11ce03dd3274,1480723632.083,429,37.3971889191667,-121.9845142785,2,0,0
3bb5d6c4-17d0-4088-a616-11ce03dd3274,1480723632.279,429.2,37.3971889038333,-121.984507117167,2,0,0
3bb5d6c4-17d0-4088-a616-11ce03dd3274,1480723632.478,429.4,37.3971889933333,-121.984500047667,2,0,0
3bb5d6c4-17d0-4088-a616-11ce03dd3274,1480723632.678,429.6,37.3971889601667,-121.984493062667,2,0,0
3bb5d6c4-17d0-4088-a616-11ce03dd3274,1480723632.885,429.8,37.3971889638333,-121.984486066667,2,0,0
3bb5d6c4-17d0-4088-a616-11ce03dd3274,1480723633.079,430,37.3971889431667,-121.984479158,2,0,0
3bb5d6c4-17d0-4088-a616-11ce03dd3274,1480723633.283,430.2,37.3971888941667,-121.9844724335,2,0,0
3bb5d6c4-17d0-4088-a616-11ce03dd3274,1480723633.478,430.4,37.397188939,-121.984465615,2,0,0
3bb5d6c4-17d0-4088-a616-11ce03dd3274,1480723633.682,430.6,37.3971890293333,-121.9844591285,2,0,0
3bb5d6c4-17d0-4088-a616-11ce03dd3274,1480723633.877,430.8,37.397189026,-121.9844528955,2,0,0
3bb5d6c4-17d0-4088-a616-11ce03dd3274,1480723634.08,431,37.397188889,-121.9844459285,2,0,0
3bb5d6c4-17d0-4088-a616-11ce03dd3274,1480723634.283,431.2,37.3971889625,-121.984438928,2,0,0
3bb5d6c4-17d0-4088-a616-11ce03dd3274,1480723634.479,431.4,37.397188958,-121.984432275667,2,0,0
3bb5d6c4-17d0-4088-a616-11ce03dd3274,1480723634.681,431.6,37.3971889256667,-121.984425303333,2,0,0
3bb5d6c4-17d0-4088-a616-11ce03dd3274,1480723634.877,431.8,37.3971888256667,-121.984418578,2,0,0
3bb5d6c4-17d0-4088-a616-11ce03dd3274,1480723635.082,432,37.3971888121667,-121.984411676167,2,0,0
3bb5d6c4-17d0-4088-a616-11ce03dd3274,1480723635.276,432.2,37.3971886846667,-121.984404459833,2,0,0
3bb5d6c4-17d0-4088-a616-11ce03dd3274,1480723635.478,432.4,37.3971886093333,-121.984397317333,2,0,0
3bb5d6c4-17d0-4088-a616-11ce03dd3274,1480723635.68,432.6,37.3971885836667,-121.984390159833,2,0,0
3bb5d6c4-17d0-4088-a616-11ce03dd3274,1480723635.876,432.8,37.3971885671667,-121.984382786667,2,0,0
3bb5d6c4-17d0-4088-a616-11ce03dd3274,1480723636.083,433,37.397188538,-121.9843753495,2,0,0
3bb5d6c4-17d0-4088-a616-11ce03dd3274,1480723636.283,433.2,37.3971884786667,-121.9843679155,2,0,0
3bb5d6c4-17d0-4088-a616-11ce03dd3274,1480723636.485,433.4,37.3971884601667,-121.984360392333,2,0,0
3bb5d6c4-17d0-4088-a616-11ce03dd3274,1480723636.679,433.6,37.3971884443333,-121.984352934,2,0,0
3bb5d6c4-17d0-4088-a616-11ce03dd3274,1480723636.88,433.8,37.397188399,-121.984345479,2,0,0
3bb5d6c4-17d0-4088-a616-11ce03dd3274,1480723637.078,434,37.3971883976667,-121.984337986667,2,0,0
3bb5d6c4-17d0-4088-a616-11ce03dd3274,1480723637.279,434.2,37.3971883005,-121.984330603,2,0,0
3bb5d6c4-17d0-4088-a616-11ce03dd3274,1480723637.487,434.4,37.397188268,-121.984323171,2,0,0
3bb5d6c4-17d0-4088-a616-11ce03dd3274,1480723637.683,434.6,37.3971883078333,-121.984315724333,2,0,0
3bb5d6c4-17d0-4088-a616-11ce03dd3274,1480723637.881,434.8,37.3971883201667,-121.984308319333,2,0,0
3bb5d6c4-17d0-4088-a616-11ce03dd3274,1480723638.082,435,37.397188205,-121.984300969333,2,0,0
3bb5d6c4-17d0-4088-a616-11ce03dd3274,1480723638.283,435.2,37.3971881976667,-121.9842936295,2,0,0
3bb5d6c4-17d0-4088-a616-11ce03dd3274,1480723638.483,435.4,37.397188163,-121.984286195167,2,0,0
3bb5d6c4-17d0-4088-a616-11ce03dd3274,1480723638.682,435.6,37.3971881581667,-121.984278753667,2,0,0
3bb5d6c4-17d0-4088-a616-11ce03dd3274,1480723638.877,435.8,37.3971882535,-121.984271593167,2,0,0
3bb5d6c4-17d0-4088-a616-11ce03dd3274,1480723639.085,436,37.3971883003333,-121.984264607333,2,0,0
3bb5d6c4-17d0-4088-a616-11ce03dd3274,1480723639.286,436.2,37.3971881043333,-121.984256953,2,0,0
3bb5d6c4-17d0-4088-a616-11ce03dd3274,1480723639.48,436.4,37.397188138,-121.984249264833,2,0,0
3bb5d6c4-17d0-4088-a616-11ce03dd3274,1480723639.683,436.6,37.3971882125,-121.984242053167,2,0,0
3bb5d6c4-17d0-4088-a616-11ce03dd3274,1480723639.878,436.8,37.3971881361667,-121.984234635,2,0,0
3bb5d6c4-17d0-4088-a616-11ce03dd3274,1480723640.085,437,37.3971881555,-121.9842273495,2,0,0
3bb5d6c4-17d0-4088-a616-11ce03dd3274,1480723640.281,437.2,37.3971882211667,-121.984219602167,2,0,0
3bb5d6c4-17d0-4088-a616-11ce03dd3274,1480723640.48,437.4,37.3971881863333,-121.984211738,2,0,0
3bb5d6c4-17d0-4088-a616-11ce03dd3274,1480723640.678,437.6,37.3971880711667,-121.9842040175,2,0,0
3bb5d6c4-17d0-4088-a616-11ce03dd3274,1480723640.879,437.8,37.3971881171667,-121.984196076167,2,0,0
3bb5d6c4-17d0-4088-a616-11ce03dd3274,1480723641.085,438,37.3971881046667,-121.9841879715,2,0,0
3bb5d6c4-17d0-4088-a616-11ce03dd3274,1480723641.279,438.2,37.3971880855,-121.98417971,2,0,0
3bb5d6c4-17d0-4088-a616-11ce03dd3274,1480723641.481,438.4,37.3971880695,-121.98417145,2,0,0
3bb5d6c4-17d0-4088-a616-11ce03dd3274,1480723641.681,438.6,37.3971881005,-121.984163070167,2,0,0
3bb5d6c4-17d0-4088-a616-11ce03dd3274,1480723641.886,438.8,37.3971880768333,-121.984154646167,2,0,0
3bb5d6c4-17d0-4088-a616-11ce03dd3274,1480723642.082,439,37.39718807,-121.984146144,2,0,0
3bb5d6c4-17d0-4088-a616-11ce03dd3274,1480723642.285,439.2,37.3971879668333,-121.984137584,2,0,0
3bb5d6c4-17d0-4088-a616-11ce03dd3274,1480723642.481,439.4,37.397187948,-121.984128952167,2,0,0
3bb5d6c4-17d0-4088-a616-11ce03dd3274,1480723642.681,439.6,37.3971879351667,-121.984120258833,2,0,0
3bb5d6c4-17d0-4088-a616-11ce03dd3274,1480723642.877,439.8,37.3971879553333,-121.984111418,2,0,0
3bb5d6c4-17d0-4088-a616-11ce03dd3274,1480723643.081,440,37.3971879171667,-121.984102590833,2,0,0
3bb5d6c4-17d0-4088-a616-11ce03dd3274,1480723643.281,440.2,37.3971878746667,-121.984093776,2,0,0
3bb5d6c4-17d0-4088-a616-11ce03dd3274,1480723643.485,440.4,37.397187832,-121.984084883667,2,0,0
3bb5d6c4-17d0-4088-a616-11ce03dd3274,1480723643.675,440.6,37.397187763,-121.984075999667,2,0,0
3bb5d6c4-17d0-4088-a616-11ce03dd3274,1480723643.886,440.8,37.3971877808333,-121.984066996833,2,0,0
3bb5d6c4-17d0-4088-a616-11ce03dd3274,1480723644.079,441,37.3971878116667,-121.984058165667,2,0,0
3bb5d6c4-17d0-4088-a616-11ce03dd3274,1480723644.279,441.2,37.3971878581667,-121.984049178167,2,0,0
3bb5d6c4-17d0-4088-a616-11ce03dd3274,1480723644.485,441.4,37.3971879706667,-121.984040161833,2,0,0
3bb5d6c4-17d0-4088-a616-11ce03dd3274,1480723644.683,441.6,37.3971879505,-121.984031272833,2,0,0
3bb5d6c4-17d0-4088-a616-11ce03dd3274,1480723644.879,441.8,37.3971880238333,-121.984022362,2,0,0
3bb5d6c4-17d0-4088-a616-11ce03dd3274,1480723645.075,442,37.3971879411667,-121.984013452,2,0,0
3bb5d6c4-17d0-4088-a616-11ce03dd3274,1480723645.276,442.2,37.3971880138333,-121.9840045125,2,0,0
3bb5d6c4-17d0-4088-a616-11ce03dd3274,1480723645.483,442.4,37.3971880056667,-121.983995623167,2,0,0
3bb5d6c4-17d0-4088-a616-11ce03dd3274,1480723645.683,442.6,37.3971880183333,-121.9839867255,2,0,0
3bb5d6c4-17d0-4088-a616-11ce03dd3274,1480723645.886,442.8,37.3971880473333,-121.983977860833,2,0,0
3bb5d6c4-17d0-4088-a616-11ce03dd3274,1480723646.078,443,37.3971880733333,-121.983969019833,2,0,0
3bb5d6c4-17d0-4088-a616-11ce03dd3274,1480723646.28,443.2,37.39718813,-121.983960167333,2,0,0
3bb5d6c4-17d0-4088-a616-11ce03dd3274,1480723646.478,443.4,37.3971881681667,-121.983951275167,2,0,0
3bb5d6c4-17d0-4088-a616-11ce03dd3274,1480723646.684,443.6,37.3971881501667,-121.9839425995,2,0,0
3bb5d6c4-17d0-4088-a616-11ce03dd3274,1480723646.883,443.8,37.3971882396667,-121.983933834833,2,0,0
3bb5d6c4-17d0-4088-a616-11ce03dd3274,1480723647.078,444,37.3971882943333,-121.983925059167,2,0,0
3bb5d6c4-17d0-4088-a616-11ce03dd3274,1480723647.279,444.2,37.3971883598333,-121.983916384,2,0,0
3bb5d6c4-17d0-4088-a616-11ce03dd3274,1480723647.477,444.4,37.397188409,-121.983907575,2,0,0
3bb5d6c4-17d0-4088-a616-11ce03dd3274,1480723647.684,444.6,37.3971884023333,-121.983898850167,2,0,0
3bb5d6c4-17d0-4088-a616-11ce03dd3274,1480723647.877,444.8,37.3971884656667,-121.983890011667,2,0,0
3bb5d6c4-17d0-4088-a616-11ce03dd3274,1480723648.079,445,37.397188312,-121.983881316167,2,0,0
3bb5d6c4-17d0-4088-a616-11ce03dd3274,1480723648.282,445.2,37.3971880345,-121.983872608,2,0,0
3bb5d6c4-17d0-4088-a616-11ce03dd3274,1480723648.483,445.4,37.3971876601667,-121.983863968,2,0,0
3bb5d6c4-17d0-4088-a616-11ce03dd3274,1480723648.681,445.6,37.3971870673333,-121.983855295833,2,0,0
3bb5d6c4-17d0-4088-a616-11ce03dd3274,1480723648.884,445.8,37.3971864753333,-121.983846579167,2,0,0
3bb5d6c4-17d0-4088-a616-11ce03dd3274,1480723649.08,446,37.3971854555,-121.983838211,2,0,0
3bb5d6c4-17d0-4088-a616-11ce03dd3274,1480723649.285,446.2,37.397184045,-121.983829823167,2,0,0
3bb5d6c4-17d0-4088-a616-11ce03dd3274,1480723649.485,446.4,37.3971823223333,-121.983821601833,2,0,0
3bb5d6c4-17d0-4088-a616-11ce03dd3274,1480723649.682,446.6,37.3971802578333,-121.983813575333,2,0,0
3bb5d6c4-17d0-4088-a616-11ce03dd3274,1480723649.884,446.8,37.3971777628333,-121.983805842167,2,0,0
3bb5d6c4-17d0-4088-a616-11ce03dd3274,1480723650.078,447,37.3971748045,-121.9837984525,2,0,0
3bb5d6c4-17d0-4088-a616-11ce03dd3274,1480723650.283,447.2,37.3971712905,-121.983791464167,2,0,0
3bb5d6c4-17d0-4088-a616-11ce03dd3274,1480723650.476,447.4,37.3971674063333,-121.9837851785,2,0,0
3bb5d6c4-17d0-4088-a616-11ce03dd3274,1480723650.677,447.6,37.3971631253333,-121.983779468667,2,0,0
3bb5d6c4-17d0-4088-a616-11ce03dd3274,1480723650.887,447.8,37.3971583306667,-121.983774433167,2,0,0
3bb5d6c4-17d0-4088-a616-11ce03dd3274,1480723651.08,448,37.3971530716667,-121.983769980333,2,0,0
3bb5d6c4-17d0-4088-a616-11ce03dd3274,1480723651.282,448.2,37.3971475136667,-121.9837663375,2,0,0
3bb5d6c4-17d0-4088-a616-11ce03dd3274,1480723651.486,448.4,37.3971415826667,-121.983763613333,2,0,0
3bb5d6c4-17d0-4088-a616-11ce03dd3274,1480723651.682,448.6,37.3971355186667,-121.983761360833,2,0,0
3bb5d6c4-17d0-4088-a616-11ce03dd3274,1480723651.879,448.8,37.3971293633333,-121.983760007833,2,0,0
3bb5d6c4-17d0-4088-a616-11ce03dd3274,1480723652.085,449,37.3971232403333,-121.983759389833,2,0,0
3bb5d6c4-17d0-4088-a616-11ce03dd3274,1480723652.283,449.2,37.3971172558333,-121.983759715667,2,0,0
3bb5d6c4-17d0-4088-a616-11ce03dd3274,1480723652.485,449.4,37.3971112508333,-121.983760934667,2,0,0
3bb5d6c4-17d0-4088-a616-11ce03dd3274,1480723652.682,449.6,37.3971054805,-121.9837626545,2,0,0
3bb5d6c4-17d0-4088-a616-11ce03dd3274,1480723652.88,449.8,37.397099533,-121.983764509,2,0,0
3bb5d6c4-17d0-4088-a616-11ce03dd3274,1480723653.086,450,37.3970939025,-121.983766798833,2,0,0
3bb5d6c4-17d0-4088-a616-11ce03dd3274,1480723653.28,450.2,37.3970885383333,-121.983769774167,2,0,0
3bb5d6c4-17d0-4088-a616-11ce03dd3274,1480723653.481,450.4,37.397083288,-121.983772823,2,0,0
3bb5d6c4-17d0-4088-a616-11ce03dd3274,1480723653.681,450.6,37.3970782135,-121.983776118167,2,0,0
3bb5d6c4-17d0-4088-a616-11ce03dd3274,1480723653.881,450.8,37.397073289,-121.9837793895,2,0,0
3bb5d6c4-17d0-4088-a616-11ce03dd3274,1480723654.076,451,37.3970686565,-121.983782821167,2,0,0
3bb5d6c4-17d0-4088-a616-11ce03dd3274,1480723654.285,451.2,37.3970640956667,-121.983786204333,2,0,0
3bb5d6c4-17d0-4088-a616-11ce03dd3274,1480723654.479,451.4,37.3970595128333,-121.9837892045,2,0,0
3bb5d6c4-17d0-4088-a616-11ce03dd3274,1480723654.685,451.6,37.3970550506667,-121.983792047667,2,0,0
3bb5d6c4-17d0-4088-a616-11ce03dd3274,1480723654.876,451.8,37.3970507728333,-121.983794655833,2,0,0
3bb5d6c4-17d0-4088-a616-11ce03dd3274,1480723655.083,452,37.3970465821667,-121.983796988167,2,0,0
3bb5d6c4-17d0-4088-a616-11ce03dd3274,1480723655.276,452.2,37.3970426161667,-121.983798758167,2,0,0
3bb5d6c4-17d0-4088-a616-11ce03dd3274,1480723655.482,452.4,37.397038653,-121.983799856167,2,0,0
3bb5d6c4-17d0-4088-a616-11ce03dd3274,1480723655.678,452.6,37.3970347978333,-121.9838005665,2,0,0
3bb5d6c4-17d0-4088-a616-11ce03dd3274,1480723655.881,452.8,37.3970311353333,-121.9838008815,2,0,0
3bb5d6c4-17d0-4088-a616-11ce03dd3274,1480723656.075,453,37.3970275626667,-121.983800608667,2,0,0
3bb5d6c4-17d0-4088-a616-11ce03dd3274,1480723656.279,453.2,37.397024038,-121.983799906333,2,0,0
3bb5d6c4-17d0-4088-a616-11ce03dd3274,1480723656.482,453.4,37.3970203948333,-121.9837988745,2,0,0
3bb5d6c4-17d0-4088-a616-11ce03dd3274,1480723656.675,453.6,37.3970167518333,-121.983797385,2,0,0
3bb5d6c4-17d0-4088-a616-11ce03dd3274,1480723656.879,453.8,37.3970132355,-121.983795297667,2,0,0
3bb5d6c4-17d0-4088-a616-11ce03dd3274,1480723657.082,454,37.3970097878333,-121.983792723833,2,0,0
3bb5d6c4-17d0-4088-a616-11ce03dd3274,1480723657.276,454.2,37.3970065578333,-121.983789729667,2,0,0
3bb5d6c4-17d0-4088-a616-11ce03dd3274,1480723657.477,454.4,37.3970035731667,-121.983786438,2,0,0
3bb5d6c4-17d0-4088-a616-11ce03dd3274,1480723657.678,454.6,37.3970008738333,-121.983782834833,2,0,0
3bb5d6c4-17d0-4088-a616-11ce03dd3274,1480723657.879,454.8,37.3969985035,-121.983779010167,2,0,0
3bb5d6c4-17d0-4088-a616-11ce03dd3274,1480723658.083,455,37.3969965061667,-121.983774847833,2,0,0
3bb5d6c4-17d0-4088-a616-11ce03dd3274,1480723658.284,455.2,37.3969948766667,-121.9837705455,2,0,0
3bb5d6c4-17d0-4088-a616-11ce03dd3274,1480723658.481,455.4,37.3969935506667,-121.983766106333,2,0,0
3bb5d6c4-17d0-4088-a616-11ce03dd3274,1480723658.678,455.6,37.3969924606667,-121.983761442833,2,0,0
3bb5d6c4-17d0-4088-a616-11ce03dd3274,1480723658.883,455.8,37.3969918036667,-121.98375665,2,0,0
3bb5d6c4-17d0-4088-a616-11ce03dd3274,1480723659.076,456,37.3969914315,-121.983751775,2,0,0
3bb5d6c4-17d0-4088-a616-11ce03dd3274,1480723659.28,456.2,37.3969913815,-121.9837468645,2,0,0
3bb5d6c4-17d0-4088-a616-11ce03dd3274,1480723659.478,456.4,37.3969918168333,-121.983741942167,2,0,0
3bb5d6c4-17d0-4088-a616-11ce03dd3274,1480723659.684,456.6,37.3969926781667,-121.983737181333,2,0,0
3bb5d6c4-17d0-4088-a616-11ce03dd3274,1480723659.878,456.8,37.3969939568333,-121.9837323065,2,0,0
3bb5d6c4-17d0-4088-a616-11ce03dd3274,1480723660.086,457,37.3969955431667,-121.983727554167,2,0,0
3bb5d6c4-17d0-4088-a616-11ce03dd3274,1480723660.279,457.2,37.3969976513333,-121.983723047833,2,0,0
3bb5d6c4-17d0-4088-a616-11ce03dd3274,1480723660.487,457.4,37.3970001786667,-121.983718733,2,0,0
3bb5d6c4-17d0-4088-a616-11ce03dd3274,1480723660.684,457.6,37.3970030358333,-121.983714650333,2,0,0
3bb5d6c4-17d0-4088-a616-11ce03dd3274,1480723660.88,457.8,37.3970062551667,-121.983711059333,2,0,0
3bb5d6c4-17d0-4088-a616-11ce03dd3274,1480723661.076,458,37.3970098061667,-121.983707913667,2,0,0
3bb5d6c4-17d0-4088-a616-11ce03dd3274,1480723661.278,458.2,37.3970136516667,-121.9837050265,2,0,0
3bb5d6c4-17d0-4088-a616-11ce03dd3274,1480723661.479,458.4,37.3970176898333,-121.98370256,2,0,0
3bb5d6c4-17d0-4088-a616-11ce03dd3274,1480723661.685,458.6,37.3970219903333,-121.983700583,2,0,0
3bb5d6c4-17d0-4088-a616-11ce03dd3274,1480723661.878,458.8,37.3970264843333,-121.983698947167,2,0,0
3bb5d6c4-17d0-4088-a616-11ce03dd3274,1480723662.08,459,37.397031111,-121.983697536333,2,0,0
3bb5d6c4-17d0-4088-a616-11ce03dd3274,1480723662.281,459.2,37.3970358828333,-121.983696585833,2,0,0
3bb5d6c4-17d0-4088-a616-11ce03dd3274,1480723662.482,459.4,37.3970407206667,-121.983696021833,2,0,0
3bb5d6c4-17d0-4088-a616-11ce03dd3274,1480723662.678,459.6,37.397045636,-121.983695797333,2,0,0
3bb5d6c4-17d0-4088-a616-11ce03dd3274,1480723662.884,459.8,37.39705067,-121.983695846833,2,0,0
3bb5d6c4-17d0-4088-a616-11ce03dd3274,1480723663.078,460,37.3970558331667,-121.983695985667,2,0,0
3bb5d6c4-17d0-4088-a616-11ce03dd3274,1480723663.279,460.2,37.3970610268333,-121.983696208167,2,0,0
3bb5d6c4-17d0-4088-a616-11ce03dd3274,1480723663.484,460.4,37.3970663726667,-121.983696765,2,0,0
3bb5d6c4-17d0-4088-a616-11ce03dd3274,1480723663.684,460.6,37.3970717995,-121.983697522,2,0,0
3bb5d6c4-17d0-4088-a616-11ce03dd3274,1480723663.879,460.8,37.3970772461667,-121.983698647667,2,0,0
3bb5d6c4-17d0-4088-a616-11ce03dd3274,1480723664.085,461,37.3970828223333,-121.983699917333,2,0,0
3bb5d6c4-17d0-4088-a616-11ce03dd3274,1480723664.285,461.2,37.3970883131667,-121.9837014795,2,0,0
3bb5d6c4-17d0-4088-a616-11ce03dd3274,1480723664.48,461.4,37.3970937531667,-121.9837033155,2,0,0
3bb5d6c4-17d0-4088-a616-11ce03dd3274,1480723664.681,461.6,37.3970991546667,-121.983705416833,2,0,0
3bb5d6c4-17d0-4088-a616-11ce03dd3274,1480723664.882,461.8,37.3971045166667,-121.9837078,2,0,0
3bb5d6c4-17d0-4088-a616-11ce03dd3274,1480723665.084,462,37.3971098573333,-121.983710508667,2,0,0
3bb5d6c4-17d0-4088-a616-11ce03dd3274,1480723665.286,462.2,37.3971151323333,-121.983713435833,2,0,0
3bb5d6c4-17d0-4088-a616-11ce03dd3274,1480723665.484,462.4,37.397120229,-121.983716654333,2,0,0
3bb5d6c4-17d0-4088-a616-11ce03dd3274,1480723665.68,462.6,37.397125198,-121.983720107833,2,0,0
3bb5d6c4-17d0-4088-a616-11ce03dd3274,1480723665.879,462.8,37.3971300423333,-121.983723981,2,0,0
3bb5d6c4-17d0-4088-a616-11ce03dd3274,1480723666.082,463,37.3971346933333,-121.983728147333,2,0,0
3bb5d6c4-17d0-4088-a616-11ce03dd3274,1480723666.279,463.2,37.3971391073333,-121.983732585,2,0,0
3bb5d6c4-17d0-4088-a616-11ce03dd3274,1480723666.481,463.4,37.3971433175,-121.983737207,2,0,0
3bb5d6c4-17d0-4088-a616-11ce03dd3274,1480723666.685,463.6,37.3971474111667,-121.983742102,2,0,0
3bb5d6c4-17d0-4088-a616-11ce03dd3274,1480723666.877,463.8,37.3971514611667,-121.983747404,2,0,0
3bb5d6c4-17d0-4088-a616-11ce03dd3274,1480723667.083,464,37.3971552458333,-121.983753075167,2,0,0
3bb5d6c4-17d0-4088-a616-11ce03dd3274,1480723667.28,464.2,37.3971589463333,-121.983758896167,2,0,0
3bb5d6c4-17d0-4088-a616-11ce03dd3274,1480723667.477,464.4,37.3971622625,-121.983765095667,2,0,0
3bb5d6c4-17d0-4088-a616-11ce03dd3274,1480723667.678,464.6,37.397165179,-121.9837714225,2,0,0
3bb5d6c4-17d0-4088-a616-11ce03dd3274,1480723667.884,464.8,37.3971678153333,-121.983778033333,2,0,0
3bb5d6c4-17d0-4088-a616-11ce03dd3274,1480723668.078,465,37.3971703128333,-121.983784893167,2,0,0
3bb5d6c4-17d0-4088-a616-11ce03dd3274,1480723668.279,465.2,37.3971724743333,-121.983791965667,2,0,0
3bb5d6c4-17d0-4088-a616-11ce03dd3274,1480723668.485,465.4,37.3971743898333,-121.983799092667,2,0,0
3bb5d6c4-17d0-4088-a616-11ce03dd3274,1480723668.68,465.6,37.3971759215,-121.983806304167,2,0,0
3bb5d6c4-17d0-4088-a616-11ce03dd3274,1480723668.878,465.8,37.397177174,-121.983813515167,2,0,0
3bb5d6c4-17d0-4088-a616-11ce03dd3274,1480723669.075,466,37.397178195,-121.9838207275,2,0,0
3bb5d6c4-17d0-4088-a616-11ce03dd3274,1480723669.275,466.2,37.3971791055,-121.983828016,2,0,0
3bb5d6c4-17d0-4088-a616-11ce03dd3274,1480723669.48,466.4,37.3971797658333,-121.983835457667,2,0,0
3bb5d6c4-17d0-4088-a616-11ce03dd3274,1480723669.682,466.6,37.3971802598333,-121.983842979667,2,0,0
3bb5d6c4-17d0-4088-a616-11ce03dd3274,1480723669.875,466.8,37.3971806005,-121.983850543333,2,0,0
3bb5d6c4-17d0-4088-a616-11ce03dd3274,1480723670.083,467,37.3971808855,-121.983858251333,2,0,0
3bb5d6c4-17d0-4088-a616-11ce03dd3274,1480723670.278,467.2,37.397180998,-121.983865980833,2,0,0
3bb5d6c4-17d0-4088-a616-11ce03dd3274,1480723670.481,467.4,37.3971809798333,-121.983873763,2,0,0
3bb5d6c4-17d0-4088-a616-11ce03dd3274,1480723670.677,467.6,37.3971810081667,-121.983881529333,2,0,0
3bb5d6c4-17d0-4088-a616-11ce03dd3274,1480723670.882,467.8,37.3971809846667,-121.983889312,2,0,0
3bb5d6c4-17d0-4088-a616-11ce03dd3274,1480723671.085,468,37.3971808878333,-121.9838971435,2,0,0
3bb5d6c4-17d0-4088-a616-11ce03dd3274,1480723671.281,468.2,37.3971807918333,-121.983905079,2,0,0
3bb5d6c4-17d0-4088-a616-11ce03dd3274,1480723671.484,468.4,37.3971806968333,-121.983913035167,2,0,0
3bb5d6c4-17d0-4088-a616-11ce03dd3274,1480723671.68,468.6,37.3971804611667,-121.9839210245,2,0,0
3bb5d6c4-17d0-4088-a616-11ce03dd3274,1480723671.883,468.8,37.3971803496667,-121.9839291175,2,0,0
3bb5d6c4-17d0-4088-a616-11ce03dd3274,1480723672.078,469,37.3971802826667,-121.983937182333,2,0,0
3bb5d6c4-17d0-4088-a616-11ce03dd3274,1480723672.28,469.2,37.3971801106667,-121.983945223667,2,0,0
3bb5d6c4-17d0-4088-a616-11ce03dd3274,1480723672.483,469.4,37.3971800581667,-121.983953353333,2,0,0
3bb5d6c4-17d0-4088-a616-11ce03dd3274,1480723672.681,469.6,37.3971799835,-121.983961532333,2,0,0
3bb5d6c4-17d0-4088-a616-11ce03dd3274,1480723672.885,469.8,37.3971799515,-121.983969726167,2,0,0
3bb5d6c4-17d0-4088-a616-11ce03dd3274,1480723673.078,470,37.397179887,-121.9839779545,2,0,0
3bb5d6c4-17d0-4088-a616-11ce03dd3274,1480723673.279,470.2,37.3971797915,-121.983986166833,2,0,0
3bb5d6c4-17d0-4088-a616-11ce03dd3274,1480723673.476,470.4,37.3971797128333,-121.983994457167,2,0,0
3bb5d6c4-17d0-4088-a616-11ce03dd3274,1480723673.684,470.6,37.3971796085,-121.984002762667,2,0,0
3bb5d6c4-17d0-4088-a616-11ce03dd3274,1480723673.878,470.8,37.397179535,-121.984011090333,2,0,0
3bb5d6c4-17d0-4088-a616-11ce03dd3274,1480723674.082,471,37.3971795148333,-121.984019424,2,0,0
3bb5d6c4-17d0-4088-a616-11ce03dd3274,1480723674.276,471.2,37.397179404,-121.984027897,2,0,0
3bb5d6c4-17d0-4088-a616-11ce03dd3274,1480723674.481,471.4,37.3971792733333,-121.984036243333,2,0,0
3bb5d6c4-17d0-4088-a616-11ce03dd3274,1480723674.68,471.6,37.3971792018333,-121.984044593167,2,0,0
3bb5d6c4-17d0-4088-a616-11ce03dd3274,1480723674.875,471.8,37.3971791343333,-121.984052942167,2,0,0
3bb5d6c4-17d0-4088-a616-11ce03dd3274,1480723675.079,472,37.3971791391667,-121.9840612235,2,0,0
3bb5d6c4-17d0-4088-a616-11ce03dd3274,1480723675.283,472.2,37.3971790861667,-121.984069433333,2,0,0
3bb5d6c4-17d0-4088-a616-11ce03dd3274,1480723675.478,472.4,37.3971791166667,-121.984077612167,2,0,0
3bb5d6c4-17d0-4088-a616-11ce03dd3274,1480723675.681,472.6,37.397179073,-121.984085780333,2,0,0
3bb5d6c4-17d0-4088-a616-11ce03dd3274,1480723675.881,472.8,37.3971790045,-121.984093896167,2,0,0
3bb5d6c4-17d0-4088-a616-11ce03dd3274,1480723676.083,473,37.3971789721667,-121.984102002667,2,0,0
3bb5d6c4-17d0-4088-a616-11ce03dd3274,1480723676.276,473.2,37.3971789,-121.984109986,2,0,0
3bb5d6c4-17d0-4088-a616-11ce03dd3274,1480723676.484,473.4,37.3971788063333,-121.9841179445,2,0,0
3bb5d6c4-17d0-4088-a616-11ce03dd3274,1480723676.68,473.6,37.3971787971667,-121.984125758667,2,0,0
3bb5d6c4-17d0-4088-a616-11ce03dd3274,1480723676.877,473.8,37.3971787848333,-121.984133573667,2,0,0
3bb5d6c4-17d0-4088-a616-11ce03dd3274,1480723677.08,474,37.3971787738333,-121.984141352333,2,0,0
3bb5d6c4-17d0-4088-a616-11ce03dd3274,1480723677.275,474.2,37.3971787141667,-121.984149019167,2,0,0
3bb5d6c4-17d0-4088-a616-11ce03dd3274,1480723677.479,474.4,37.3971787468333,-121.984156646,2,0,0
3bb5d6c4-17d0-4088-a616-11ce03dd3274,1480723677.676,474.6,37.3971787795,-121.984164216667,2,0,0
3bb5d6c4-17d0-4088-a616-11ce03dd3274,1480723677.877,474.8,37.3971787898333,-121.984171709333,2,0,0
3bb5d6c4-17d0-4088-a616-11ce03dd3274,1480723678.084,475,37.3971788233333,-121.984179176333,2,0,0
3bb5d6c4-17d0-4088-a616-11ce03dd3274,1480723678.275,475.2,37.3971789131667,-121.984186522,2,0,0
3bb5d6c4-17d0-4088-a616-11ce03dd3274,1480723678.476,475.4,37.3971789935,-121.984193863167,2,0,0
3bb5d6c4-17d0-4088-a616-11ce03dd3274,1480723678.679,475.6,37.3971790766667,-121.984201099667,2,0,0
3bb5d6c4-17d0-4088-a616-11ce03dd3274,1480723678.881,475.8,37.3971791478333,-121.984208331833,2,0,0
3bb5d6c4-17d0-4088-a616-11ce03dd3274,1480723679.08,476,37.3971792828333,-121.984215490167,2,0,0
3bb5d6c4-17d0-4088-a616-11ce03dd3274,1480723679.274,476.2,37.397179343,-121.984222398667,2,0,0
3bb5d6c4-17d0-4088-a616-11ce03dd3274,1480723679.482,476.4,37.3971794306667,-121.9842290725,2,0,0
3bb5d6c4-17d0-4088-a616-11ce03dd3274,1480723679.675,476.6,37.3971795373333,-121.9842363335,2,0,0
3bb5d6c4-17d0-4088-a616-11ce03dd3274,1480723679.879,476.8,37.3971795213333,-121.984243588667,2,0,0
3bb5d6c4-17d0-4088-a616-11ce03dd3274,1480723680.085,477,37.397179617,-121.984250352333,2,0,0
3bb5d6c4-17d0-4088-a616-11ce03dd3274,1480723680.275,477.2,37.3971797848333,-121.9842573045,2,0,0
3bb5d6c4-17d0-4088-a616-11ce03dd3274,1480723680.478,477.4,37.3971798368333,-121.984263845,2,0,0
3bb5d6c4-17d0-4088-a616-11ce03dd3274,1480723680.681,477.6,37.3971798585,-121.984270499,2,0,0
3bb5d6c4-17d0-4088-a616-11ce03dd3274,1480723680.876,477.8,37.397179988,-121.984277642667,2,0,0
3bb5d6c4-17d0-4088-a616-11ce03dd3274,1480723681.082,478,37.3971801606667,-121.984284723,2,0,0
3bb5d6c4-17d0-4088-a616-11ce03dd3274,1480723681.278,478.2,37.39718023,-121.984291949833,2,0,0
3bb5d6c4-17d0-4088-a616-11ce03dd3274,1480723681.48,478.4,37.3971803481667,-121.984299491833,2,0,0
3bb5d6c4-17d0-4088-a616-11ce03dd3274,1480723681.685,478.6,37.3971804655,-121.984307031667,2,0,0
3bb5d6c4-17d0-4088-a616-11ce03dd3274,1480723681.878,478.8,37.3971806248333,-121.984314595,2,0,0
3bb5d6c4-17d0-4088-a616-11ce03dd3274,1480723682.081,479,37.3971807316667,-121.984322096167,2,0,0
3bb5d6c4-17d0-4088-a616-11ce03dd3274,1480723682.283,479.2,37.3971808105,-121.9843295115,2,0,0
3bb5d6c4-17d0-4088-a616-11ce03dd3274,1480723682.475,479.4,37.3971808881667,-121.984336979167,2,0,0
3bb5d6c4-17d0-4088-a616-11ce03dd3274,1480723682.677,479.6,37.3971809345,-121.984344351167,2,0,0
3bb5d6c4-17d0-4088-a616-11ce03dd3274,1480723682.881,479.8,37.3971810283333,-121.9843517635,2,0,0
3bb5d6c4-17d0-4088-a616-11ce03dd3274,1480723683.084,480,37.3971810671667,-121.984359159667,2,0,0
3bb5d6c4-17d0-4088-a616-11ce03dd3274,1480723683.283,480.2,37.3971811378333,-121.984366583,2,0,0
3bb5d6c4-17d0-4088-a616-11ce03dd3274,1480723683.478,480.4,37.3971812173333,-121.984374026167,2,0,0
3bb5d6c4-17d0-4088-a616-11ce03dd3274,1480723683.679,480.6,37.3971812796667,-121.984381449667,2,0,0
3bb5d6c4-17d0-4088-a616-11ce03dd3274,1480723683.885,480.8,37.3971812761667,-121.984388894833,2,0,0
3bb5d6c4-17d0-4088-a616-11ce03dd3274,1480723684.079,481,37.3971813163333,-121.984396303833,2,0,0
3bb5d6c4-17d0-4088-a616-11ce03dd3274,1480723684.279,481.2,37.39718139,-121.9844037315,2,0,0
3bb5d6c4-17d0-4088-a616-11ce03dd3274,1480723684.474,481.4,37.397181432,-121.9844109765,2,0,0
3bb5d6c4-17d0-4088-a616-11ce03dd3274,1480723684.674,481.6,37.3971814725,-121.98441808,2,0,0
3bb5d6c4-17d0-4088-a616-11ce03dd3274,1480723684.876,481.8,37.397181532,-121.984425787,2,0,0
3bb5d6c4-17d0-4088-a616-11ce03dd3274,1480723685.081,482,37.397181508,-121.9844333845,2,0,0
3bb5d6c4-17d0-4088-a616-11ce03dd3274,1480723685.284,482.2,37.3971815306667,-121.984440662833,2,0,0
3bb5d6c4-17d0-4088-a616-11ce03dd3274,1480723685.481,482.4,37.3971817186667,-121.984448058333,2,0,0
3bb5d6c4-17d0-4088-a616-11ce03dd3274,1480723685.676,482.6,37.3971816541667,-121.984455130667,2,0,0
3bb5d6c4-17d0-4088-a616-11ce03dd3274,1480723685.878,482.8,37.3971816376667,-121.984462800833,2,0,0
3bb5d6c4-17d0-4088-a616-11ce03dd3274,1480723686.084,483,37.3971817936667,-121.984470687667,2,0,0
3bb5d6c4-17d0-4088-a616-11ce03dd3274,1480723686.274,483.2,37.3971819008333,-121.984478512,2,0,0
3bb5d6c4-17d0-4088-a616-11ce03dd3274,1480723686.476,483.4,37.3971819263333,-121.984486597167,2,0,0
3bb5d6c4-17d0-4088-a616-11ce03dd3274,1480723686.676,483.6,37.397181977,-121.984494929667,2,0,0
3bb5d6c4-17d0-4088-a616-11ce03dd3274,1480723686.878,483.8,37.3971820501667,-121.984503376667,2,0,0
3bb5d6c4-17d0-4088-a616-11ce03dd3274,1480723687.083,484,37.3971821503333,-121.984511925167,2,0,0
3bb5d6c4-17d0-4088-a616-11ce03dd3274,1480723687.275,484.2,37.3971822015,-121.9845204935,2,0,0
3bb5d6c4-17d0-4088-a616-11ce03dd3274,1480723687.482,484.4,37.3971822775,-121.984529023833,2,0,0
3bb5d6c4-17d0-4088-a616-11ce03dd3274,1480723687.679,484.6,37.3971824415,-121.984537598167,2,0,0
3bb5d6c4-17d0-4088-a616-11ce03dd3274,1480723687.882,484.8,37.3971825616667,-121.984546170167,2,0,0
3bb5d6c4-17d0-4088-a616-11ce03dd3274,1480723688.085,485,37.3971827568333,-121.984554676667,2,0,0
3bb5d6c4-17d0-4088-a616-11ce03dd3274,1480723688.281,485.2,37.3971829665,-121.984563217667,2,0,0
3bb5d6c4-17d0-4088-a616-11ce03dd3274,1480723688.475,485.4,37.397183162,-121.984571741167,2,0,0
3bb5d6c4-17d0-4088-a616-11ce03dd3274,1480723688.677,485.6,37.3971833146667,-121.984580301333,2,0,0
3bb5d6c4-17d0-4088-a616-11ce03dd3274,1480723688.879,485.8,37.3971834575,-121.984588830167,2,0,0
3bb5d6c4-17d0-4088-a616-11ce03dd3274,1480723689.082,486,37.3971836736667,-121.984597330833,2,0,0
3bb5d6c4-17d0-4088-a616-11ce03dd3274,1480723689.276,486.2,37.3971838723333,-121.984605838667,2,0,0
3bb5d6c4-17d0-4088-a616-11ce03dd3274,1480723689.478,486.4,37.39718409,-121.984614344667,2,0,0
3bb5d6c4-17d0-4088-a616-11ce03dd3274,1480723689.682,486.6,37.3971842361667,-121.984622792333,2,0,0
3bb5d6c4-17d0-4088-a616-11ce03dd3274,1480723689.876,486.8,37.3971843543333,-121.9846312305,2,0,0
3bb5d6c4-17d0-4088-a616-11ce03dd3274,1480723690.082,487,37.3971843328333,-121.984639594167,2,0,0
3bb5d6c4-17d0-4088-a616-11ce03dd3274,1480723690.277,487.2,37.3971840998333,-121.984647849333,2,0,0
3bb5d6c4-17d0-4088-a616-11ce03dd3274,1480723690.48,487.4,37.397183594,-121.984656012167,2,0,0
3bb5d6c4-17d0-4088-a616-11ce03dd3274,1480723690.681,487.6,37.397182819,-121.984664109833,2,0,0
3bb5d6c4-17d0-4088-a616-11ce03dd3274,1480723690.884,487.8,37.3971817433333,-121.984672048167,2,0,0
3bb5d6c4-17d0-4088-a616-11ce03dd3274,1480723691.078,488,37.3971802226667,-121.984679818,2,0,0
3bb5d6c4-17d0-4088-a616-11ce03dd3274,1480723691.283,488.2,37.3971783588333,-121.984687289667,2,0,0
3bb5d6c4-17d0-4088-a616-11ce03dd3274,1480723691.479,488.4,37.3971761845,-121.984694345333,2,0,0
3bb5d6c4-17d0-4088-a616-11ce03dd3274,1480723691.68,488.6,37.3971735858333,-121.984701309333,2,0,0
3bb5d6c4-17d0-4088-a616-11ce03dd3274,1480723691.885,488.8,37.3971705388333,-121.984708026167,2,0,0
3bb5d6c4-17d0-4088-a616-11ce03dd3274,1480723692.079,489,37.3971670645,-121.984714414667,2,0,0
3bb5d6c4-17d0-4088-a616-11ce03dd3274,1480723692.278,489.2,37.3971635113333,-121.984720557833,2,0,0
3bb5d6c4-17d0-4088-a616-11ce03dd3274,1480723692.477,489.4,37.3971596776667,-121.9847262455,2,0,0
3bb5d6c4-17d0-4088-a616-11ce03dd3274,1480723692.683,489.6,37.3971555985,-121.984731584833,2,0,0
3bb5d6c4-17d0-4088-a616-11ce03dd3274,1480723692.877,489.8,37.3971513523333,-121.984736644,2,0,0
3bb5d6c4-17d0-4088-a616-11ce03dd3274,1480723693.083,490,37.397146938,-121.9847413255,2,0,0
3bb5d6c4-17d0-4088-a616-11ce03dd3274,1480723693.278,490.2,37.3971423948333,-121.984745824333,2,0,0
3bb5d6c4-17d0-4088-a616-11ce03dd3274,1480723693.479,490.4,37.3971377496667,-121.9847501465,2,0,0
3bb5d6c4-17d0-4088-a616-11ce03dd3274,1480723693.683,490.6,37.3971330268333,-121.9847542415,2,0,0
3bb5d6c4-17d0-4088-a616-11ce03dd3274,1480723693.875,490.8,37.3971282211667,-121.984758129167,2,0,0
3bb5d6c4-17d0-4088-a616-11ce03dd3274,1480723694.077,491,37.3971233598333,-121.9847618245,2,0,0
3bb5d6c4-17d0-4088-a616-11ce03dd3274,1480723694.275,491.2,37.3971185213333,-121.984765297333,2,0,0
3bb5d6c4-17d0-4088-a616-11ce03dd3274,1480723694.475,491.4,37.3971137181667,-121.984768716167,2,0,0
3bb5d6c4-17d0-4088-a616-11ce03dd3274,1480723694.682,491.6,37.3971089986667,-121.984772156,2,0,0
3bb5d6c4-17d0-4088-a616-11ce03dd3274,1480723694.876,491.8,37.3971042466667,-121.9847755495,2,0,0
3bb5d6c4-17d0-4088-a616-11ce03dd3274,1480723695.077,492,37.3970994916667,-121.984778843,2,0,0
3bb5d6c4-17d0-4088-a616-11ce03dd3274,1480723695.283,492.2,37.3970948355,-121.984782147167,2,0,0
3bb5d6c4-17d0-4088-a616-11ce03dd3274,1480723695.476,492.4,37.3970903456667,-121.984785597833,2,0,0
3bb5d6c4-17d0-4088-a616-11ce03dd3274,1480723695.682,492.6,37.3970858448333,-121.984789046,2,0,0
3bb5d6c4-17d0-4088-a616-11ce03dd3274,1480723695.885,492.8,37.3970812598333,-121.984792247833,2,0,0
3bb5d6c4-17d0-4088-a616-11ce03dd3274,1480723696.078,493,37.3970768035,-121.984795602667,2,0,0
3bb5d6c4-17d0-4088-a616-11ce03dd3274,1480723696.285,493.2,37.3970725266667,-121.984799230167,2,0,0
3bb5d6c4-17d0-4088-a616-11ce03dd3274,1480723696.476,493.4,37.3970682908333,-121.984802574,2,0,0
3bb5d6c4-17d0-4088-a616-11ce03dd3274,1480723696.682,493.6,37.397063991,-121.984805524667,2,0,0
3bb5d6c4-17d0-4088-a616-11ce03dd3274,1480723696.885,493.8,37.3970597356667,-121.9848084045,2,0,0
3bb5d6c4-17d0-4088-a616-11ce03dd3274,1480723697.083,494,37.3970555245,-121.984811251333,2,0,0
3bb5d6c4-17d0-4088-a616-11ce03dd3274,1480723697.285,494.2,37.3970513415,-121.984813673,2,0,0
3bb5d6c4-17d0-4088-a616-11ce03dd3274,1480723697.478,494.4,37.3970471685,-121.984815570667,2,0,0
3bb5d6c4-17d0-4088-a616-11ce03dd3274,1480723697.683,494.6,37.3970430418333,-121.984816744667,2,0,0
3bb5d6c4-17d0-4088-a616-11ce03dd3274,1480723697.877,494.8,37.397039078,-121.984817497333,2,0,0
3bb5d6c4-17d0-4088-a616-11ce03dd3274,1480723698.085,495,37.3970351865,-121.984817821833,2,0,0
3bb5d6c4-17d0-4088-a616-11ce03dd3274,1480723698.283,495.2,37.3970313568333,-121.984817349833,2,0,0
3bb5d6c4-17d0-4088-a616-11ce03dd3274,1480723698.479,495.4,37.3970276728333,-121.984816567333,2,0,0
3bb5d6c4-17d0-4088-a616-11ce03dd3274,1480723698.685,495.6,37.397023969,-121.984815603333,2,0,0
3bb5d6c4-17d0-4088-a616-11ce03dd3274,1480723698.884,495.8,37.3970205181667,-121.984814148,2,0,0
3bb5d6c4-17d0-4088-a616-11ce03dd3274,1480723699.082,496,37.3970174443333,-121.984812207,2,0,0
3bb5d6c4-17d0-4088-a616-11ce03dd3274,1480723699.28,496.2,37.3970143858333,-121.984809907333,2,0,0
3bb5d6c4-17d0-4088-a616-11ce03dd3274,1480723699.474,496.4,37.3970115753333,-121.984807409833,2,0,0
3bb5d6c4-17d0-4088-a616-11ce03dd3274,1480723699.678,496.6,37.397009,-121.984804657333,2,0,0
3bb5d6c4-17d0-4088-a616-11ce03dd3274,1480723699.883,496.8,37.3970066263333,-121.984801703,2,0,0
3bb5d6c4-17d0-4088-a616-11ce03dd3274,1480723700.085,497,37.3970045233333,-121.984798438667,2,0,0
3bb5d6c4-17d0-4088-a616-11ce03dd3274,1480723700.282,497.2,37.3970026393333,-121.984795055667,2,0,0
3bb5d6c4-17d0-4088-a616-11ce03dd3274,1480723700.475,497.4,37.3970010648333,-121.984791613,2,0,0
3bb5d6c4-17d0-4088-a616-11ce03dd3274,1480723700.679,497.6,37.3969998518333,-121.9847883025,2,0,0
3bb5d6c4-17d0-4088-a616-11ce03dd3274,1480723700.884,497.8,37.3969989191667,-121.984785086833,2,0,0
3bb5d6c4-17d0-4088-a616-11ce03dd3274,1480723701.075,498,37.3969982283333,-121.984781884167,2,0,0
3bb5d6c4-17d0-4088-a616-11ce03dd3274,1480723701.282,498.2,37.3969977071667,-121.9847787135,2,0,0
3bb5d6c4-17d0-4088-a616-11ce03dd3274,1480723701.476,498.4,37.396997361,-121.984775675833,2,0,0
3bb5d6c4-17d0-4088-a616-11ce03dd3274,1480723701.681,498.6,37.3969970901667,-121.984772654,2,0,0
3bb5d6c4-17d0-4088-a616-11ce03dd3274,1480723701.884,498.8,37.3969969366667,-121.9847696935,2,0,0
3bb5d6c4-17d0-4088-a616-11ce03dd3274,1480723702.077,499,37.3969969506667,-121.984766663833,2,0,0
3bb5d6c4-17d0-4088-a616-11ce03dd3274,1480723702.275,499.2,37.396997181,-121.984763700667,2,0,0
3bb5d6c4-17d0-4088-a616-11ce03dd3274,1480723702.476,499.4,37.3969975748333,-121.984760712667,2,0,0
3bb5d6c4-17d0-4088-a616-11ce03dd3274,1480723702.678,499.6,37.3969980533333,-121.984757768833,2,0,0
3bb5d6c4-17d0-4088-a616-11ce03dd3274,1480723702.874,499.8,37.396998685,-121.984754705333,2,0,0
3bb5d6c4-17d0-4088-a616-11ce03dd3274,1480723703.078,500,37.396999567,-121.9847516625,2,0,0
3bb5d6c4-17d0-4088-a616-11ce03dd3274,1480723703.282,500.2,37.3970006288333,-121.984748635833,2,0,0
3bb5d6c4-17d0-4088-a616-11ce03dd3274,1480723703.477,500.4,37.3970019636667,-121.984745615167,2,0,0
3bb5d6c4-17d0-4088-a616-11ce03dd3274,1480723703.683,500.6,37.3970035686667,-121.984742501833,2,0,0
3bb5d6c4-17d0-4088-a616-11ce03dd3274,1480723703.881,500.8,37.3970053738333,-121.984739248,2,0,0
3bb5d6c4-17d0-4088-a616-11ce03dd3274,1480723704.073,501,37.3970075638333,-121.984736047833,2,0,0
3bb5d6c4-17d0-4088-a616-11ce03dd3274,1480723704.278,501.2,37.397010158,-121.984732889,2,0,0
3bb5d6c4-17d0-4088-a616-11ce03dd3274,1480723704.481,501.4,37.3970130426667,-121.984729876667,2,0,0
3bb5d6c4-17d0-4088-a616-11ce03dd3274,1480723704.684,501.6,37.3970162591667,-121.984727125833,2,0,0
3bb5d6c4-17d0-4088-a616-11ce03dd3274,1480723704.877,501.8,37.3970197136667,-121.984724636,2,0,0
3bb5d6c4-17d0-4088-a616-11ce03dd3274,1480723705.083,502,37.3970233761667,-121.9847224955,2,0,0
3bb5d6c4-17d0-4088-a616-11ce03dd3274,1480723705.283,502.2,37.3970271535,-121.98472103,2,0,0
3bb5d6c4-17d0-4088-a616-11ce03dd3274,1480723705.474,502.4,37.3970311096667,-121.98472005,2,0,0
3bb5d6c4-17d0-4088-a616-11ce03dd3274,1480723705.675,502.6,37.3970351355,-121.984719365667,2,0,0
3bb5d6c4-17d0-4088-a616-11ce03dd3274,1480723705.878,502.8,37.3970393478333,-121.984719118333,2,0,0
3bb5d6c4-17d0-4088-a616-11ce03dd3274,1480723706.084,503,37.3970435573333,-121.984719284667,2,0,0
3bb5d6c4-17d0-4088-a616-11ce03dd3274,1480723706.282,503.2,37.3970478701667,-121.984719985,2,0,0
3bb5d6c4-17d0-4088-a616-11ce03dd3274,1480723706.484,503.4,37.39705223,-121.9847208525,2,0,0
3bb5d6c4-17d0-4088-a616-11ce03dd3274,1480723706.68,503.6,37.3970566353333,-121.984721939167,2,0,0
3bb5d6c4-17d0-4088-a616-11ce03dd3274,1480723706.884,503.8,37.3970610331667,-121.984723247333,2,0,0
3bb5d6c4-17d0-4088-a616-11ce03dd3274,1480723707.075,504,37.3970655368333,-121.984724666333,2,0,0
3bb5d6c4-17d0-4088-a616-11ce03dd3274,1480723707.283,504.2,37.3970701708333,-121.984726093167,2,0,0
3bb5d6c4-17d0-4088-a616-11ce03dd3274,1480723707.474,504.4,37.3970749141667,-121.984727623667,2,0,0
3bb5d6c4-17d0-4088-a616-11ce03dd3274,1480723707.682,504.6,37.397079815,-121.984729063,2,0,0
3bb5d6c4-17d0-4088-a616-11ce03dd3274,1480723707.876,504.8,37.3970847545,-121.984730545833,2,0,0
3bb5d6c4-17d0-4088-a616-11ce03dd3274,1480723708.082,505,37.3970898785,-121.984731933833,2,0,0
3bb5d6c4-17d0-4088-a616-11ce03dd3274,1480723708.277,505.2,37.3970949986667,-121.984733092333,2,0,0
3bb5d6c4-17d0-4088-a616-11ce03dd3274,1480723708.48,505.4,37.3971001991667,-121.984734106667,2,0,0
3bb5d6c4-17d0-4088-a616-11ce03dd3274,1480723708.679,505.6,37.3971054856667,-121.984734981333,2,0,0
3bb5d6c4-17d0-4088-a616-11ce03dd3274,1480723708.884,505.8,37.3971107873333,-121.984735765,2,0,0
3bb5d6c4-17d0-4088-a616-11ce03dd3274,1480723709.082,506,37.3971160755,-121.984736316167,2,0,0
3bb5d6c4-17d0-4088-a616-11ce03dd3274,1480723709.274,506.2,37.3971213736667,-121.984736511,2,0,0
3bb5d6c4-17d0-4088-a616-11ce03dd3274,1480723709.482,506.4,37.3971266598333,-121.984736384,2,0,0
3bb5d6c4-17d0-4088-a616-11ce03dd3274,1480723709.684,506.6,37.3971319311667,-121.984735841167,2,0,0
3bb5d6c4-17d0-4088-a616-11ce03dd3274,1480723709.876,506.8,37.397137115,-121.984734858,2,0,0
3bb5d6c4-17d0-4088-a616-11ce03dd3274,1480723710.081,507,37.3971421585,-121.984733397833,2,0,0
3bb5d6c4-17d0-4088-a616-11ce03dd3274,1480723710.285,507.2,37.3971471871667,-121.984731440333,2,0,0
3bb5d6c4-17d0-4088-a616-11ce03dd3274,1480723710.481,507.4,37.3971519196667,-121.9847289215,2,0,0
3bb5d6c4-17d0-4088-a616-11ce03dd3274,1480723710.681,507.6,37.3971563103333,-121.98472597,2,0,0
3bb5d6c4-17d0-4088-a616-11ce03dd3274,1480723710.881,507.8,37.3971603908333,-121.984722413167,2,0,0
3bb5d6c4-17d0-4088-a616-11ce03dd3274,1480723711.084,508,37.3971642108333,-121.984718423333,2,0,0
3bb5d6c4-17d0-4088-a616-11ce03dd3274,1480723711.274,508.2,37.3971678236667,-121.984714173167,2,0,0
3bb5d6c4-17d0-4088-a616-11ce03dd3274,1480723711.48,508.4,37.3971711401667,-121.984709395667,2,0,0
3bb5d6c4-17d0-4088-a616-11ce03dd3274,1480723711.679,508.6,37.3971741213333,-121.984704206833,2,0,0
3bb5d6c4-17d0-4088-a616-11ce03dd3274,1480723711.879,508.8,37.397176502,-121.984698604833,2,0,0
3bb5d6c4-17d0-4088-a616-11ce03dd3274,1480723712.082,509,37.3971787711667,-121.984692803,2,0,0
3bb5d6c4-17d0-4088-a616-11ce03dd3274,1480723712.284,509.2,37.3971806426667,-121.9846866065,2,0,0
3bb5d6c4-17d0-4088-a616-11ce03dd3274,1480723712.481,509.4,37.397182034,-121.984680089833,2,0,0
3bb5d6c4-17d0-4088-a616-11ce03dd3274,1480723712.677,509.6,37.3971831158333,-121.984673308833,2,0,0
3bb5d6c4-17d0-4088-a616-11ce03dd3274,1480723712.881,509.8,37.3971839295,-121.984666310167,2,0,0
3bb5d6c4-17d0-4088-a616-11ce03dd3274,1480723713.084,510,37.397184612,-121.984659319667,2,0,0
3bb5d6c4-17d0-4088-a616-11ce03dd3274,1480723713.279,510.2,37.3971850168333,-121.9846520265,2,0,0
3bb5d6c4-17d0-4088-a616-11ce03dd3274,1480723713.477,510.4,37.3971852883333,-121.984644567833,2,0,0
3bb5d6c4-17d0-4088-a616-11ce03dd3274,1480723713.68,510.6,37.3971855048333,-121.984637037333,2,0,0
3bb5d6c4-17d0-4088-a616-11ce03dd3274,1480723713.883,510.8,37.3971856453333,-121.984629416333,2,0,0
3bb5d6c4-17d0-4088-a616-11ce03dd3274,1480723714.077,511,37.3971856978333,-121.984621595167,2,0,0
3bb5d6c4-17d0-4088-a616-11ce03dd3274,1480723714.283,511.2,37.3971857645,-121.984613722667,2,0,0
3bb5d6c4-17d0-4088-a616-11ce03dd3274,1480723714.475,511.4,37.3971858406667,-121.984605721333,2,0,0
3bb5d6c4-17d0-4088-a616-11ce03dd3274,1480723714.679,511.6,37.3971858501667,-121.984597621667,2,0,0
3bb5d6c4-17d0-4088-a616-11ce03dd3274,1480723714.874,511.8,37.3971859535,-121.984589474167,2,0,0
3bb5d6c4-17d0-4088-a616-11ce03dd3274,1480723715.078,512,37.397186024,-121.9845812765,2,0,0
3bb5d6c4-17d0-4088-a616-11ce03dd3274,1480723715.277,512.2,37.3971861191667,-121.984573012833,2,0,0
3bb5d6c4-17d0-4088-a616-11ce03dd3274,1480723715.478,512.4,37.3971862241667,-121.984564779,2,0,0
3bb5d6c4-17d0-4088-a616-11ce03dd3274,1480723715.681,512.6,37.3971863493333,-121.984556481667,2,0,0
3bb5d6c4-17d0-4088-a616-11ce03dd3274,1480723715.876,512.8,37.397186491,-121.984548225167,2,0,0
3bb5d6c4-17d0-4088-a616-11ce03dd3274,1480723716.08,513,37.3971865893333,-121.984539942333,2,0,0
3bb5d6c4-17d0-4088-a616-11ce03dd3274,1480723716.278,513.2,37.3971867048333,-121.984531625,2,0,0
3bb5d6c4-17d0-4088-a616-11ce03dd3274,1480723716.48,513.4,37.397186852,-121.984523372167,2,0,0
3bb5d6c4-17d0-4088-a616-11ce03dd3274,1480723716.681,513.6,37.3971869895,-121.984515044667,2,0,0
3bb5d6c4-17d0-4088-a616-11ce03dd3274,1480723716.882,513.8,37.3971871231667,-121.984506690833,2,0,0
3bb5d6c4-17d0-4088-a616-11ce03dd3274,1480723717.082,514,37.3971872941667,-121.984498340167,2,0,0
3bb5d6c4-17d0-4088-a616-11ce03dd3274,1480723717.28,514.2,37.397187486,-121.984489989667,2,0,0
3bb5d6c4-17d0-4088-a616-11ce03dd3274,1480723717.474,514.4,37.3971875563333,-121.984481707,2,0,0
3bb5d6c4-17d0-4088-a616-11ce03dd3274,1480723717.676,514.6,37.39718767,-121.9844735555,2,0,0
3bb5d6c4-17d0-4088-a616-11ce03dd3274,1480723717.883,514.8,37.3971878245,-121.9844654815,2,0,0
3bb5d6c4-17d0-4088-a616-11ce03dd3274,1480723718.075,515,37.3971879931667,-121.984457642167,2,0,0
3bb5d6c4-17d0-4088-a616-11ce03dd3274,1480723718.282,515.2,37.3971879973333,-121.984450142,2,0,0
3bb5d6c4-17d0-4088-a616-11ce03dd3274,1480723718.473,515.4,37.3971879691667,-121.984442181333,2,0,0
3bb5d6c4-17d0-4088-a616-11ce03dd3274,1480723718.674,515.6,37.3971880848333,-121.984434314333,2,0,0
3bb5d6c4-17d0-4088-a616-11ce03dd3274,1480723718.874,515.8,37.3971881663333,-121.9844269315,2,0,0
3bb5d6c4-17d0-4088-a616-11ce03dd3274,1480723719.075,516,37.3971880851667,-121.984419611167,2,0,0
3bb5d6c4-17d0-4088-a616-11ce03dd3274,1480723719.274,516.2,37.3971880871667,-121.98441261,2,0,0
3bb5d6c4-17d0-4088-a616-11ce03dd3274,1480723719.475,516.4,37.3971881931667,-121.984405327667,2,0,0
3bb5d6c4-17d0-4088-a616-11ce03dd3274,1480723719.678,516.6,37.3971882231667,-121.984397965667,2,0,0
3bb5d6c4-17d0-4088-a616-11ce03dd3274,1480723719.883,516.8,37.3971882653333,-121.984390553833,2,0,0
3bb5d6c4-17d0-4088-a616-11ce03dd3274,1480723720.078,517,37.397188355,-121.9843829585,2,0,0
3bb5d6c4-17d0-4088-a616-11ce03dd3274,1480723720.279,517.2,37.3971884121667,-121.984375168333,2,0,0
3bb5d6c4-17d0-4088-a616-11ce03dd3274,1480723720.477,517.4,37.3971884575,-121.984367415833,2,0,0
3bb5d6c4-17d0-4088-a616-11ce03dd3274,1480723720.681,517.6,37.3971885358333,-121.984359615,2,0,0
3bb5d6c4-17d0-4088-a616-11ce03dd3274,1480723720.883,517.8,37.3971885598333,-121.984351924167,2,0,0
3bb5d6c4-17d0-4088-a616-11ce03dd3274,1480723721.075,518,37.3971885926667,-121.984344198833,2,0,0
3bb5d6c4-17d0-4088-a616-11ce03dd3274,1480723721.277,518.2,37.3971886813333,-121.9843364835,2,0,0
3bb5d6c4-17d0-4088-a616-11ce03dd3274,1480723721.483,518.4,37.3971886703333,-121.984328776833,2,0,0
3bb5d6c4-17d0-4088-a616-11ce03dd3274,1480723721.676,518.6,37.3971886816667,-121.984321117333,2,0,0
3bb5d6c4-17d0-4088-a616-11ce03dd3274,1480723721.878,518.8,37.3971887248333,-121.984313389333,2,0,0
3bb5d6c4-17d0-4088-a616-11ce03dd3274,1480723722.076,519,37.3971887398333,-121.9843055835,2,0,0
3bb5d6c4-17d0-4088-a616-11ce03dd3274,1480723722.278,519.2,37.3971886895,-121.984297872,2,0,0
3bb5d6c4-17d0-4088-a616-11ce03dd3274,1480723722.48,519.4,37.3971886508333,-121.984290106167,2,0,0
3bb5d6c4-17d0-4088-a616-11ce03dd3274,1480723722.681,519.6,37.3971886775,-121.984282315667,2,0,0
3bb5d6c4-17d0-4088-a616-11ce03dd3274,1480723722.876,519.8,37.3971887103333,-121.984274507333,2,0,0
3bb5d6c4-17d0-4088-a616-11ce03dd3274,1480723723.082,520,37.3971887526667,-121.984267069833,2,0,0
3bb5d6c4-17d0-4088-a616-11ce03dd3274,1480723723.279,520.2,37.3971887211667,-121.984259380167,2,0,0
3bb5d6c4-17d0-4088-a616-11ce03dd3274,1480723723.482,520.4,37.3971885903333,-121.9842510665,2,0,0
3bb5d6c4-17d0-4088-a616-11ce03dd3274,1480723723.675,520.6,37.3971885441667,-121.984243205833,2,0,0
3bb5d6c4-17d0-4088-a616-11ce03dd3274,1480723723.88,520.8,37.3971885811667,-121.9842354665,2,0,0
3bb5d6c4-17d0-4088-a616-11ce03dd3274,1480723724.081,521,37.3971883925,-121.984227884667,2,0,0
3bb5d6c4-17d0-4088-a616-11ce03dd3274,1480723724.278,521.2,37.3971883001667,-121.984220086667,2,0,0
3bb5d6c4-17d0-4088-a616-11ce03dd3274,1480723724.479,521.4,37.3971882595,-121.984211857667,2,0,0
3bb5d6c4-17d0-4088-a616-11ce03dd3274,1480723724.679,521.6,37.3971881613333,-121.9842038465,2,0,0
3bb5d6c4-17d0-4088-a616-11ce03dd3274,1480723724.882,521.8,37.3971881278333,-121.984195691667,2,0,0
3bb5d6c4-17d0-4088-a616-11ce03dd3274,1480723725.076,522,37.3971881506667,-121.9841873095,2,0,0
3bb5d6c4-17d0-4088-a616-11ce03dd3274,1480723725.283,522.2,37.397188192,-121.984178833333,2,0,0
3bb5d6c4-17d0-4088-a616-11ce03dd3274,1480723725.48,522.4,37.3971882156667,-121.984170293167,2,0,0
3bb5d6c4-17d0-4088-a616-11ce03dd3274,1480723725.682,522.6,37.3971882761667,-121.984161609,2,0,0
3bb5d6c4-17d0-4088-a616-11ce03dd3274,1480723725.873,522.8,37.3971883528333,-121.9841529085,2,0,0
3bb5d6c4-17d0-4088-a616-11ce03dd3274,1480723726.077,523,37.3971883733333,-121.984144123667,2,0,0
3bb5d6c4-17d0-4088-a616-11ce03dd3274,1480723726.274,523.2,37.3971884231667,-121.984135249,2,0,0
3bb5d6c4-17d0-4088-a616-11ce03dd3274,1480723726.477,523.4,37.3971884198333,-121.9841263145,2,0,0
3bb5d6c4-17d0-4088-a616-11ce03dd3274,1480723726.677,523.6,37.3971885386667,-121.984117324167,2,0,0
3bb5d6c4-17d0-4088-a616-11ce03dd3274,1480723726.881,523.8,37.3971885793333,-121.984108438333,2,0,0
3bb5d6c4-17d0-4088-a616-11ce03dd3274,1480723727.077,524,37.3971885466667,-121.984099517333,2,0,0
3bb5d6c4-17d0-4088-a616-11ce03dd3274,1480723727.279,524.2,37.3971885538333,-121.9840905505,2,0,0
3bb5d6c4-17d0-4088-a616-11ce03dd3274,1480723727.484,524.4,37.3971885798333,-121.984081670333,2,0,0
3bb5d6c4-17d0-4088-a616-11ce03dd3274,1480723727.678,524.6,37.397188577,-121.984072702167,2,0,0
3bb5d6c4-17d0-4088-a616-11ce03dd3274,1480723727.883,524.8,37.3971886143333,-121.9840636865,2,0,0
3bb5d6c4-17d0-4088-a616-11ce03dd3274,1480723728.08,525,37.3971887575,-121.984054735167,2,0,0
3bb5d6c4-17d0-4088-a616-11ce03dd3274,1480723728.282,525.2,37.3971888448333,-121.984045748,2,0,0
3bb5d6c4-17d0-4088-a616-11ce03dd3274,1480723728.477,525.4,37.3971889178333,-121.98403669,2,0,0
3bb5d6c4-17d0-4088-a616-11ce03dd3274,1480723728.683,525.6,37.3971890446667,-121.984027699333,2,0,0
3bb5d6c4-17d0-4088-a616-11ce03dd3274,1480723728.884,525.8,37.39718908,-121.984018700833,2,0,0
3bb5d6c4-17d0-4088-a616-11ce03dd3274,1480723729.076,526,37.3971891368333,-121.984009699667,2,0,0
3bb5d6c4-17d0-4088-a616-11ce03dd3274,1480723729.274,526.2,37.397189277,-121.984000675667,2,0,0
3bb5d6c4-17d0-4088-a616-11ce03dd3274,1480723729.483,526.4,37.3971893916667,-121.983991644167,2,0,0
3bb5d6c4-17d0-4088-a616-11ce03dd3274,1480723729.677,526.6,37.3971894626667,-121.983982680167,2,0,0
3bb5d6c4-17d0-4088-a616-11ce03dd3274,1480723729.873,526.8,37.39718955,-121.983973711167,2,0,0
3bb5d6c4-17d0-4088-a616-11ce03dd3274,1480723730.079,527,37.3971897145,-121.983964769333,2,0,0
3bb5d6c4-17d0-4088-a616-11ce03dd3274,1480723730.277,527.2,37.397189819,-121.983955857833,2,0,0
3bb5d6c4-17d0-4088-a616-11ce03dd3274,1480723730.483,527.4,37.397189921,-121.983946947167,2,0,0
3bb5d6c4-17d0-4088-a616-11ce03dd3274,1480723730.675,527.6,37.3971900661667,-121.983938091333,2,0,0
3bb5d6c4-17d0-4088-a616-11ce03dd3274,1480723730.884,527.8,37.3971900803333,-121.983929248833,2,0,0
3bb5d6c4-17d0-4088-a616-11ce03dd3274,1480723731.073,528,37.3971901225,-121.983920477167,2,0,0
3bb5d6c4-17d0-4088-a616-11ce03dd3274,1480723731.278,528.2,37.3971902778333,-121.983911578,2,0,0
3bb5d6c4-17d0-4088-a616-11ce03dd3274,1480723731.482,528.4,37.3971904476667,-121.983902775667,2,0,0
3bb5d6c4-17d0-4088-a616-11ce03dd3274,1480723731.682,528.6,37.3971905048333,-121.983893949833,2,0,0
3bb5d6c4-17d0-4088-a616-11ce03dd3274,1480723731.879,528.8,37.3971905706667,-121.983885200833,2,0,0
3bb5d6c4-17d0-4088-a616-11ce03dd3274,1480723732.083,529,37.3971906965,-121.983876387333,2,0,0
3bb5d6c4-17d0-4088-a616-11ce03dd3274,1480723732.28,529.2,37.3971904785,-121.983867704167,2,0,0
3bb5d6c4-17d0-4088-a616-11ce03dd3274,1480723732.481,529.4,37.3971902023333,-121.9838591265,2,0,0
3bb5d6c4-17d0-4088-a616-11ce03dd3274,1480723732.673,529.6,37.3971898588333,-121.983850625333,2,0,0
3bb5d6c4-17d0-4088-a616-11ce03dd3274,1480723732.882,529.8,37.3971890715,-121.983842388333,2,0,0
3bb5d6c4-17d0-4088-a616-11ce03dd3274,1480723733.079,530,37.3971882345,-121.983834166833,2,0,0
3bb5d6c4-17d0-4088-a616-11ce03dd3274,1480723733.28,530.2,37.3971870886667,-121.983826176833,2,0,0
3bb5d6c4-17d0-4088-a616-11ce03dd3274,1480723733.483,530.4,37.3971855061667,-121.983818426667,2,0,0
3bb5d6c4-17d0-4088-a616-11ce03dd3274,1480723733.684,530.6,37.3971835421667,-121.9838108985,2,0,0
3bb5d6c4-17d0-4088-a616-11ce03dd3274,1480723733.875,530.8,37.3971812546667,-121.983803671667,2,0,0
3bb5d6c4-17d0-4088-a616-11ce03dd3274,1480723734.078,531,37.3971784463333,-121.983796897,2,0,0
3bb5d6c4-17d0-4088-a616-11ce03dd3274,1480723734.277,531.2,37.3971752228333,-121.983790470167,2,0,0
3bb5d6c4-17d0-4088-a616-11ce03dd3274,1480723734.474,531.4,37.397171722,-121.983784479167,2,0,0
3bb5d6c4-17d0-4088-a616-11ce03dd3274,1480723734.677,531.6,37.3971678005,-121.983779145833,2,0,0
3bb5d6c4-17d0-4088-a616-11ce03dd3274,1480723734.875,531.8,37.3971636491667,-121.983774339667,2,0,0
3bb5d6c4-17d0-4088-a616-11ce03dd3274,1480723735.079,532,37.3971590123333,-121.983769979667,2,0,0
3bb5d6c4-17d0-4088-a616-11ce03dd3274,1480723735.273,532.2,37.397154081,-121.983766256833,2,0,0
3bb5d6c4-17d0-4088-a616-11ce03dd3274,1480723735.481,532.4,37.3971488968333,-121.983763141,2,0,0
3bb5d6c4-17d0-4088-a616-11ce03dd3274,1480723735.679,532.6,37.397143464,-121.983760758167,2,0,0
3bb5d6c4-17d0-4088-a616-11ce03dd3274,1480723735.875,532.8,37.3971378611667,-121.983758911167,2,0,0
3bb5d6c4-17d0-4088-a616-11ce03dd3274,1480723736.08,533,37.397132214,-121.983757707,2,0,0
3bb5d6c4-17d0-4088-a616-11ce03dd3274,1480723736.281,533.2,37.3971265395,-121.983757154167,2,0,0
3bb5d6c4-17d0-4088-a616-11ce03dd3274,1480723736.478,533.4,37.3971210018333,-121.983757161167,2,0,0
3bb5d6c4-17d0-4088-a616-11ce03dd3274,1480723736.682,533.6,37.3971154925,-121.983757996167,2,0,0
3bb5d6c4-17d0-4088-a616-11ce03dd3274,1480723736.881,533.8,37.3971100501667,-121.983759517833,2,0,0
3bb5d6c4-17d0-4088-a616-11ce03dd3274,1480723737.082,534,37.3971047628333,-121.983761411167,2,0,0
3bb5d6c4-17d0-4088-a616-11ce03dd3274,1480723737.278,534.2,37.3970996091667,-121.983763661167,2,0,0
3bb5d6c4-17d0-4088-a616-11ce03dd3274,1480723737.478,534.4,37.3970945645,-121.983766114667,2,0,0
3bb5d6c4-17d0-4088-a616-11ce03dd3274,1480723737.679,534.6,37.397089876,-121.983769179333,2,0,0
3bb5d6c4-17d0-4088-a616-11ce03dd3274,1480723737.875,534.8,37.3970853461667,-121.983772475833,2,0,0
3bb5d6c4-17d0-4088-a616-11ce03dd3274,1480723738.073,535,37.3970806421667,-121.983775496667,2,0,0
3bb5d6c4-17d0-4088-a616-11ce03dd3274,1480723738.281,535.2,37.3970762845,-121.983778663667,2,0,0
3bb5d6c4-17d0-4088-a616-11ce03dd3274,1480723738.473,535.4,37.3970720821667,-121.9837818055,2,0,0
3bb5d6c4-17d0-4088-a616-11ce03dd3274,1480723738.682,535.6,37.3970680933333,-121.983785013333,2,0,0
3bb5d6c4-17d0-4088-a616-11ce03dd3274,1480723738.874,535.8,37.3970640833333,-121.983787845167,2,0,0
3bb5d6c4-17d0-4088-a616-11ce03dd3274,1480723739.077,536,37.3970600876667,-121.9837903035,2,0,0
3bb5d6c4-17d0-4088-a616-11ce03dd3274,1480723739.282,536.2,37.3970561205,-121.983792519333,2,0,0
3bb5d6c4-17d0-4088-a616-11ce03dd3274,1480723739.475,536.4,37.3970523251667,-121.983794573833,2,0,0
3bb5d6c4-17d0-4088-a616-11ce03dd3274,1480723739.673,536.6,37.3970483503333,-121.983795956833,2,0,0
3bb5d6c4-17d0-4088-a616-11ce03dd3274,1480723739.877,536.8,37.3970443698333,-121.98379695,2,0,0
3bb5d6c4-17d0-4088-a616-11ce03dd3274,1480723740.075,537,37.397040308,-121.983797491167,2,0,0
3bb5d6c4-17d0-4088-a616-11ce03dd3274,1480723740.278,537.2,37.3970362186667,-121.9837975935,2,0,0
3bb5d6c4-17d0-4088-a616-11ce03dd3274,1480723740.474,537.4,37.3970321738333,-121.9837970885,2,0,0
3bb5d6c4-17d0-4088-a616-11ce03dd3274,1480723740.676,537.6,37.3970282625,-121.983796081333,2,0,0
3bb5d6c4-17d0-4088-a616-11ce03dd3274,1480723740.875,537.8,37.3970245178333,-121.9837945785,2,0,0
3bb5d6c4-17d0-4088-a616-11ce03dd3274,1480723741.082,538,37.397020963,-121.983792703667,2,0,0
3bb5d6c4-17d0-4088-a616-11ce03dd3274,1480723741.274,538.2,37.3970174835,-121.983790298833,2,0,0
3bb5d6c4-17d0-4088-a616-11ce03dd3274,1480723741.482,538.4,37.3970142436667,-121.9837874465,2,0,0
3bb5d6c4-17d0-4088-a616-11ce03dd3274,1480723741.673,538.6,37.3970111963333,-121.983784193167,2,0,0
3bb5d6c4-17d0-4088-a616-11ce03dd3274,1480723741.881,538.8,37.3970084111667,-121.983780612,2,0,0
3bb5d6c4-17d0-4088-a616-11ce03dd3274,1480723742.079,539,37.3970058976667,-121.9837766515,2,0,0
3bb5d6c4-17d0-4088-a616-11ce03dd3274,1480723742.274,539.2,37.3970036645,-121.983772368,2,0,0
3bb5d6c4-17d0-4088-a616-11ce03dd3274,1480723742.478,539.4,37.3970018378333,-121.983767749333,2,0,0
3bb5d6c4-17d0-4088-a616-11ce03dd3274,1480723742.681,539.6,37.3970004178333,-121.983762906167,2,0,0
3bb5d6c4-17d0-4088-a616-11ce03dd3274,1480723742.873,539.8,37.3969993818333,-121.983757904667,2,0,0
3bb5d6c4-17d0-4088-a616-11ce03dd3274,1480723743.082,540,37.3969985958333,-121.9837528095,2,0,0
3bb5d6c4-17d0-4088-a616-11ce03dd3274,1480723743.276,540.2,37.3969981641667,-121.983747622833,2,0,0
3bb5d6c4-17d0-4088-a616-11ce03dd3274,1480723743.48,540.4,37.3969981216667,-121.983742470167,2,0,0
3bb5d6c4-17d0-4088-a616-11ce03dd3274,1480723743.674,540.6,37.3969986805,-121.9837372585,2,0,0
3bb5d6c4-17d0-4088-a616-11ce03dd3274,1480723743.878,540.8,37.3969996916667,-121.9837320545,2,0,0
3bb5d6c4-17d0-4088-a616-11ce03dd3274,1480723744.081,541,37.397001097,-121.9837268555,2,0,0
3bb5d6c4-17d0-4088-a616-11ce03dd3274,1480723744.277,541.2,37.3970030413333,-121.983721927333,2,0,0
3bb5d6c4-17d0-4088-a616-11ce03dd3274,1480723744.481,541.4,37.3970054736667,-121.983717229,2,0,0
3bb5d6c4-17d0-4088-a616-11ce03dd3274,1480723744.679,541.6,37.3970083095,-121.983712747667,2,0,0
3bb5d6c4-17d0-4088-a616-11ce03dd3274,1480723744.874,541.8,37.3970114275,-121.983708623167,2,0,0
3bb5d6c4-17d0-4088-a616-11ce03dd3274,1480723745.079,542,37.3970149443333,-121.983705003333,2,0,0
3bb5d6c4-17d0-4088-a616-11ce03dd3274,1480723745.273,542.2,37.3970188431667,-121.983701824167,2,0,0
3bb5d6c4-17d0-4088-a616-11ce03dd3274,1480723745.478,542.4,37.3970229808333,-121.983699277333,2,0,0
3bb5d6c4-17d0-4088-a616-11ce03dd3274,1480723745.675,542.6,37.3970273258333,-121.983697283667,2,0,0
3bb5d6c4-17d0-4088-a616-11ce03dd3274,1480723745.875,542.8,37.3970318936667,-121.983695740333,2,0,0
3bb5d6c4-17d0-4088-a616-11ce03dd3274,1480723746.082,543,37.3970365651667,-121.983694888333,2,0,0
3bb5d6c4-17d0-4088-a616-11ce03dd3274,1480723746.275,543.2,37.3970414233333,-121.983694404333,2,0,0
3bb5d6c4-17d0-4088-a616-11ce03dd3274,1480723746.475,543.4,37.3970463668333,-121.983694396833,2,0,0
3bb5d6c4-17d0-4088-a616-11ce03dd3274,1480723746.681,543.6,37.3970513036667,-121.9836947975,2,0,0
3bb5d6c4-17d0-4088-a616-11ce03dd3274,1480723746.882,543.8,37.39705631,-121.983695291833,2,0,0
3bb5d6c4-17d0-4088-a616-11ce03dd3274,1480723747.078,544,37.3970614186667,-121.983695880667,2,0,0
3bb5d6c4-17d0-4088-a616-11ce03dd3274,1480723747.28,544.2,37.3970666061667,-121.983696897667,2,0,0
3bb5d6c4-17d0-4088-a616-11ce03dd3274,1480723747.476,544.4,37.397071837,-121.983698168667,2,0,0
3bb5d6c4-17d0-4088-a616-11ce03dd3274,1480723747.679,544.6,37.3970771913333,-121.983699591667,2,0,0
3bb5d6c4-17d0-4088-a616-11ce03dd3274,1480723747.881,544.8,37.3970825995,-121.983701154667,2,0,0
3bb5d6c4-17d0-4088-a616-11ce03dd3274,1480723748.079,545,37.3970878996667,-121.983703061667,2,0,0
3bb5d6c4-17d0-4088-a616-11ce03dd3274,1480723748.28,545.2,37.3970930953333,-121.983705210833,2,0,0
3bb5d6c4-17d0-4088-a616-11ce03dd3274,1480723748.482,545.4,37.3970982553333,-121.983707400167,2,0,0
3bb5d6c4-17d0-4088-a616-11ce03dd3274,1480723748.674,545.6,37.397103283,-121.983709816333,2,0,0
3bb5d6c4-17d0-4088-a616-11ce03dd3274,1480723748.876,545.8,37.3971081955,-121.9837124775,2,0,0
3bb5d6c4-17d0-4088-a616-11ce03dd3274,1480723749.074,546,37.3971130203333,-121.983715299333,2,0,0
3bb5d6c4-17d0-4088-a616-11ce03dd3274,1480723749.275,546.2,37.3971176406667,-121.9837182765,2,0,0
3bb5d6c4-17d0-4088-a616-11ce03dd3274,1480723749.48,546.4,37.3971221795,-121.98372139,2,0,0
3bb5d6c4-17d0-4088-a616-11ce03dd3274,1480723749.682,546.6,37.39712648,-121.983724706167,2,0,0
3bb5d6c4-17d0-4088-a616-11ce03dd3274,1480723749.876,546.8,37.39713058,-121.983728307167,2,0,0
3bb5d6c4-17d0-4088-a616-11ce03dd3274,1480723750.082,547,37.3971345705,-121.983732075,2,0,0
3bb5d6c4-17d0-4088-a616-11ce03dd3274,1480723750.275,547.2,37.39713847,-121.983736103167,2,0,0
3bb5d6c4-17d0-4088-a616-11ce03dd3274,1480723750.48,547.4,37.3971421865,-121.983740245667,2,0,0
3bb5d6c4-17d0-4088-a616-11ce03dd3274,1480723750.675,547.6,37.3971458188333,-121.983744675,2,0,0
3bb5d6c4-17d0-4088-a616-11ce03dd3274,1480723750.883,547.8,37.3971492865,-121.983749596167,2,0,0
3bb5d6c4-17d0-4088-a616-11ce03dd3274,1480723751.076,548,37.3971527595,-121.983754598333,2,0,0
3bb5d6c4-17d0-4088-a616-11ce03dd3274,1480723751.279,548.2,37.3971562195,-121.983759641667,2,0,0
3bb5d6c4-17d0-4088-a616-11ce03dd3274,1480723751.479,548.4,37.3971593073333,-121.983765082667,2,0,0
3bb5d6c4-17d0-4088-a616-11ce03dd3274,1480723751.683,548.6,37.3971620781667,-121.983770789,2,0,0
3bb5d6c4-17d0-4088-a616-11ce03dd3274,1480723751.88,548.8,37.397164675,-121.983776580667,2,0,0
3bb5d6c4-17d0-4088-a616-11ce03dd3274,1480723752.075,549,37.3971670996667,-121.9837826255,2,0,0
3bb5d6c4-17d0-4088-a616-11ce03dd3274,1480723752.279,549.2,37.397169222,-121.9837889285,2,0,0
3bb5d6c4-17d0-4088-a616-11ce03dd3274,1480723752.481,549.4,37.3971711751667,-121.983795338333,2,0,0
3bb5d6c4-17d0-4088-a616-11ce03dd3274,1480723752.678,549.6,37.3971728356667,-121.9838018705,2,0,0
3bb5d6c4-17d0-4088-a616-11ce03dd3274,1480723752.881,549.8,37.3971742538333,-121.983808454333,2,0,0
3bb5d6c4-17d0-4088-a616-11ce03dd3274,1480723753.079,550,37.3971755518333,-121.983815061667,2,0,0
3bb5d6c4-17d0-4088-a616-11ce03dd3274,1480723753.281,550.2,37.3971765736667,-121.983821768,2,0,0
3bb5d6c4-17d0-4088-a616-11ce03dd3274,1480723753.473,550.4,37.3971775303333,-121.983828495667,2,0,0
3bb5d6c4-17d0-4088-a616-11ce03dd3274,1480723753.676,550.6,37.3971783005,-121.983835309,2,0,0
3bb5d6c4-17d0-4088-a616-11ce03dd3274,1480723753.881,550.8,37.3971788975,-121.983842249333,2,0,0
3bb5d6c4-17d0-4088-a616-11ce03dd3274,1480723754.079,551,37.3971793535,-121.9838492745,2,0,0
3bb5d6c4-17d0-4088-a616-11ce03dd3274,1480723754.281,551.2,37.397179714,-121.983856386333,2,0,0
3bb5d6c4-17d0-4088-a616-11ce03dd3274,1480723754.476,551.4,37.3971800478333,-121.9838635955,2,0,0
3bb5d6c4-17d0-4088-a616-11ce03dd3274,1480723754.683,551.6,37.3971802263333,-121.983870916167,2,0,0
3bb5d6c4-17d0-4088-a616-11ce03dd3274,1480723754.876,551.8,37.3971804243333,-121.98387829,2,0,0
3bb5d6c4-17d0-4088-a616-11ce03dd3274,1480723755.081,552,37.3971805963333,-121.983885758,2,0,0
3bb5d6c4-17d0-4088-a616-11ce03dd3274,1480723755.274,552.2,37.3971805475,-121.983893253,2,0,0
3bb5d6c4-17d0-4088-a616-11ce03dd3274,1480723755.477,552.4,37.39718045,-121.98390088,2,0,0
3bb5d6c4-17d0-4088-a616-11ce03dd3274,1480723755.681,552.6,37.397180508,-121.98390861,2,0,0
3bb5d6c4-17d0-4088-a616-11ce03dd3274,1480723755.876,552.8,37.3971805126667,-121.983916367333,2,0,0
3bb5d6c4-17d0-4088-a616-11ce03dd3274,1480723756.081,553,37.3971804815,-121.983924222833,2,0,0
3bb5d6c4-17d0-4088-a616-11ce03dd3274,1480723756.274,553.2,37.3971805091667,-121.983932122667,2,0,0
3bb5d6c4-17d0-4088-a616-11ce03dd3274,1480723756.474,553.4,37.3971804445,-121.9839401405,2,0,0
3bb5d6c4-17d0-4088-a616-11ce03dd3274,1480723756.673,553.6,37.3971803596667,-121.983948138167,2,0,0
3bb5d6c4-17d0-4088-a616-11ce03dd3274,1480723756.883,553.8,37.3971803916667,-121.983956155167,2,0,0
3bb5d6c4-17d0-4088-a616-11ce03dd3274,1480723757.074,554,37.3971803845,-121.983964106833,2,0,0
3bb5d6c4-17d0-4088-a616-11ce03dd3274,1480723757.278,554.2,37.3971803521667,-121.9839720585,2,0,0
3bb5d6c4-17d0-4088-a616-11ce03dd3274,1480723757.474,554.4,37.3971802593333,-121.9839799685,2,0,0
3bb5d6c4-17d0-4088-a616-11ce03dd3274,1480723757.679,554.6,37.3971802708333,-121.983987818,2,0,0
3bb5d6c4-17d0-4088-a616-11ce03dd3274,1480723757.883,554.8,37.3971802641667,-121.983995569333,2,0,0
3bb5d6c4-17d0-4088-a616-11ce03dd3274,1480723758.081,555,37.3971801915,-121.984003346,2,0,0
3bb5d6c4-17d0-4088-a616-11ce03dd3274,1480723758.281,555.2,37.3971801793333,-121.984011084167,2,0,0
3bb5d6c4-17d0-4088-a616-11ce03dd3274,1480723758.482,555.4,37.3971801635,-121.984018748,2,0,0
3bb5d6c4-17d0-4088-a616-11ce03dd3274,1480723758.676,555.6,37.3971801583333,-121.984026349667,2,0,0
3bb5d6c4-17d0-4088-a616-11ce03dd3274,1480723758.879,555.8,37.3971801226667,-121.984033942167,2,0,0
3bb5d6c4-17d0-4088-a616-11ce03dd3274,1480723759.075,556,37.3971801385,-121.984041482667,2,0,0
3bb5d6c4-17d0-4088-a616-11ce03dd3274,1480723759.273,556.2,37.3971801848333,-121.9840489855,2,0,0
3bb5d6c4-17d0-4088-a616-11ce03dd3274,1480723759.481,556.4,37.3971801156667,-121.984056458833,2,0,0
3bb5d6c4-17d0-4088-a616-11ce03dd3274,1480723759.672,556.6,37.3971801093333,-121.9840638015,2,0,0
3bb5d6c4-17d0-4088-a616-11ce03dd3274,1480723759.875,556.8,37.3971801133333,-121.984071187833,2,0,0
3bb5d6c4-17d0-4088-a616-11ce03dd3274,1480723760.078,557,37.3971800366667,-121.9840785285,2,0,0
3bb5d6c4-17d0-4088-a616-11ce03dd3274,1480723760.281,557.2,37.3971800036667,-121.9840858055,2,0,0
3bb5d6c4-17d0-4088-a616-11ce03dd3274,1480723760.476,557.4,37.3971799661667,-121.9840930305,2,0,0
3bb5d6c4-17d0-4088-a616-11ce03dd3274,1480723760.682,557.6,37.397180026,-121.984100190167,2,0,0
3bb5d6c4-17d0-4088-a616-11ce03dd3274,1480723760.88,557.8,37.3971800945,-121.984107275,2,0,0
3bb5d6c4-17d0-4088-a616-11ce03dd3274,1480723761.073,558,37.3971801196667,-121.984114336167,2,0,0
3bb5d6c4-17d0-4088-a616-11ce03dd3274,1480723761.278,558.2,37.3971801283333,-121.984121395833,2,0,0
3bb5d6c4-17d0-4088-a616-11ce03dd3274,1480723761.482,558.4,37.3971801793333,-121.984128373833,2,0,0
3bb5d6c4-17d0-4088-a616-11ce03dd3274,1480723761.673,558.6,37.3971802215,-121.984135328833,2,0,0
3bb5d6c4-17d0-4088-a616-11ce03dd3274,1480723761.879,558.8,37.3971802463333,-121.984142232333,2,0,0
3bb5d6c4-17d0-4088-a616-11ce03dd3274,1480723762.081,559,37.3971802855,-121.9841490295,2,0,0
3bb5d6c4-17d0-4088-a616-11ce03dd3274,1480723762.276,559.2,37.3971803111667,-121.984155840167,2,0,0
3bb5d6c4-17d0-4088-a616-11ce03dd3274,1480723762.481,559.4,37.3971804023333,-121.984162605667,2,0,0
3bb5d6c4-17d0-4088-a616-11ce03dd3274,1480723762.673,559.6,37.3971803953333,-121.984169356833,2,0,0
3bb5d6c4-17d0-4088-a616-11ce03dd3274,1480723762.88,559.8,37.3971804533333,-121.984176030333,2,0,0
3bb5d6c4-17d0-4088-a616-11ce03dd3274,1480723763.082,560,37.3971805163333,-121.984182681333,2,0,0
3bb5d6c4-17d0-4088-a616-11ce03dd3274,1480723763.274,560.2,37.39718059,-121.984189316167,2,0,0
3bb5d6c4-17d0-4088-a616-11ce03dd3274,1480723763.474,560.4,37.3971806365,-121.984195903667,2,0,0
3bb5d6c4-17d0-4088-a616-11ce03dd3274,1480723763.674,560.6,37.3971806686667,-121.9842025735,2,0,0
3bb5d6c4-17d0-4088-a616-11ce03dd3274,1480723763.881,560.8,37.397180706,-121.984209221333,2,0,0
3bb5d6c4-17d0-4088-a616-11ce03dd3274,1480723764.079,561,37.397180775,-121.984215927833,2,0,0
3bb5d6c4-17d0-4088-a616-11ce03dd3274,1480723764.273,561.2,37.3971807861667,-121.984222252,2,0,0
3bb5d6c4-17d0-4088-a616-11ce03dd3274,1480723764.48,561.4,37.3971809055,-121.984228612333,2,0,0
3bb5d6c4-17d0-4088-a616-11ce03dd3274,1480723764.672,561.6,37.3971809506667,-121.984235729167,2,0,0
3bb5d6c4-17d0-4088-a616-11ce03dd3274,1480723764.874,561.8,37.3971808766667,-121.984242868833,2,0,0
3bb5d6c4-17d0-4088-a616-11ce03dd3274,1480723765.082,562,37.3971809748333,-121.984249695,2,0,0
3bb5d6c4-17d0-4088-a616-11ce03dd3274,1480723765.275,562.2,37.397181158,-121.984256894667,2,0,0
3bb5d6c4-17d0-4088-a616-11ce03dd3274,1480723765.479,562.4,37.3971812065,-121.984263704667,2,0,0
3bb5d6c4-17d0-4088-a616-11ce03dd3274,1480723765.674,562.6,37.3971811476667,-121.984270731,2,0,0
3bb5d6c4-17d0-4088-a616-11ce03dd3274,1480723765.876,562.8,37.397181364,-121.984278189,2,0,0
3bb5d6c4-17d0-4088-a616-11ce03dd3274,1480723766.074,563,37.3971815266667,-121.984285467333,2,0,0
3bb5d6c4-17d0-4088-a616-11ce03dd3274,1480723766.278,563.2,37.3971815303333,-121.984292833667,2,0,0
3bb5d6c4-17d0-4088-a616-11ce03dd3274,1480723766.482,563.4,37.3971816063333,-121.984300276333,2,0,0
3bb5d6c4-17d0-4088-a616-11ce03dd3274,1480723766.673,563.6,37.3971817281667,-121.984307753667,2,0,0
3bb5d6c4-17d0-4088-a616-11ce03dd3274,1480723766.88,563.8,37.397181863,-121.984315207667,2,0,0
3bb5d6c4-17d0-4088-a616-11ce03dd3274,1480723767.081,564,37.397181984,-121.984322639167,2,0,0
3bb5d6c4-17d0-4088-a616-11ce03dd3274,1480723767.272,564.2,37.3971820376667,-121.984330024333,2,0,0
3bb5d6c4-17d0-4088-a616-11ce03dd3274,1480723767.481,564.4,37.3971821223333,-121.9843374365,2,0,0
3bb5d6c4-17d0-4088-a616-11ce03dd3274,1480723767.675,564.6,37.3971822355,-121.984344857333,2,0,0
3bb5d6c4-17d0-4088-a616-11ce03dd3274,1480723767.873,564.8,37.3971823553333,-121.984352274333,2,0,0
3bb5d6c4-17d0-4088-a616-11ce03dd3274,1480723768.074,565,37.3971823991667,-121.984359698833,2,0,0
3bb5d6c4-17d0-4088-a616-11ce03dd3274,1480723768.278,565.2,37.3971825055,-121.984367139667,2,0,0
3bb5d6c4-17d0-4088-a616-11ce03dd3274,1480723768.472,565.4,37.3971826073333,-121.9843745295,2,0,0
3bb5d6c4-17d0-4088-a616-11ce03dd3274,1480723768.676,565.6,37.3971826723333,-121.984381874,2,0,0
3bb5d6c4-17d0-4088-a616-11ce03dd3274,1480723768.874,565.8,37.3971827721667,-121.9843892455,2,0,0
3bb5d6c4-17d0-4088-a616-11ce03dd3274,1480723769.076,566,37.3971828928333,-121.984396644333,2,0,0
3bb5d6c4-17d0-4088-a616-11ce03dd3274,1480723769.281,566.2,37.3971829701667,-121.984404031333,2,0,0
3bb5d6c4-17d0-4088-a616-11ce03dd3274,1480723769.48,566.4,37.3971830251667,-121.9844111395,2,0,0
3bb5d6c4-17d0-4088-a616-11ce03dd3274,1480723769.682,566.6,37.3971831263333,-121.9844182115,2,0,0
3bb5d6c4-17d0-4088-a616-11ce03dd3274,1480723769.88,566.8,37.397183192,-121.9844259165,2,0,0
3bb5d6c4-17d0-4088-a616-11ce03dd3274,1480723770.075,567,37.397183177,-121.984433432,2,0,0
3bb5d6c4-17d0-4088-a616-11ce03dd3274,1480723770.282,567.2,37.3971832031667,-121.984440595167,2,0,0
3bb5d6c4-17d0-4088-a616-11ce03dd3274,1480723770.476,567.4,37.3971832816667,-121.984447849333,2,0,0
3bb5d6c4-17d0-4088-a616-11ce03dd3274,1480723770.679,567.6,37.3971832535,-121.9844547625,2,0,0
3bb5d6c4-17d0-4088-a616-11ce03dd3274,1480723770.88,567.8,37.3971832436667,-121.984462274,2,0,0
3bb5d6c4-17d0-4088-a616-11ce03dd3274,1480723771.072,568,37.397183356,-121.984469720833,2,0,0
3bb5d6c4-17d0-4088-a616-11ce03dd3274,1480723771.28,568.2,37.397183423,-121.9844769885,2,0,0
3bb5d6c4-17d0-4088-a616-11ce03dd3274,1480723771.472,568.4,37.3971834726667,-121.984484369667,2,0,0
3bb5d6c4-17d0-4088-a616-11ce03dd3274,1480723771.681,568.6,37.3971835098333,-121.984491801833,2,0,0
3bb5d6c4-17d0-4088-a616-11ce03dd3274,1480723771.879,568.8,37.3971834738333,-121.9844992865,2,0,0
3bb5d6c4-17d0-4088-a616-11ce03dd3274,1480723772.083,569,37.3971834851667,-121.984506763333,2,0,0
3bb5d6c4-17d0-4088-a616-11ce03dd3274,1480723772.277,569.2,37.3971835735,-121.984514305333,2,0,0
3bb5d6c4-17d0-4088-a616-11ce03dd3274,1480723772.48,569.4,37.397183524,-121.984521850667,2,0,0
3bb5d6c4-17d0-4088-a616-11ce03dd3274,1480723772.679,569.6,37.3971834846667,-121.984529420833,2,0,0
3bb5d6c4-17d0-4088-a616-11ce03dd3274,1480723772.881,569.8,37.397183533,-121.984536964,2,0,0
3bb5d6c4-17d0-4088-a616-11ce03dd3274,1480723773.078,570,37.3971835038333,-121.984544537167,2,0,0
3bb5d6c4-17d0-4088-a616-11ce03dd3274,1480723773.272,570.2,37.3971835086667,-121.984552085667,2,0,0
3bb5d6c4-17d0-4088-a616-11ce03dd3274,1480723773.48,570.4,37.3971835758333,-121.984559657833,2,0,0
3bb5d6c4-17d0-4088-a616-11ce03dd3274,1480723773.674,570.6,37.3971836036667,-121.9845672515,2,0,0
3bb5d6c4-17d0-4088-a616-11ce03dd3274,1480723773.875,570.8,37.3971836285,-121.984574865333,2,0,0
3bb5d6c4-17d0-4088-a616-11ce03dd3274,1480723774.074,571,37.3971836343333,-121.984582452,2,0,0
3bb5d6c4-17d0-4088-a616-11ce03dd3274,1480723774.28,571.2,37.3971836415,-121.9845900715,2,0,0
3bb5d6c4-17d0-4088-a616-11ce03dd3274,1480723774.479,571.4,37.397183685,-121.984597658,2,0,0
3bb5d6c4-17d0-4088-a616-11ce03dd3274,1480723774.677,571.6,37.3971836738333,-121.984605274167,2,0,0
3bb5d6c4-17d0-4088-a616-11ce03dd3274,1480723774.875,571.8,37.3971836695,-121.984612844833,2,0,0
3bb5d6c4-17d0-4088-a616-11ce03dd3274,1480723775.077,572,37.397183703,-121.984620430667,2,0,0
3bb5d6c4-17d0-4088-a616-11ce03dd3274,1480723775.281,572.2,37.3971836755,-121.984627994833,2,0,0
3bb5d6c4-17d0-4088-a616-11ce03dd3274,1480723775.472,572.4,37.3971836218333,-121.984635504167,2,0,0
3bb5d6c4-17d0-4088-a616-11ce03dd3274,1480723775.676,572.6,37.3971835611667,-121.9846429455,2,0,0
3bb5d6c4-17d0-4088-a616-11ce03dd3274,1480723775.873,572.8,37.3971832103333,-121.984650453,2,0,0
3bb5d6c4-17d0-4088-a616-11ce03dd3274,1480723776.078,573,37.3971827288333,-121.984657738833,2,0,0
3bb5d6c4-17d0-4088-a616-11ce03dd3274,1480723776.281,573.2,37.3971819531667,-121.984664946167,2,0,0
3bb5d6c4-17d0-4088-a616-11ce03dd3274,1480723776.473,573.4,37.3971808978333,-121.9846720745,2,0,0
3bb5d6c4-17d0-4088-a616-11ce03dd3274,1480723776.673,573.6,37.3971794701667,-121.984679033333,2,0,0
3bb5d6c4-17d0-4088-a616-11ce03dd3274,1480723776.882,573.8,37.3971778173333,-121.984685950833,2,0,0
3bb5d6c4-17d0-4088-a616-11ce03dd3274,1480723777.075,574,37.3971758685,-121.984692627833,2,0,0
3bb5d6c4-17d0-4088-a616-11ce03dd3274,1480723777.278,574.2,37.3971736123333,-121.984699287667,2,0,0
3bb5d6c4-17d0-4088-a616-11ce03dd3274,1480723777.482,574.4,37.3971709635,-121.984705886667,2,0,0
3bb5d6c4-17d0-4088-a616-11ce03dd3274,1480723777.68,574.6,37.3971680278333,-121.984712260667,2,0,0
3bb5d6c4-17d0-4088-a616-11ce03dd3274,1480723777.879,574.8,37.3971648423333,-121.984718317,2,0,0
3bb5d6c4-17d0-4088-a616-11ce03dd3274,1480723778.073,575,37.3971615208333,-121.984723938333,2,0,0
3bb5d6c4-17d0-4088-a616-11ce03dd3274,1480723778.274,575.2,37.3971579968333,-121.984729164167,2,0,0
3bb5d6c4-17d0-4088-a616-11ce03dd3274,1480723778.475,575.4,37.3971542435,-121.984734105167,2,0,0
3bb5d6c4-17d0-4088-a616-11ce03dd3274,1480723778.672,575.6,37.3971503483333,-121.984738763667,2,0,0
3bb5d6c4-17d0-4088-a616-11ce03dd3274,1480723778.879,575.8,37.3971462966667,-121.984743096,2,0,0
3bb5d6c4-17d0-4088-a616-11ce03dd3274,1480723779.079,576,37.3971421553333,-121.984747388,2,0,0
3bb5d6c4-17d0-4088-a616-11ce03dd3274,1480723779.275,576.2,37.3971378553333,-121.984751348833,2,0,0
3bb5d6c4-17d0-4088-a616-11ce03dd3274,1480723779.482,576.4,37.3971334201667,-121.9847551485,2,0,0
3bb5d6c4-17d0-4088-a616-11ce03dd3274,1480723779.682,576.6,37.397128934,-121.9847588845,2,0,0
3bb5d6c4-17d0-4088-a616-11ce03dd3274,1480723779.876,576.8,37.3971244305,-121.984762472667,2,0,0
3bb5d6c4-17d0-4088-a616-11ce03dd3274,1480723780.079,577,37.397119817,-121.984765775833,2,0,0
3bb5d6c4-17d0-4088-a616-11ce03dd3274,1480723780.273,577.2,37.3971152143333,-121.984769066667,2,0,0
3bb5d6c4-17d0-4088-a616-11ce03dd3274,1480723780.478,577.4,37.3971106468333,-121.9847723065,2,0,0
3bb5d6c4-17d0-4088-a616-11ce03dd3274,1480723780.678,577.6,37.3971060813333,-121.984775523833,2,0,0
3bb5d6c4-17d0-4088-a616-11ce03dd3274,1480723780.875,577.8,37.397101446,-121.984778515833,2,0,0
3bb5d6c4-17d0-4088-a616-11ce03dd3274,1480723781.076,578,37.3970970076667,-121.984781524833,2,0,0
3bb5d6c4-17d0-4088-a616-11ce03dd3274,1480723781.276,578.2,37.397092709,-121.984784621833,2,0,0
3bb5d6c4-17d0-4088-a616-11ce03dd3274,1480723781.477,578.4,37.397088497,-121.984787627,2,0,0
3bb5d6c4-17d0-4088-a616-11ce03dd3274,1480723781.675,578.6,37.3970842735,-121.984790553833,2,0,0
3bb5d6c4-17d0-4088-a616-11ce03dd3274,1480723781.872,578.8,37.3970800826667,-121.984793395667,2,0,0
3bb5d6c4-17d0-4088-a616-11ce03dd3274,1480723782.081,579,37.3970760923333,-121.984796396833,2,0,0
3bb5d6c4-17d0-4088-a616-11ce03dd3274,1480723782.273,579.2,37.3970722655,-121.984799463667,2,0,0
3bb5d6c4-17d0-4088-a616-11ce03dd3274,1480723782.476,579.4,37.3970683903333,-121.9848022895,2,0,0
3bb5d6c4-17d0-4088-a616-11ce03dd3274,1480723782.672,579.6,37.3970644276667,-121.984804803167,2,0,0
3bb5d6c4-17d0-4088-a616-11ce03dd3274,1480723782.878,579.8,37.3970605675,-121.9848074195,2,0,0
3bb5d6c4-17d0-4088-a616-11ce03dd3274,1480723783.073,580,37.3970568333333,-121.9848101685,2,0,0
3bb5d6c4-17d0-4088-a616-11ce03dd3274,1480723783.278,580.2,37.3970530326667,-121.984812501333,2,0,0
3bb5d6c4-17d0-4088-a616-11ce03dd3274,1480723783.477,580.4,37.3970492915,-121.984814451167,2,0,0
3bb5d6c4-17d0-4088-a616-11ce03dd3274,1480723783.675,580.6,37.397045609,-121.984816145167,2,0,0
3bb5d6c4-17d0-4088-a616-11ce03dd3274,1480723783.878,580.8,37.3970420951667,-121.984817094,2,0,0
3bb5d6c4-17d0-4088-a616-11ce03dd3274,1480723784.081,581,37.3970385855,-121.984817723167,2,0,0
3bb5d6c4-17d0-4088-a616-11ce03dd3274,1480723784.282,581.2,37.3970351533333,-121.984818048167,2,0,0
3bb5d6c4-17d0-4088-a616-11ce03dd3274,1480723784.474,581.4,37.3970317676667,-121.984817675,2,0,0
3bb5d6c4-17d0-4088-a616-11ce03dd3274,1480723784.682,581.6,37.3970284816667,-121.984817145833,2,0,0
3bb5d6c4-17d0-4088-a616-11ce03dd3274,1480723784.878,581.8,37.39702527,-121.984816373667,2,0,0
3bb5d6c4-17d0-4088-a616-11ce03dd3274,1480723785.081,582,37.3970220836667,-121.984815293333,2,0,0
3bb5d6c4-17d0-4088-a616-11ce03dd3274,1480723785.275,582.2,37.3970191,-121.984813789833,2,0,0
3bb5d6c4-17d0-4088-a616-11ce03dd3274,1480723785.481,582.4,37.3970160448333,-121.984811952667,2,0,0
3bb5d6c4-17d0-4088-a616-11ce03dd3274,1480723785.681,582.6,37.397012939,-121.984809585167,2,0,0
3bb5d6c4-17d0-4088-a616-11ce03dd3274,1480723785.876,582.8,37.3970100023333,-121.984806793833,2,0,0
3bb5d6c4-17d0-4088-a616-11ce03dd3274,1480723786.079,583,37.3970070868333,-121.984803705667,2,0,0
3bb5d6c4-17d0-4088-a616-11ce03dd3274,1480723786.274,583.2,37.3970044635,-121.984800119333,2,0,0
3bb5d6c4-17d0-4088-a616-11ce03dd3274,1480723786.48,583.4,37.3970021461667,-121.984796113833,2,0,0
3bb5d6c4-17d0-4088-a616-11ce03dd3274,1480723786.675,583.6,37.397000072,-121.984791947667,2,0,0
3bb5d6c4-17d0-4088-a616-11ce03dd3274,1480723786.878,583.8,37.3969984836667,-121.984787623667,2,0,0
3bb5d6c4-17d0-4088-a616-11ce03dd3274,1480723787.076,584,37.3969972551667,-121.984783195667,2,0,0
3bb5d6c4-17d0-4088-a616-11ce03dd3274,1480723787.281,584.2,37.3969964038333,-121.984778708333,2,0,0
3bb5d6c4-17d0-4088-a616-11ce03dd3274,1480723787.479,584.4,37.3969958911667,-121.984774214167,2,0,0
3bb5d6c4-17d0-4088-a616-11ce03dd3274,1480723787.673,584.6,37.3969955485,-121.984769689,2,0,0
3bb5d6c4-17d0-4088-a616-11ce03dd3274,1480723787.876,584.8,37.3969956225,-121.984765139333,2,0,0
3bb5d6c4-17d0-4088-a616-11ce03dd3274,1480723788.074,585,37.3969960423333,-121.9847606575,2,0,0
3bb5d6c4-17d0-4088-a616-11ce03dd3274,1480723788.275,585.2,37.3969968795,-121.984756265,2,0,0
3bb5d6c4-17d0-4088-a616-11ce03dd3274,1480723788.475,585.4,37.3969980043333,-121.984751874167,2,0,0
3bb5d6c4-17d0-4088-a616-11ce03dd3274,1480723788.673,585.6,37.3969994805,-121.984747681167,2,0,0
3bb5d6c4-17d0-4088-a616-11ce03dd3274,1480723788.875,585.8,37.39700134,-121.984743539333,2,0,0
3bb5d6c4-17d0-4088-a616-11ce03dd3274,1480723789.073,586,37.397003527,-121.984739540833,2,0,0
3bb5d6c4-17d0-4088-a616-11ce03dd3274,1480723789.283,586.2,37.3970059133333,-121.984735725833,2,0,0
3bb5d6c4-17d0-4088-a616-11ce03dd3274,1480723789.476,586.4,37.3970086965,-121.984732227167,2,0,0
3bb5d6c4-17d0-4088-a616-11ce03dd3274,1480723789.674,586.6,37.397011746,-121.984729108167,2,0,0
3bb5d6c4-17d0-4088-a616-11ce03dd3274,1480723789.876,586.8,37.3970150115,-121.9847263005,2,0,0
3bb5d6c4-17d0-4088-a616-11ce03dd3274,1480723790.079,587,37.3970185973333,-121.984723766333,2,0,0
3bb5d6c4-17d0-4088-a616-11ce03dd3274,1480723790.281,587.2,37.3970223068333,-121.984721513833,2,0,0
3bb5d6c4-17d0-4088-a616-11ce03dd3274,1480723790.477,587.4,37.3970262705,-121.984720047667,2,0,0
3bb5d6c4-17d0-4088-a616-11ce03dd3274,1480723790.679,587.6,37.397030289,-121.984719170667,2,0,0
3bb5d6c4-17d0-4088-a616-11ce03dd3274,1480723790.874,587.8,37.3970344546667,-121.984718743667,2,0,0
3bb5d6c4-17d0-4088-a616-11ce03dd3274,1480723791.075,588,37.3970387151667,-121.984718728167,2,0,0
3bb5d6c4-17d0-4088-a616-11ce03dd3274,1480723791.277,588.2,37.3970429348333,-121.984719435,2,0,0
3bb5d6c4-17d0-4088-a616-11ce03dd3274,1480723791.481,588.4,37.3970471648333,-121.984720609833,2,0,0
3bb5d6c4-17d0-4088-a616-11ce03dd3274,1480723791.681,588.6,37.397051431,-121.984722071167,2,0,0
3bb5d6c4-17d0-4088-a616-11ce03dd3274,1480723791.879,588.8,37.3970556593333,-121.984723757333,2,0,0
3bb5d6c4-17d0-4088-a616-11ce03dd3274,1480723792.073,589,37.3970599311667,-121.984725634833,2,0,0
3bb5d6c4-17d0-4088-a616-11ce03dd3274,1480723792.279,589.2,37.3970641335,-121.984727763667,2,0,0
3bb5d6c4-17d0-4088-a616-11ce03dd3274,1480723792.472,589.4,37.3970684201667,-121.984730062333,2,0,0
3bb5d6c4-17d0-4088-a616-11ce03dd3274,1480723792.674,589.6,37.3970727263333,-121.984732420833,2,0,0
3bb5d6c4-17d0-4088-a616-11ce03dd3274,1480723792.877,589.8,37.3970772046667,-121.984734864333,2,0,0
3bb5d6c4-17d0-4088-a616-11ce03dd3274,1480723793.073,590,37.3970816838333,-121.984737241833,2,0,0
3bb5d6c4-17d0-4088-a616-11ce03dd3274,1480723793.279,590.2,37.3970863058333,-121.984739466333,2,0,0
3bb5d6c4-17d0-4088-a616-11ce03dd3274,1480723793.48,590.4,37.3970909431667,-121.9847417285,2,0,0
3bb5d6c4-17d0-4088-a616-11ce03dd3274,1480723793.678,590.6,37.3970956356667,-121.984743743167,2,0,0
3bb5d6c4-17d0-4088-a616-11ce03dd3274,1480723793.873,590.8,37.397100371,-121.984745594167,2,0,0
3bb5d6c4-17d0-4088-a616-11ce03dd3274,1480723794.075,591,37.3971051098333,-121.984747172,2,0,0
3bb5d6c4-17d0-4088-a616-11ce03dd3274,1480723794.281,591.2,37.3971099203333,-121.9847484435,2,0,0
3bb5d6c4-17d0-4088-a616-11ce03dd3274,1480723794.473,591.4,37.3971147046667,-121.984749283667,2,0,0
3bb5d6c4-17d0-4088-a616-11ce03dd3274,1480723794.675,591.6,37.3971195275,-121.984749814167,2,0,0
3bb5d6c4-17d0-4088-a616-11ce03dd3274,1480723794.872,591.8,37.3971243495,-121.984750214,2,0,0
3bb5d6c4-17d0-4088-a616-11ce03dd3274,1480723795.073,592,37.397129144,-121.984750179333,2,0,0
3bb5d6c4-17d0-4088-a616-11ce03dd3274,1480723795.278,592.2,37.3971338588333,-121.984749565667,2,0,0
3bb5d6c4-17d0-4088-a616-11ce03dd3274,1480723795.482,592.4,37.397138528,-121.984748563,2,0,0
3bb5d6c4-17d0-4088-a616-11ce03dd3274,1480723795.68,592.6,37.3971430936667,-121.984747205,2,0,0
3bb5d6c4-17d0-4088-a616-11ce03dd3274,1480723795.877,592.8,37.3971476493333,-121.984745395667,2,0,0
3bb5d6c4-17d0-4088-a616-11ce03dd3274,1480723796.081,593,37.3971519665,-121.984743269833,2,0,0
3bb5d6c4-17d0-4088-a616-11ce03dd3274,1480723796.273,593.2,37.397155983,-121.984740678833,2,0,0
3bb5d6c4-17d0-4088-a616-11ce03dd3274,1480723796.475,593.4,37.3971597686667,-121.984737563167,2,0,0
3bb5d6c4-17d0-4088-a616-11ce03dd3274,1480723796.68,593.6,37.3971633831667,-121.984734141,2,0,0
3bb5d6c4-17d0-4088-a616-11ce03dd3274,1480723796.876,593.8,37.3971666606667,-121.984730453833,2,0,0
3bb5d6c4-17d0-4088-a616-11ce03dd3274,1480723797.072,594,37.3971695843333,-121.9847262955,2,0,0
3bb5d6c4-17d0-4088-a616-11ce03dd3274,1480723797.277,594.2,37.3971723888333,-121.984722026333,2,0,0
3bb5d6c4-17d0-4088-a616-11ce03dd3274,1480723797.477,594.4,37.3971749636667,-121.984717558833,2,0,0
3bb5d6c4-17d0-4088-a616-11ce03dd3274,1480723797.68,594.6,37.3971772238333,-121.984712935,2,0,0
3bb5d6c4-17d0-4088-a616-11ce03dd3274,1480723797.881,594.8,37.3971790753333,-121.9847080715,2,0,0
3bb5d6c4-17d0-4088-a616-11ce03dd3274,1480723798.078,595,37.3971806851667,-121.984703014667,2,0,0
3bb5d6c4-17d0-4088-a616-11ce03dd3274,1480723798.28,595.2,37.397182214,-121.984697883333,2,0,0
3bb5d6c4-17d0-4088-a616-11ce03dd3274,1480723798.476,595.4,37.3971835328333,-121.984692422833,2,0,0
3bb5d6c4-17d0-4088-a616-11ce03dd3274,1480723798.679,595.6,37.3971847303333,-121.984686787167,2,0,0
3bb5d6c4-17d0-4088-a616-11ce03dd3274,1480723798.873,595.8,37.397185723,-121.984681134167,2,0,0
3bb5d6c4-17d0-4088-a616-11ce03dd3274,1480723799.081,596,37.3971864961667,-121.984675354667,2,0,0
3bb5d6c4-17d0-4088-a616-11ce03dd3274,1480723799.275,596.2,37.3971871456667,-121.984669402833,2,0,0
3bb5d6c4-17d0-4088-a616-11ce03dd3274,1480723799.481,596.4,37.3971877478333,-121.984663284833,2,0,0
3bb5d6c4-17d0-4088-a616-11ce03dd3274,1480723799.674,596.6,37.3971880983333,-121.984656921833,2,0,0
3bb5d6c4-17d0-4088-a616-11ce03dd3274,1480723799.877,596.8,37.3971884588333,-121.984650381667,2,0,0
3bb5d6c4-17d0-4088-a616-11ce03dd3274,1480723800.08,597,37.3971887546667,-121.984643640167,2,0,0
3bb5d6c4-17d0-4088-a616-11ce03dd3274,1480723800.276,597.2,37.3971889221667,-121.984636760833,2,0,0
3bb5d6c4-17d0-4088-a616-11ce03dd3274,1480723800.474,597.4,37.3971890875,-121.984629676,2,0,0
3bb5d6c4-17d0-4088-a616-11ce03dd3274,1480723800.673,597.6,37.3971891881667,-121.984622588333,2,0,0
3bb5d6c4-17d0-4088-a616-11ce03dd3274,1480723800.876,597.8,37.3971891576667,-121.984615571667,2,0,0
3bb5d6c4-17d0-4088-a616-11ce03dd3274,1480723801.079,598,37.3971892775,-121.984608582,2,0,0
3bb5d6c4-17d0-4088-a616-11ce03dd3274,1480723801.279,598.2,37.397189269,-121.984601697,2,0,0
3bb5d6c4-17d0-4088-a616-11ce03dd3274,1480723801.481,598.4,37.397189251,-121.9845948775,2,0,0
3bb5d6c4-17d0-4088-a616-11ce03dd3274,1480723801.679,598.6,37.3971892263333,-121.984588032833,2,0,0
3bb5d6c4-17d0-4088-a616-11ce03dd3274,1480723801.874,598.8,37.3971891925,-121.984581229667,2,0,0
3bb5d6c4-17d0-4088-a616-11ce03dd3274,1480723802.079,599,37.397189116,-121.984574475333,2,0,0
3bb5d6c4-17d0-4088-a616-11ce03dd3274,1480723802.281,599.2,37.3971890445,-121.984567812167,2,0,0
3bb5d6c4-17d0-4088-a616-11ce03dd3274,1480723802.476,599.4,37.3971889898333,-121.984561157833,2,0,0
3bb5d6c4-17d0-4088-a616-11ce03dd3274,1480723802.675,599.6,37.3971890158333,-121.984554516,2,0,0
3bb5d6c4-17d0-4088-a616-11ce03dd3274,1480723802.879,599.8,37.3971890413333,-121.984548004167,2,0,0
3bb5d6c4-17d0-4088-a616-11ce03dd3274,1480723803.073,600,37.3971889868333,-121.984541480167,2,0,0
3bb5d6c4-17d0-4088-a616-11ce03dd3274,1480723803.275,600.2,37.3971889288333,-121.984535075,2,0,0
3bb5d6c4-17d0-4088-a616-11ce03dd3274,1480723803.478,600.4,37.3971889378333,-121.984528637,2,0,0
3bb5d6c4-17d0-4088-a616-11ce03dd3274,1480723803.675,600.6,37.3971889503333,-121.984522234833,2,0,0
3bb5d6c4-17d0-4088-a616-11ce03dd3274,1480723803.877,600.8,37.3971888821667,-121.984515871167,2,0,0
3bb5d6c4-17d0-4088-a616-11ce03dd3274,1480723804.071,601,37.397188785,-121.984509518167,2,0,0
3bb5d6c4-17d0-4088-a616-11ce03dd3274,1480723804.274,601.2,37.3971887485,-121.984503278333,2,0,0
3bb5d6c4-17d0-4088-a616-11ce03dd3274,1480723804.476,601.4,37.3971887786667,-121.984497047,2,0,0
3bb5d6c4-17d0-4088-a616-11ce03dd3274,1480723804.672,601.6,37.397188734,-121.984490867167,2,0,0
3bb5d6c4-17d0-4088-a616-11ce03dd3274,1480723804.873,601.8,37.397188678,-121.984484731167,2,0,0
3bb5d6c4-17d0-4088-a616-11ce03dd3274,1480723805.08,602,37.39718859,-121.984478563833,2,0,0
3bb5d6c4-17d0-4088-a616-11ce03dd3274,1480723805.281,602.2,37.3971885465,-121.984472408667,2,0,0
3bb5d6c4-17d0-4088-a616-11ce03dd3274,1480723805.479,602.4,37.3971885318333,-121.984466318333,2,0,0
3bb5d6c4-17d0-4088-a616-11ce03dd3274,1480723805.677,602.6,37.3971884765,-121.984460452167,2,0,0
3bb5d6c4-17d0-4088-a616-11ce03dd3274,1480723805.875,602.8,37.397188367,-121.9844549725,2,0,0
3bb5d6c4-17d0-4088-a616-11ce03dd3274,1480723806.072,603,37.3971882968333,-121.984449207,2,0,0
3bb5d6c4-17d0-4088-a616-11ce03dd3274,1480723806.274,603.2,37.3971882738333,-121.9844429345,2,0,0
3bb5d6c4-17d0-4088-a616-11ce03dd3274,1480723806.476,603.4,37.3971882156667,-121.984437177833,2,0,0
3bb5d6c4-17d0-4088-a616-11ce03dd3274,1480723806.674,603.6,37.3971881193333,-121.9844316535,2,0,0
3bb5d6c4-17d0-4088-a616-11ce03dd3274,1480723806.876,603.8,37.3971880111667,-121.984425618833,2,0,0
3bb5d6c4-17d0-4088-a616-11ce03dd3274,1480723807.074,604,37.397187919,-121.984419847,2,0,0
3bb5d6c4-17d0-4088-a616-11ce03dd3274,1480723807.277,604.2,37.3971878625,-121.984414281833,2,0,0
3bb5d6c4-17d0-4088-a616-11ce03dd3274,1480723807.481,604.4,37.3971877828333,-121.984408153,2,0,0
3bb5d6c4-17d0-4088-a616-11ce03dd3274,1480723807.677,604.6,37.3971876751667,-121.984401975333,2,0,0
3bb5d6c4-17d0-4088-a616-11ce03dd3274,1480723807.876,604.8,37.3971876616667,-121.984395822167,2,0,0
3bb5d6c4-17d0-4088-a616-11ce03dd3274,1480723808.079,605,37.39718764,-121.984389553167,2,0,0
3bb5d6c4-17d0-4088-a616-11ce03dd3274,1480723808.278,605.2,37.3971875636667,-121.98438312,2,0,0
3bb5d6c4-17d0-4088-a616-11ce03dd3274,1480723808.48,605.4,37.3971875441667,-121.984376590833,2,0,0
3bb5d6c4-17d0-4088-a616-11ce03dd3274,1480723808.68,605.6,37.3971875406667,-121.984369941833,2,0,0
3bb5d6c4-17d0-4088-a616-11ce03dd3274,1480723808.877,605.8,37.3971875181667,-121.984363177333,2,0,0
3bb5d6c4-17d0-4088-a616-11ce03dd3274,1480723809.079,606,37.3971874631667,-121.984356367,2,0,0
3bb5d6c4-17d0-4088-a616-11ce03dd3274,1480723809.281,606.2,37.3971874418333,-121.984349425333,2,0,0
3bb5d6c4-17d0-4088-a616-11ce03dd3274,1480723809.474,606.4,37.397187373,-121.984342395833,2,0,0
3bb5d6c4-17d0-4088-a616-11ce03dd3274,1480723809.675,606.6,37.3971872865,-121.984335262,2,0,0
3bb5d6c4-17d0-4088-a616-11ce03dd3274,1480723809.88,606.8,37.3971872286667,-121.984328064333,2,0,0
3bb5d6c4-17d0-4088-a616-11ce03dd3274,1480723810.078,607,37.3971871803333,-121.984320742333,2,0,0
3bb5d6c4-17d0-4088-a616-11ce03dd3274,1480723810.278,607.2,37.3971871693333,-121.984313382833,2,0,0
3bb5d6c4-17d0-4088-a616-11ce03dd3274,1480723810.475,607.4,37.3971872383333,-121.984305931,2,0,0
3bb5d6c4-17d0-4088-a616-11ce03dd3274,1480723810.678,607.6,37.3971871878333,-121.984298403333,2,0,0
3bb5d6c4-17d0-4088-a616-11ce03dd3274,1480723810.874,607.8,37.3971871456667,-121.9842907815,2,0,0
3bb5d6c4-17d0-4088-a616-11ce03dd3274,1480723811.071,608,37.3971871623333,-121.984283113333,2,0,0
3bb5d6c4-17d0-4088-a616-11ce03dd3274,1480723811.277,608.2,37.3971871846667,-121.984275370333,2,0,0
3bb5d6c4-17d0-4088-a616-11ce03dd3274,1480723811.477,608.4,37.3971872671667,-121.984267934667,2,0,0
3bb5d6c4-17d0-4088-a616-11ce03dd3274,1480723811.671,608.6,37.3971872763333,-121.9842602255,2,0,0
3bb5d6c4-17d0-4088-a616-11ce03dd3274,1480723811.872,608.8,37.3971871858333,-121.984251866833,2,0,0
3bb5d6c4-17d0-4088-a616-11ce03dd3274,1480723812.081,609,37.3971872081667,-121.984243813667,2,0,0
3bb5d6c4-17d0-4088-a616-11ce03dd3274,1480723812.275,609.2,37.3971873555,-121.984235852,2,0,0
3bb5d6c4-17d0-4088-a616-11ce03dd3274,1480723812.474,609.4,37.3971873103333,-121.984228015167,2,0,0
3bb5d6c4-17d0-4088-a616-11ce03dd3274,1480723812.679,609.6,37.3971872691667,-121.984219943167,2,0,0
3bb5d6c4-17d0-4088-a616-11ce03dd3274,1480723812.872,609.8,37.3971872765,-121.9842113805,2,0,0
3bb5d6c4-17d0-4088-a616-11ce03dd3274,1480723813.076,610,37.3971872561667,-121.9842030385,2,0,0
3bb5d6c4-17d0-4088-a616-11ce03dd3274,1480723813.278,610.2,37.3971872803333,-121.98419458,2,0,0
3bb5d6c4-17d0-4088-a616-11ce03dd3274,1480723813.476,610.4,37.3971872605,-121.984185822,2,0,0
3bb5d6c4-17d0-4088-a616-11ce03dd3274,1480723813.675,610.6,37.3971871831667,-121.984176917667,2,0,0
3bb5d6c4-17d0-4088-a616-11ce03dd3274,1480723813.871,610.8,37.3971871408333,-121.984167905833,2,0,0
3bb5d6c4-17d0-4088-a616-11ce03dd3274,1480723814.077,611,37.3971870865,-121.984158828667,2,0,0
3bb5d6c4-17d0-4088-a616-11ce03dd3274,1480723814.28,611.2,37.3971871256667,-121.9841497,2,0,0
3bb5d6c4-17d0-4088-a616-11ce03dd3274,1480723814.478,611.4,37.3971869728333,-121.984140704,2,0,0
3bb5d6c4-17d0-4088-a616-11ce03dd3274,1480723814.677,611.6,37.3971870288333,-121.98413158,2,0,0
3bb5d6c4-17d0-4088-a616-11ce03dd3274,1480723814.871,611.8,37.3971870143333,-121.9841224915,2,0,0
3bb5d6c4-17d0-4088-a616-11ce03dd3274,1480723815.074,612,37.3971870553333,-121.984113407833,2,0,0
3bb5d6c4-17d0-4088-a616-11ce03dd3274,1480723815.275,612.2,37.3971871068333,-121.9841043065,2,0,0
3bb5d6c4-17d0-4088-a616-11ce03dd3274,1480723815.474,612.4,37.3971872318333,-121.984095192333,2,0,0
3bb5d6c4-17d0-4088-a616-11ce03dd3274,1480723815.671,612.6,37.3971873075,-121.984086134333,2,0,0
3bb5d6c4-17d0-4088-a616-11ce03dd3274,1480723815.873,612.8,37.3971874001667,-121.984077160167,2,0,0
3bb5d6c4-17d0-4088-a616-11ce03dd3274,1480723816.077,613,37.3971874366667,-121.984068209667,2,0,0
3bb5d6c4-17d0-4088-a616-11ce03dd3274,1480723816.278,613.2,37.3971875176667,-121.984059371,2,0,0
3bb5d6c4-17d0-4088-a616-11ce03dd3274,1480723816.479,613.4,37.397187572,-121.9840504595,2,0,0
3bb5d6c4-17d0-4088-a616-11ce03dd3274,1480723816.676,613.6,37.3971876496667,-121.9840416245,2,0,0
3bb5d6c4-17d0-4088-a616-11ce03dd3274,1480723816.879,613.8,37.397187678,-121.984032816333,2,0,0
3bb5d6c4-17d0-4088-a616-11ce03dd3274,1480723817.075,614,37.397187796,-121.984023970833,2,0,0
3bb5d6c4-17d0-4088-a616-11ce03dd3274,1480723817.279,614.2,37.3971878235,-121.984015147167,2,0,0
3bb5d6c4-17d0-4088-a616-11ce03dd3274,1480723817.477,614.4,37.3971878193333,-121.984006412167,2,0,0
3bb5d6c4-17d0-4088-a616-11ce03dd3274,1480723817.676,614.6,37.397187861,-121.9839976555,2,0,0
3bb5d6c4-17d0-4088-a616-11ce03dd3274,1480723817.876,614.8,37.3971879138333,-121.983988852667,2,0,0
3bb5d6c4-17d0-4088-a616-11ce03dd3274,1480723818.071,615,37.3971880635,-121.983980093667,2,0,0
3bb5d6c4-17d0-4088-a616-11ce03dd3274,1480723818.28,615.2,37.3971880936667,-121.983971352167,2,0,0
3bb5d6c4-17d0-4088-a616-11ce03dd3274,1480723818.481,615.4,37.3971881981667,-121.983962597167,2,0,0
3bb5d6c4-17d0-4088-a616-11ce03dd3274,1480723818.678,615.6,37.3971881668333,-121.983953977,2,0,0
3bb5d6c4-17d0-4088-a616-11ce03dd3274,1480723818.88,615.8,37.3971882611667,-121.9839453265,2,0,0
3bb5d6c4-17d0-4088-a616-11ce03dd3274,1480723819.075,616,37.3971883036667,-121.983936643667,2,0,0
3bb5d6c4-17d0-4088-a616-11ce03dd3274,1480723819.278,616.2,37.3971883921667,-121.983927933,2,0,0
3bb5d6c4-17d0-4088-a616-11ce03dd3274,1480723819.476,616.4,37.3971883836667,-121.9839193085,2,0,0
3bb5d6c4-17d0-4088-a616-11ce03dd3274,1480723819.674,616.6,37.3971884608333,-121.983910663,2,0,0
3bb5d6c4-17d0-4088-a616-11ce03dd3274,1480723819.872,616.8,37.397188554,-121.983902046167,2,0,0
3bb5d6c4-17d0-4088-a616-11ce03dd3274,1480723820.079,617,37.3971886628333,-121.983893420333,2,0,0
3bb5d6c4-17d0-4088-a616-11ce03dd3274,1480723820.272,617.2,37.3971887276667,-121.9838848765,2,0,0
3bb5d6c4-17d0-4088-a616-11ce03dd3274,1480723820.478,617.4,37.3971886625,-121.983876278333,2,0,0
3bb5d6c4-17d0-4088-a616-11ce03dd3274,1480723820.679,617.6,37.3971884846667,-121.983867697,2,0,0
3bb5d6c4-17d0-4088-a616-11ce03dd3274,1480723820.878,617.8,37.3971881001667,-121.983859143667,2,0,0
3bb5d6c4-17d0-4088-a616-11ce03dd3274,1480723821.071,618,37.3971875366667,-121.983850580667,2,0,0
3bb5d6c4-17d0-4088-a616-11ce03dd3274,1480723821.276,618.2,37.397186918,-121.983841972,2,0,0
3bb5d6c4-17d0-4088-a616-11ce03dd3274,1480723821.473,618.4,37.3971857303333,-121.9838334845,2,0,0
3bb5d6c4-17d0-4088-a616-11ce03dd3274,1480723821.676,618.6,37.3971843463333,-121.983825119167,2,0,0
3bb5d6c4-17d0-4088-a616-11ce03dd3274,1480723821.873,618.8,37.397182437,-121.983816820833,2,0,0
3bb5d6c4-17d0-4088-a616-11ce03dd3274,1480723822.078,619,37.3971802611667,-121.983808683833,2,0,0
3bb5d6c4-17d0-4088-a616-11ce03dd3274,1480723822.272,619.2,37.3971775785,-121.983800801667,2,0,0
3bb5d6c4-17d0-4088-a616-11ce03dd3274,1480723822.473,619.4,37.397174464,-121.983793175333,2,0,0
3bb5d6c4-17d0-4088-a616-11ce03dd3274,1480723822.68,619.6,37.3971707535,-121.98378592,2,0,0
3bb5d6c4-17d0-4088-a616-11ce03dd3274,1480723822.871,619.8,37.3971665496667,-121.983779238167,2,0,0
3bb5d6c4-17d0-4088-a616-11ce03dd3274,1480723823.078,620,37.397161814,-121.983773214667,2,0,0
3bb5d6c4-17d0-4088-a616-11ce03dd3274,1480723823.271,620.2,37.3971566091667,-121.983767784833,2,0,0
3bb5d6c4-17d0-4088-a616-11ce03dd3274,1480723823.48,620.4,37.39715092,-121.9837630685,2,0,0
3bb5d6c4-17d0-4088-a616-11ce03dd3274,1480723823.672,620.6,37.3971447116667,-121.983759311833,2,0,0
3bb5d6c4-17d0-4088-a616-11ce03dd3274,1480723823.874,620.8,37.3971383885,-121.983756305333,2,0,0
3bb5d6c4-17d0-4088-a616-11ce03dd3274,1480723824.081,621,37.397131756,-121.983754147,2,0,0
3bb5d6c4-17d0-4088-a616-11ce03dd3274,1480723824.273,621.2,37.3971250941667,-121.9837529645,2,0,0
3bb5d6c4-17d0-4088-a616-11ce03dd3274,1480723824.476,621.4,37.397118536,-121.983752685667,2,0,0
3bb5d6c4-17d0-4088-a616-11ce03dd3274,1480723824.672,621.6,37.3971120031667,-121.983753295667,2,0,0
3bb5d6c4-17d0-4088-a616-11ce03dd3274,1480723824.876,621.8,37.3971056595,-121.983754633667,2,0,0
3bb5d6c4-17d0-4088-a616-11ce03dd3274,1480723825.077,622,37.3970993998333,-121.983756597333,2,0,0
3bb5d6c4-17d0-4088-a616-11ce03dd3274,1480723825.276,622.2,37.397093345,-121.983759353667,2,0,0
3bb5d6c4-17d0-4088-a616-11ce03dd3274,1480723825.471,622.4,37.3970875185,-121.983762579167,2,0,0
3bb5d6c4-17d0-4088-a616-11ce03dd3274,1480723825.677,622.6,37.3970818703333,-121.983766082833,2,0,0
3bb5d6c4-17d0-4088-a616-11ce03dd3274,1480723825.881,622.8,37.3970765761667,-121.983769820333,2,0,0
3bb5d6c4-17d0-4088-a616-11ce03dd3274,1480723826.072,623,37.3970713878333,-121.983773717,2,0,0
3bb5d6c4-17d0-4088-a616-11ce03dd3274,1480723826.281,623.2,37.3970663648333,-121.983777504,2,0,0
3bb5d6c4-17d0-4088-a616-11ce03dd3274,1480723826.477,623.4,37.3970615271667,-121.9837813755,2,0,0
3bb5d6c4-17d0-4088-a616-11ce03dd3274,1480723826.678,623.6,37.3970566326667,-121.983784831,2,0,0
3bb5d6c4-17d0-4088-a616-11ce03dd3274,1480723826.872,623.8,37.3970519195,-121.983788092833,2,0,0
3bb5d6c4-17d0-4088-a616-11ce03dd3274,1480723827.073,624,37.3970473621667,-121.983791037,2,0,0
3bb5d6c4-17d0-4088-a616-11ce03dd3274,1480723827.273,624.2,37.3970427343333,-121.983793427333,2,0,0
3bb5d6c4-17d0-4088-a616-11ce03dd3274,1480723827.475,624.4,37.397038263,-121.983795256,2,0,0
3bb5d6c4-17d0-4088-a616-11ce03dd3274,1480723827.679,624.6,37.3970339278333,-121.9837965005,2,0,0
3bb5d6c4-17d0-4088-a616-11ce03dd3274,1480723827.871,624.8,37.3970297096667,-121.983797214,2,0,0
3bb5d6c4-17d0-4088-a616-11ce03dd3274,1480723828.076,625,37.3970256496667,-121.9837974025,2,0,0
3bb5d6c4-17d0-4088-a616-11ce03dd3274,1480723828.278,625.2,37.39702188,-121.983796991167,2,0,0
3bb5d6c4-17d0-4088-a616-11ce03dd3274,1480723828.474,625.4,37.3970181928333,-121.983796070333,2,0,0
3bb5d6c4-17d0-4088-a616-11ce03dd3274,1480723828.673,625.6,37.397014416,-121.983794790667,2,0,0
3bb5d6c4-17d0-4088-a616-11ce03dd3274,1480723828.879,625.8,37.3970107216667,-121.983793117,2,0,0
3bb5d6c4-17d0-4088-a616-11ce03dd3274,1480723829.081,626,37.3970072066667,-121.9837909115,2,0,0
3bb5d6c4-17d0-4088-a616-11ce03dd3274,1480723829.272,626.2,37.3970037608333,-121.983788137,2,0,0
3bb5d6c4-17d0-4088-a616-11ce03dd3274,1480723829.479,626.4,37.3970006403333,-121.983785123167,2,0,0
3bb5d6c4-17d0-4088-a616-11ce03dd3274,1480723829.673,626.6,37.3969978098333,-121.983781863,2,0,0
3bb5d6c4-17d0-4088-a616-11ce03dd3274,1480723829.877,626.8,37.3969952656667,-121.983778287167,2,0,0
3bb5d6c4-17d0-4088-a616-11ce03dd3274,1480723830.072,627,37.3969931268333,-121.983774404333,2,0,0
3bb5d6c4-17d0-4088-a616-11ce03dd3274,1480723830.274,627.2,37.3969913358333,-121.983770321667,2,0,0
3bb5d6c4-17d0-4088-a616-11ce03dd3274,1480723830.472,627.4,37.3969898738333,-121.983766129,2,0,0
3bb5d6c4-17d0-4088-a616-11ce03dd3274,1480723830.678,627.6,37.3969885825,-121.983761693667,2,0,0
3bb5d6c4-17d0-4088-a616-11ce03dd3274,1480723830.874,627.8,37.3969877585,-121.983757038333,2,0,0
3bb5d6c4-17d0-4088-a616-11ce03dd3274,1480723831.077,628,37.3969872521667,-121.983752363,2,0,0
3bb5d6c4-17d0-4088-a616-11ce03dd3274,1480723831.279,628.2,37.396986827,-121.983747569833,2,0,0
3bb5d6c4-17d0-4088-a616-11ce03dd3274,1480723831.474,628.4,37.3969869385,-121.983742795833,2,0,0
3bb5d6c4-17d0-4088-a616-11ce03dd3274,1480723831.673,628.6,37.3969873865,-121.983738032,2,0,0
3bb5d6c4-17d0-4088-a616-11ce03dd3274,1480723831.881,628.8,37.3969883043333,-121.983733242833,2,0,0
3bb5d6c4-17d0-4088-a616-11ce03dd3274,1480723832.076,629,37.3969896151667,-121.983728471167,2,0,0
3bb5d6c4-17d0-4088-a616-11ce03dd3274,1480723832.279,629.2,37.3969913295,-121.983723866833,2,0,0
3bb5d6c4-17d0-4088-a616-11ce03dd3274,1480723832.474,629.4,37.3969934511667,-121.983719354167,2,0,0
3bb5d6c4-17d0-4088-a616-11ce03dd3274,1480723832.68,629.6,37.3969958725,-121.983715010833,2,0,0
3bb5d6c4-17d0-4088-a616-11ce03dd3274,1480723832.871,629.8,37.3969986686667,-121.983711067333,2,0,0
3bb5d6c4-17d0-4088-a616-11ce03dd3274,1480723833.074,630,37.3970019505,-121.983707594833,2,0,0
3bb5d6c4-17d0-4088-a616-11ce03dd3274,1480723833.275,630.2,37.3970054175,-121.9837044725,2,0,0
3bb5d6c4-17d0-4088-a616-11ce03dd3274,1480723833.478,630.4,37.3970092821667,-121.983701754333,2,0,0
3bb5d6c4-17d0-4088-a616-11ce03dd3274,1480723833.676,630.6,37.397013268,-121.983699478667,2,0,0
3bb5d6c4-17d0-4088-a616-11ce03dd3274,1480723833.88,630.8,37.397017465,-121.983697730167,2,0,0
3bb5d6c4-17d0-4088-a616-11ce03dd3274,1480723834.079,631,37.3970218093333,-121.983696494,2,0,0
3bb5d6c4-17d0-4088-a616-11ce03dd3274,1480723834.28,631.2,37.3970263328333,-121.983695812167,2,0,0
3bb5d6c4-17d0-4088-a616-11ce03dd3274,1480723834.476,631.4,37.3970310346667,-121.983695433,2,0,0
3bb5d6c4-17d0-4088-a616-11ce03dd3274,1480723834.676,631.6,37.3970358008333,-121.983695342333,2,0,0
3bb5d6c4-17d0-4088-a616-11ce03dd3274,1480723834.879,631.8,37.397040686,-121.983695551667,2,0,0
3bb5d6c4-17d0-4088-a616-11ce03dd3274,1480723835.073,632,37.3970457518333,-121.983696054,2,0,0
3bb5d6c4-17d0-4088-a616-11ce03dd3274,1480723835.273,632.2,37.3970508261667,-121.983696814833,2,0,0
3bb5d6c4-17d0-4088-a616-11ce03dd3274,1480723835.48,632.4,37.3970560278333,-121.983697607667,2,0,0
3bb5d6c4-17d0-4088-a616-11ce03dd3274,1480723835.67,632.6,37.397061353,-121.983698673667,2,0,0
3bb5d6c4-17d0-4088-a616-11ce03dd3274,1480723835.877,632.8,37.3970666495,-121.983700084333,2,0,0
3bb5d6c4-17d0-4088-a616-11ce03dd3274,1480723836.074,633,37.3970720946667,-121.983701683833,2,0,0
3bb5d6c4-17d0-4088-a616-11ce03dd3274,1480723836.276,633.2,37.3970776343333,-121.983703459833,2,0,0
3bb5d6c4-17d0-4088-a616-11ce03dd3274,1480723836.473,633.4,37.3970831653333,-121.983705457833,2,0,0
3bb5d6c4-17d0-4088-a616-11ce03dd3274,1480723836.673,633.6,37.3970886595,-121.983707829667,2,0,0
3bb5d6c4-17d0-4088-a616-11ce03dd3274,1480723836.878,633.8,37.39709418,-121.983710331,2,0,0
3bb5d6c4-17d0-4088-a616-11ce03dd3274,1480723837.074,634,37.3970996661667,-121.983713118833,2,0,0
3bb5d6c4-17d0-4088-a616-11ce03dd3274,1480723837.271,634.2,37.3971051131667,-121.983716290667,2,0,0
3bb5d6c4-17d0-4088-a616-11ce03dd3274,1480723837.478,634.4,37.3971105031667,-121.983719754667,2,0,0
3bb5d6c4-17d0-4088-a616-11ce03dd3274,1480723837.67,634.6,37.397115812,-121.983723286667,2,0,0
3bb5d6c4-17d0-4088-a616-11ce03dd3274,1480723837.881,634.8,37.3971210131667,-121.983727168667,2,0,0
3bb5d6c4-17d0-4088-a616-11ce03dd3274,1480723838.07,635,37.397126076,-121.983731328667,2,0,0
3bb5d6c4-17d0-4088-a616-11ce03dd3274,1480723838.271,635.2,37.3971309856667,-121.983735764833,2,0,0
3bb5d6c4-17d0-4088-a616-11ce03dd3274,1480723838.48,635.4,37.3971357858333,-121.983740378167,2,0,0
3bb5d6c4-17d0-4088-a616-11ce03dd3274,1480723838.673,635.6,37.3971403573333,-121.983745170167,2,0,0
3bb5d6c4-17d0-4088-a616-11ce03dd3274,1480723838.871,635.8,37.3971448131667,-121.983750208167,2,0,0
3bb5d6c4-17d0-4088-a616-11ce03dd3274,1480723839.073,636,37.397149028,-121.9837557545,2,0,0
3bb5d6c4-17d0-4088-a616-11ce03dd3274,1480723839.28,636.2,37.3971532855,-121.983761240667,2,0,0
3bb5d6c4-17d0-4088-a616-11ce03dd3274,1480723839.479,636.4,37.3971572253333,-121.983767037167,2,0,0
3bb5d6c4-17d0-4088-a616-11ce03dd3274,1480723839.676,636.6,37.3971608098333,-121.983773182833,2,0,0
3bb5d6c4-17d0-4088-a616-11ce03dd3274,1480723839.87,636.8,37.3971641076667,-121.983779583833,2,0,0
3bb5d6c4-17d0-4088-a616-11ce03dd3274,1480723840.077,637,37.3971671388333,-121.983786248833,2,0,0
3bb5d6c4-17d0-4088-a616-11ce03dd3274,1480723840.273,637.2,37.397169861,-121.983793180667,2,0,0
3bb5d6c4-17d0-4088-a616-11ce03dd3274,1480723840.474,637.4,37.3971723233333,-121.983800318,2,0,0
3bb5d6c4-17d0-4088-a616-11ce03dd3274,1480723840.671,637.6,37.3971745906667,-121.983807590667,2,0,0
3bb5d6c4-17d0-4088-a616-11ce03dd3274,1480723840.875,637.8,37.3971764641667,-121.983815022667,2,0,0
3bb5d6c4-17d0-4088-a616-11ce03dd3274,1480723841.07,638,37.3971780688333,-121.983822615333,2,0,0
3bb5d6c4-17d0-4088-a616-11ce03dd3274,1480723841.278,638.2,37.3971793298333,-121.983830348833,2,0,0
3bb5d6c4-17d0-4088-a616-11ce03dd3274,1480723841.473,638.4,37.3971804025,-121.983838162333,2,0,0
3bb5d6c4-17d0-4088-a616-11ce03dd3274,1480723841.674,638.6,37.3971812138333,-121.983846136333,2,0,0
3bb5d6c4-17d0-4088-a616-11ce03dd3274,1480723841.877,638.8,37.3971818425,-121.983854207833,2,0,0
3bb5d6c4-17d0-4088-a616-11ce03dd3274,1480723842.078,639,37.3971824433333,-121.983862366667,2,0,0
3bb5d6c4-17d0-4088-a616-11ce03dd3274,1480723842.274,639.2,37.3971828496667,-121.983870599167,2,0,0
3bb5d6c4-17d0-4088-a616-11ce03dd3274,1480723842.475,639.4,37.3971831376667,-121.983878938167,2,0,0
3bb5d6c4-17d0-4088-a616-11ce03dd3274,1480723842.674,639.6,37.3971832545,-121.983887268333,2,0,0
3bb5d6c4-17d0-4088-a616-11ce03dd3274,1480723842.879,639.8,37.3971833883333,-121.9838957625,2,0,0
3bb5d6c4-17d0-4088-a616-11ce03dd3274,1480723843.077,640,37.3971832833333,-121.983904177167,2,0,0
3bb5d6c4-17d0-4088-a616-11ce03dd3274,1480723843.275,640.2,37.3971830516667,-121.983912735167,2,0,0
3bb5d6c4-17d0-4088-a616-11ce03dd3274,1480723843.477,640.4,37.3971828403333,-121.983921357667,2,0,0
3bb5d6c4-17d0-4088-a616-11ce03dd3274,1480723843.67,640.6,37.3971826676667,-121.983930004333,2,0,0
3bb5d6c4-17d0-4088-a616-11ce03dd3274,1480723843.874,640.8,37.3971824676667,-121.983938698,2,0,0
3bb5d6c4-17d0-4088-a616-11ce03dd3274,1480723844.081,641,37.3971823285,-121.983947426833,2,0,0
3bb5d6c4-17d0-4088-a616-11ce03dd3274,1480723844.275,641.2,37.397182215,-121.983956169167,2,0,0
3bb5d6c4-17d0-4088-a616-11ce03dd3274,1480723844.475,641.4,37.3971820188333,-121.983964987,2,0,0
3bb5d6c4-17d0-4088-a616-11ce03dd3274,1480723844.671,641.6,37.3971818541667,-121.9839737995,2,0,0
3bb5d6c4-17d0-4088-a616-11ce03dd3274,1480723844.873,641.8,37.3971816518333,-121.983982749167,2,0,0
3bb5d6c4-17d0-4088-a616-11ce03dd3274,1480723845.075,642,37.3971814876667,-121.983991698667,2,0,0
3bb5d6c4-17d0-4088-a616-11ce03dd3274,1480723845.271,642.2,37.3971812523333,-121.984000713,2,0,0
3bb5d6c4-17d0-4088-a616-11ce03dd3274,1480723845.471,642.4,37.3971811898333,-121.984009720333,2,0,0
3bb5d6c4-17d0-4088-a616-11ce03dd3274,1480723845.676,642.6,37.3971810438333,-121.984018695333,2,0,0
3bb5d6c4-17d0-4088-a616-11ce03dd3274,1480723845.88,642.8,37.3971809546667,-121.984027619,2,0,0
3bb5d6c4-17d0-4088-a616-11ce03dd3274,1480723846.079,643,37.3971808838333,-121.984036429,2,0,0
3bb5d6c4-17d0-4088-a616-11ce03dd3274,1480723846.28,643.2,37.397180831,-121.984045138167,2,0,0
3bb5d6c4-17d0-4088-a616-11ce03dd3274,1480723846.476,643.4,37.3971807375,-121.984053778833,2,0,0
3bb5d6c4-17d0-4088-a616-11ce03dd3274,1480723846.679,643.6,37.3971807303333,-121.9840623695,2,0,0
3bb5d6c4-17d0-4088-a616-11ce03dd3274,1480723846.87,643.8,37.3971807383333,-121.9840709175,2,0,0
3bb5d6c4-17d0-4088-a616-11ce03dd3274,1480723847.073,644,37.3971807721667,-121.984079420167,2,0,0
3bb5d6c4-17d0-4088-a616-11ce03dd3274,1480723847.273,644.2,37.3971807821667,-121.9840877685,2,0,0
3bb5d6c4-17d0-4088-a616-11ce03dd3274,1480723847.47,644.4,37.3971807981667,-121.984096091167,2,0,0
3bb5d6c4-17d0-4088-a616-11ce03dd3274,1480723847.673,644.6,37.3971808698333,-121.9841043635,2,0,0
3bb5d6c4-17d0-4088-a616-11ce03dd3274,1480723847.877,644.8,37.397180869,-121.984112537333,2,0,0
3bb5d6c4-17d0-4088-a616-11ce03dd3274,1480723848.073,645,37.3971809246667,-121.984120632667,2,0,0
3bb5d6c4-17d0-4088-a616-11ce03dd3274,1480723848.274,645.2,37.3971809616667,-121.984128727833,2,0,0
3bb5d6c4-17d0-4088-a616-11ce03dd3274,1480723848.47,645.4,37.3971810675,-121.984136719333,2,0,0
3bb5d6c4-17d0-4088-a616-11ce03dd3274,1480723848.68,645.6,37.3971811275,-121.984144672167,2,0,0
3bb5d6c4-17d0-4088-a616-11ce03dd3274,1480723848.874,645.8,37.3971812448333,-121.984152515167,2,0,0
3bb5d6c4-17d0-4088-a616-11ce03dd3274,1480723849.079,646,37.3971813843333,-121.9841603325,2,0,0
3bb5d6c4-17d0-4088-a616-11ce03dd3274,1480723849.271,646.2,37.397181503,-121.984168046167,2,0,0
3bb5d6c4-17d0-4088-a616-11ce03dd3274,1480723849.475,646.4,37.3971815801667,-121.984175738333,2,0,0
3bb5d6c4-17d0-4088-a616-11ce03dd3274,1480723849.677,646.6,37.3971817385,-121.984183374667,2,0,0
3bb5d6c4-17d0-4088-a616-11ce03dd3274,1480723849.874,646.8,37.3971818528333,-121.984190922833,2,0,0
3bb5d6c4-17d0-4088-a616-11ce03dd3274,1480723850.072,647,37.3971819471667,-121.984198457667,2,0,0
3bb5d6c4-17d0-4088-a616-11ce03dd3274,1480723850.281,647.2,37.3971820685,-121.984205912,2,0,0
3bb5d6c4-17d0-4088-a616-11ce03dd3274,1480723850.474,647.4,37.3971821976667,-121.984213286833,2,0,0
3bb5d6c4-17d0-4088-a616-11ce03dd3274,1480723850.672,647.6,37.3971822135,-121.984220587667,2,0,0
3bb5d6c4-17d0-4088-a616-11ce03dd3274,1480723850.874,647.8,37.3971823573333,-121.984227438167,2,0,0
3bb5d6c4-17d0-4088-a616-11ce03dd3274,1480723851.077,648,37.3971824348333,-121.984234821667,2,0,0
3bb5d6c4-17d0-4088-a616-11ce03dd3274,1480723851.275,648.2,37.3971823991667,-121.98424237,2,0,0
3bb5d6c4-17d0-4088-a616-11ce03dd3274,1480723851.47,648.4,37.3971823986667,-121.9842494655,2,0,0
3bb5d6c4-17d0-4088-a616-11ce03dd3274,1480723851.675,648.6,37.3971825988333,-121.984256582167,2,0,0
3bb5d6c4-17d0-4088-a616-11ce03dd3274,1480723851.88,648.8,37.3971826038333,-121.984263343167,2,0,0
3bb5d6c4-17d0-4088-a616-11ce03dd3274,1480723852.076,649,37.3971824141667,-121.9842701865,2,0,0
3bb5d6c4-17d0-4088-a616-11ce03dd3274,1480723852.273,649.2,37.3971825523333,-121.984277448833,2,0,0
3bb5d6c4-17d0-4088-a616-11ce03dd3274,1480723852.472,649.4,37.3971826826667,-121.984284607,2,0,0
3bb5d6c4-17d0-4088-a616-11ce03dd3274,1480723852.675,649.6,37.3971826631667,-121.984292002833,2,0,0
3bb5d6c4-17d0-4088-a616-11ce03dd3274,1480723852.879,649.8,37.3971826318333,-121.984299608,2,0,0
3bb5d6c4-17d0-4088-a616-11ce03dd3274,1480723853.074,650,37.3971827048333,-121.984307354833,2,0,0
3bb5d6c4-17d0-4088-a616-11ce03dd3274,1480723853.27,650.2,37.3971827478333,-121.9843151325,2,0,0
3bb5d6c4-17d0-4088-a616-11ce03dd3274,1480723853.48,650.4,37.3971827815,-121.984322849667,2,0,0
3bb5d6c4-17d0-4088-a616-11ce03dd3274,1480723853.672,650.6,37.3971828078333,-121.984330702833,2,0,0
3bb5d6c4-17d0-4088-a616-11ce03dd3274,1480723853.874,650.8,37.3971828258333,-121.984338541833,2,0,0
3bb5d6c4-17d0-4088-a616-11ce03dd3274,1480723854.078,651,37.3971828583333,-121.984346365333,2,0,0
3bb5d6c4-17d0-4088-a616-11ce03dd3274,1480723854.279,651.2,37.3971828571667,-121.984354170167,2,0,0
3bb5d6c4-17d0-4088-a616-11ce03dd3274,1480723854.476,651.4,37.3971828381667,-121.984361907667,2,0,0
3bb5d6c4-17d0-4088-a616-11ce03dd3274,1480723854.679,651.6,37.397182878,-121.984369714833,2,0,0
3bb5d6c4-17d0-4088-a616-11ce03dd3274,1480723854.871,651.8,37.3971828946667,-121.984377447833,2,0,0
3bb5d6c4-17d0-4088-a616-11ce03dd3274,1480723855.077,652,37.397182875,-121.9843852245,2,0,0
3bb5d6c4-17d0-4088-a616-11ce03dd3274,1480723855.278,652.2,37.397182892,-121.984392963833,2,0,0
3bb5d6c4-17d0-4088-a616-11ce03dd3274,1480723855.474,652.4,37.397182995,-121.984400774333,2,0,0
3bb5d6c4-17d0-4088-a616-11ce03dd3274,1480723855.677,652.6,37.3971829725,-121.984408477667,2,0,0
3bb5d6c4-17d0-4088-a616-11ce03dd3274,1480723855.876,652.8,37.3971829943333,-121.984415760833,2,0,0
3bb5d6c4-17d0-4088-a616-11ce03dd3274,1480723856.08,653,37.3971831231667,-121.984423608833,2,0,0
3bb5d6c4-17d0-4088-a616-11ce03dd3274,1480723856.27,653.2,37.3971830676667,-121.984431663333,2,0,0
3bb5d6c4-17d0-4088-a616-11ce03dd3274,1480723856.478,653.4,37.3971830468333,-121.984439304333,2,0,0
3bb5d6c4-17d0-4088-a616-11ce03dd3274,1480723856.67,653.6,37.3971831796667,-121.984446937833,2,0,0
3bb5d6c4-17d0-4088-a616-11ce03dd3274,1480723856.875,653.8,37.3971832028333,-121.984454318333,2,0,0
3bb5d6c4-17d0-4088-a616-11ce03dd3274,1480723857.077,654,37.3971831456667,-121.9844620145,2,0,0
3bb5d6c4-17d0-4088-a616-11ce03dd3274,1480723857.271,654.2,37.3971833391667,-121.984470008167,2,0,0
3bb5d6c4-17d0-4088-a616-11ce03dd3274,1480723857.474,654.4,37.3971835088333,-121.984477939333,2,0,0
3bb5d6c4-17d0-4088-a616-11ce03dd3274,1480723857.674,654.6,37.3971836333333,-121.984486062167,2,0,0
3bb5d6c4-17d0-4088-a616-11ce03dd3274,1480723857.875,654.8,37.3971836721667,-121.9844944575,2,0,0
3bb5d6c4-17d0-4088-a616-11ce03dd3274,1480723858.079,655,37.397183741,-121.984502923833,2,0,0
3bb5d6c4-17d0-4088-a616-11ce03dd3274,1480723858.275,655.2,37.3971838855,-121.984511501333,2,0,0
3bb5d6c4-17d0-4088-a616-11ce03dd3274,1480723858.472,655.4,37.3971839655,-121.98452005,2,0,0
3bb5d6c4-17d0-4088-a616-11ce03dd3274,1480723858.67,655.6,37.3971839541667,-121.984528549333,2,0,0
3bb5d6c4-17d0-4088-a616-11ce03dd3274,1480723858.876,655.8,37.397184094,-121.9845370175,2,0,0
3bb5d6c4-17d0-4088-a616-11ce03dd3274,1480723859.078,656,37.3971841341667,-121.984545500667,2,0,0
3bb5d6c4-17d0-4088-a616-11ce03dd3274,1480723859.277,656.2,37.3971841731667,-121.9845539705,2,0,0
3bb5d6c4-17d0-4088-a616-11ce03dd3274,1480723859.47,656.4,37.3971843081667,-121.984562465667,2,0,0
3bb5d6c4-17d0-4088-a616-11ce03dd3274,1480723859.673,656.6,37.3971844468333,-121.984570966833,2,0,0
3bb5d6c4-17d0-4088-a616-11ce03dd3274,1480723859.877,656.8,37.397184492,-121.984579453167,2,0,0
3bb5d6c4-17d0-4088-a616-11ce03dd3274,1480723860.073,657,37.397184584,-121.984587925167,2,0,0
3bb5d6c4-17d0-4088-a616-11ce03dd3274,1480723860.277,657.2,37.3971847378333,-121.984596382167,2,0,0
3bb5d6c4-17d0-4088-a616-11ce03dd3274,1480723860.47,657.4,37.39718485,-121.984604921833,2,0,0
3bb5d6c4-17d0-4088-a616-11ce03dd3274,1480723860.68,657.6,37.3971849096667,-121.984613404333,2,0,0
3bb5d6c4-17d0-4088-a616-11ce03dd3274,1480723860.874,657.8,37.3971850606667,-121.984621892167,2,0,0
3bb5d6c4-17d0-4088-a616-11ce03dd3274,1480723861.074,658,37.3971851706667,-121.984630347833,2,0,0
3bb5d6c4-17d0-4088-a616-11ce03dd3274,1480723861.276,658.2,37.3971850536667,-121.9846388035,2,0,0
3bb5d6c4-17d0-4088-a616-11ce03dd3274,1480723861.472,658.4,37.3971848636667,-121.984647080167,2,0,0
3bb5d6c4-17d0-4088-a616-11ce03dd3274,1480723861.674,658.6,37.39718433,-121.984655346,2,0,0
3bb5d6c4-17d0-4088-a616-11ce03dd3274,1480723861.88,658.8,37.3971834398333,-121.984663509167,2,0,0
3bb5d6c4-17d0-4088-a616-11ce03dd3274,1480723862.075,659,37.3971821973333,-121.9846714335,2,0,0
3bb5d6c4-17d0-4088-a616-11ce03dd3274,1480723862.276,659.2,37.397180578,-121.984679279333,2,0,0
3bb5d6c4-17d0-4088-a616-11ce03dd3274,1480723862.471,659.4,37.3971786783333,-121.984686965167,2,0,0
3bb5d6c4-17d0-4088-a616-11ce03dd3274,1480723862.672,659.6,37.3971765085,-121.9846943565,2,0,0
3bb5d6c4-17d0-4088-a616-11ce03dd3274,1480723862.872,659.8,37.3971740805,-121.984701659333,2,0,0
3bb5d6c4-17d0-4088-a616-11ce03dd3274,1480723863.075,660,37.3971711926667,-121.984708780333,2,0,0
3bb5d6c4-17d0-4088-a616-11ce03dd3274,1480723863.277,660.2,37.3971678618333,-121.9847156585,2,0,0
3bb5d6c4-17d0-4088-a616-11ce03dd3274,1480723863.473,660.4,37.397164355,-121.984722255333,2,0,0
3bb5d6c4-17d0-4088-a616-11ce03dd3274,1480723863.671,660.6,37.3971605655,-121.984728383,2,0,0
3bb5d6c4-17d0-4088-a616-11ce03dd3274,1480723863.874,660.8,37.3971565075,-121.984734066,2,0,0
3bb5d6c4-17d0-4088-a616-11ce03dd3274,1480723864.08,661,37.3971522261667,-121.984739382833,2,0,0
3bb5d6c4-17d0-4088-a616-11ce03dd3274,1480723864.275,661.2,37.397147751,-121.984744309333,2,0,0
3bb5d6c4-17d0-4088-a616-11ce03dd3274,1480723864.475,661.4,37.3971431443333,-121.984748973667,2,0,0
3bb5d6c4-17d0-4088-a616-11ce03dd3274,1480723864.68,661.6,37.3971384051667,-121.984753306333,2,0,0
3bb5d6c4-17d0-4088-a616-11ce03dd3274,1480723864.872,661.8,37.3971335098333,-121.984757378833,2,0,0
3bb5d6c4-17d0-4088-a616-11ce03dd3274,1480723865.077,662,37.3971286321667,-121.984761278167,2,0,0
3bb5d6c4-17d0-4088-a616-11ce03dd3274,1480723865.273,662.2,37.3971237583333,-121.9847648865,2,0,0
3bb5d6c4-17d0-4088-a616-11ce03dd3274,1480723865.471,662.4,37.3971188876667,-121.984768255167,2,0,0
3bb5d6c4-17d0-4088-a616-11ce03dd3274,1480723865.673,662.6,37.3971142946667,-121.984771295333,2,0,0
3bb5d6c4-17d0-4088-a616-11ce03dd3274,1480723865.873,662.8,37.3971102553333,-121.984773892667,2,0,0
3bb5d6c4-17d0-4088-a616-11ce03dd3274,1480723866.075,663,37.39710703,-121.984775947333,2,0,0
3bb5d6c4-17d0-4088-a616-11ce03dd3274,1480723866.279,663.2,37.3971045713333,-121.984777419333,2,0,0
3bb5d6c4-17d0-4088-a616-11ce03dd3274,1480723866.475,663.4,37.3971028063333,-121.984778461333,2,0,0
3bb5d6c4-17d0-4088-a616-11ce03dd3274,1480723866.673,663.6,37.3971016266667,-121.984779019833,2,0,0
3bb5d6c4-17d0-4088-a616-11ce03dd3274,1480723866.871,663.8,37.3971010518333,-121.984779405,2,0,0
3bb5d6c4-17d0-4088-a616-11ce03dd3274,1480723867.077,664,37.39710097,-121.984779429,2,0,0
3bb5d6c4-17d0-4088-a616-11ce03dd3274,1480723867.269,664.2,37.3971011318333,-121.984779319833,2,0,0
3bb5d6c4-17d0-4088-a616-11ce03dd3274,1480723867.471,664.4,37.3971011623333,-121.98477927,2,0,0
3bb5d6c4-17d0-4088-a616-11ce03dd3274,1480723867.677,664.6,37.3971011583333,-121.9847792555,2,0,0
3bb5d6c4-17d0-4088-a616-11ce03dd3274,1480723867.87,664.8,37.3971011678333,-121.9847792125,2,0,0
3bb5d6c4-17d0-4088-a616-11ce03dd3274,1480723868.077,665,37.3971011683333,-121.984779179167,2,0,0
3bb5d6c4-17d0-4088-a616-11ce03dd3274,1480723868.271,665.2,37.397101195,-121.984779164167,2,0,0
3bb5d6c4-17d0-4088-a616-11ce03dd3274,1480723868.473,665.4,37.3971011898333,-121.984779141,2,0,0
3bb5d6c4-17d0-4088-a616-11ce03dd3274,1480723868.669,665.6,37.3971012128333,-121.984779112,2,0,0
3bb5d6c4-17d0-4088-a616-11ce03dd3274,1480723868.88,665.8,37.3971012175,-121.9847791095,2,0,0
3bb5d6c4-17d0-4088-a616-11ce03dd3274,1480723869.073,666,37.3971012298333,-121.984779084833,2,0,0
3bb5d6c4-17d0-4088-a616-11ce03dd3274,1480723869.269,666.2,37.3971012316667,-121.984779084333,2,0,0
3bb5d6c4-17d0-4088-a616-11ce03dd3274,1480723869.472,666.4,37.3971012246667,-121.984779052667,2,0,0
3bb5d6c4-17d0-4088-a616-11ce03dd3274,1480723869.677,666.6,37.3971012485,-121.984779053333,2,0,0
3bb5d6c4-17d0-4088-a616-11ce03dd3274,1480723869.88,666.8,37.3971012521667,-121.984779031333,2,0,0
3bb5d6c4-17d0-4088-a616-11ce03dd3274,1480723870.075,667,37.3971012501667,-121.98477903,2,0,0
3bb5d6c4-17d0-4088-a616-11ce03dd3274,1480723870.271,667.2,37.3971012658333,-121.9847790235,2,0,0
3bb5d6c4-17d0-4088-a616-11ce03dd3274,1480723870.469,667.4,37.3971012745,-121.984779020833,2,0,0
3bb5d6c4-17d0-4088-a616-11ce03dd3274,1480723870.68,667.6,37.3971012683333,-121.984779011833,2,0,0
3bb5d6c4-17d0-4088-a616-11ce03dd3274,1480723870.872,667.8,37.3971012708333,-121.984778996833,2,0,0
3bb5d6c4-17d0-4088-a616-11ce03dd3274,1480723871.075,668,37.397101285,-121.9847789885,2,0,0
3bb5d6c4-17d0-4088-a616-11ce03dd3274,1480723871.276,668.2,37.3971012873333,-121.984778987333,2,0,0
3bb5d6c4-17d0-4088-a616-11ce03dd3274,1480723871.478,668.4,37.3971012825,-121.9847789635,2,0,0
3bb5d6c4-17d0-4088-a616-11ce03dd3274,1480723871.671,668.6,37.397101298,-121.9847789755,2,0,0
3bb5d6c4-17d0-4088-a616-11ce03dd3274,1480723871.876,668.8,37.3971013046667,-121.984778962667,2,0,0
3bb5d6c4-17d0-4088-a616-11ce03dd3274,1480723872.073,669,37.3971013186667,-121.984778951667,2,0,0
3bb5d6c4-17d0-4088-a616-11ce03dd3274,1480723872.27,669.2,37.3971013058333,-121.984778962333,2,0,0
3bb5d6c4-17d0-4088-a616-11ce03dd3274,1480723872.48,669.4,37.3971012305,-121.984779030167,2,0,0
3bb5d6c4-17d0-4088-a616-11ce03dd3274,1480723872.678,669.6,37.3971010551667,-121.984779131,2,0,0
3bb5d6c4-17d0-4088-a616-11ce03dd3274,1480723872.875,669.8,37.3971007268333,-121.984779315667,2,0,0
3bb5d6c4-17d0-4088-a616-11ce03dd3274,1480723873.079,670,37.3971001956667,-121.9847796395,2,0,0
3bb5d6c4-17d0-4088-a616-11ce03dd3274,1480723873.274,670.2,37.3970993193333,-121.9847801495,2,0,0
3bb5d6c4-17d0-4088-a616-11ce03dd3274,1480723873.475,670.4,37.397098225,-121.98478083,2,0,0
3bb5d6c4-17d0-4088-a616-11ce03dd3274,1480723873.67,670.6,37.3970967735,-121.984781634167,2,0,0
3bb5d6c4-17d0-4088-a616-11ce03dd3274,1480723873.88,670.8,37.3970950833333,-121.984782555833,2,0,0
3bb5d6c4-17d0-4088-a616-11ce03dd3274,1480723874.075,671,37.3970930868333,-121.984783704,2,0,0
3bb5d6c4-17d0-4088-a616-11ce03dd3274,1480723874.273,671.2,37.3970909108333,-121.984785056333,2,0,0
3bb5d6c4-17d0-4088-a616-11ce03dd3274,1480723874.476,671.4,37.3970884788333,-121.984786525833,2,0,0
3bb5d6c4-17d0-4088-a616-11ce03dd3274,1480723874.672,671.6,37.3970857553333,-121.984788134667,2,0,0
3bb5d6c4-17d0-4088-a616-11ce03dd3274,1480723874.875,671.8,37.3970827605,-121.9847897975,2,0,0
3bb5d6c4-17d0-4088-a616-11ce03dd3274,1480723875.078,672,37.3970796001667,-121.9847917255,2,0,0
3bb5d6c4-17d0-4088-a616-11ce03dd3274,1480723875.271,672.2,37.3970762843333,-121.984793854333,2,0,0
3bb5d6c4-17d0-4088-a616-11ce03dd3274,1480723875.472,672.4,37.3970728278333,-121.984796089333,2,0,0
3bb5d6c4-17d0-4088-a616-11ce03dd3274,1480723875.676,672.6,37.3970693768333,-121.984798379333,2,0,0
3bb5d6c4-17d0-4088-a616-11ce03dd3274,1480723875.88,672.8,37.3970658466667,-121.984800548333,2,0,0
3bb5d6c4-17d0-4088-a616-11ce03dd3274,1480723876.079,673,37.3970622893333,-121.984802596833,2,0,0
3bb5d6c4-17d0-4088-a616-11ce03dd3274,1480723876.277,673.2,37.3970586805,-121.984804702833,2,0,0
3bb5d6c4-17d0-4088-a616-11ce03dd3274,1480723876.475,673.4,37.3970551105,-121.984806874833,2,0,0
3bb5d6c4-17d0-4088-a616-11ce03dd3274,1480723876.669,673.6,37.3970515895,-121.98480893,2,0,0
3bb5d6c4-17d0-4088-a616-11ce03dd3274,1480723876.87,673.8,37.3970481701667,-121.9848107215,2,0,0
3bb5d6c4-17d0-4088-a616-11ce03dd3274,1480723877.073,674,37.3970448206667,-121.984811990333,2,0,0
3bb5d6c4-17d0-4088-a616-11ce03dd3274,1480723877.272,674.2,37.3970414495,-121.9848129065,2,0,0
3bb5d6c4-17d0-4088-a616-11ce03dd3274,1480723877.475,674.4,37.3970380628333,-121.9848137205,2,0,0
3bb5d6c4-17d0-4088-a616-11ce03dd3274,1480723877.677,674.6,37.3970345333333,-121.984814276,2,0,0
3bb5d6c4-17d0-4088-a616-11ce03dd3274,1480723877.872,674.8,37.3970309428333,-121.984814189,2,0,0
3bb5d6c4-17d0-4088-a616-11ce03dd3274,1480723878.076,675,37.3970273026667,-121.984813577167,2,0,0
3bb5d6c4-17d0-4088-a616-11ce03dd3274,1480723878.271,675.2,37.3970235725,-121.984812752,2,0,0
3bb5d6c4-17d0-4088-a616-11ce03dd3274,1480723878.474,675.4,37.3970199708333,-121.984811499667,2,0,0
3bb5d6c4-17d0-4088-a616-11ce03dd3274,1480723878.679,675.6,37.3970167556667,-121.984809625333,2,0,0
3bb5d6c4-17d0-4088-a616-11ce03dd3274,1480723878.874,675.8,37.3970134918333,-121.984807476333,2,0,0
3bb5d6c4-17d0-4088-a616-11ce03dd3274,1480723879.072,676,37.3970103455,-121.9848048715,2,0,0
3bb5d6c4-17d0-4088-a616-11ce03dd3274,1480723879.27,676.2,37.3970073878333,-121.9848018915,2,0,0
3bb5d6c4-17d0-4088-a616-11ce03dd3274,1480723879.472,676.4,37.3970045933333,-121.984798518167,2,0,0
3bb5d6c4-17d0-4088-a616-11ce03dd3274,1480723879.68,676.6,37.3970019931667,-121.984794745,2,0,0
3bb5d6c4-17d0-4088-a616-11ce03dd3274,1480723879.874,676.8,37.396999662,-121.984790516,2,0,0
3bb5d6c4-17d0-4088-a616-11ce03dd3274,1480723880.07,677,37.3969977823333,-121.984786041333,2,0,0
3bb5d6c4-17d0-4088-a616-11ce03dd3274,1480723880.269,677.2,37.3969963473333,-121.984781359833,2,0,0
3bb5d6c4-17d0-4088-a616-11ce03dd3274,1480723880.474,677.4,37.3969953343333,-121.984776439833,2,0,0
3bb5d6c4-17d0-4088-a616-11ce03dd3274,1480723880.671,677.6,37.396994615,-121.9847714315,2,0,0
3bb5d6c4-17d0-4088-a616-11ce03dd3274,1480723880.876,677.8,37.3969942023333,-121.984766309667,2,0,0
3bb5d6c4-17d0-4088-a616-11ce03dd3274,1480723881.075,678,37.3969943248333,-121.9847613045,2,0,0
3bb5d6c4-17d0-4088-a616-11ce03dd3274,1480723881.278,678.2,37.3969948985,-121.984756446667,2,0,0
3bb5d6c4-17d0-4088-a616-11ce03dd3274,1480723881.472,678.4,37.3969957298333,-121.984751548833,2,0,0
3bb5d6c4-17d0-4088-a616-11ce03dd3274,1480723881.676,678.6,37.3969970306667,-121.9847468945,2,0,0
3bb5d6c4-17d0-4088-a616-11ce03dd3274,1480723881.869,678.8,37.3969987753333,-121.984742441,2,0,0
3bb5d6c4-17d0-4088-a616-11ce03dd3274,1480723882.076,679,37.3970009105,-121.984738185667,2,0,0
3bb5d6c4-17d0-4088-a616-11ce03dd3274,1480723882.279,679.2,37.3970034015,-121.984734168167,2,0,0
3bb5d6c4-17d0-4088-a616-11ce03dd3274,1480723882.476,679.4,37.3970060125,-121.984730342,2,0,0
3bb5d6c4-17d0-4088-a616-11ce03dd3274,1480723882.674,679.6,37.3970089758333,-121.984726849333,2,0,0
3bb5d6c4-17d0-4088-a616-11ce03dd3274,1480723882.877,679.8,37.3970122928333,-121.9847237895,2,0,0
3bb5d6c4-17d0-4088-a616-11ce03dd3274,1480723883.071,680,37.3970159935,-121.984721181,2,0,0
3bb5d6c4-17d0-4088-a616-11ce03dd3274,1480723883.278,680.2,37.3970198745,-121.984718803667,2,0,0
3bb5d6c4-17d0-4088-a616-11ce03dd3274,1480723883.479,680.4,37.3970239523333,-121.984716899667,2,0,0
3bb5d6c4-17d0-4088-a616-11ce03dd3274,1480723883.673,680.6,37.3970281766667,-121.984715841667,2,0,0
3bb5d6c4-17d0-4088-a616-11ce03dd3274,1480723883.877,680.8,37.3970324366667,-121.984715325833,2,0,0
3bb5d6c4-17d0-4088-a616-11ce03dd3274,1480723884.072,681,37.3970368743333,-121.984715170167,2,0,0
3bb5d6c4-17d0-4088-a616-11ce03dd3274,1480723884.278,681.2,37.3970413553333,-121.984715766,2,0,0
3bb5d6c4-17d0-4088-a616-11ce03dd3274,1480723884.473,681.4,37.397045651,-121.984716968,2,0,0
3bb5d6c4-17d0-4088-a616-11ce03dd3274,1480723884.678,681.6,37.3970497641667,-121.9847188145,2,0,0
3bb5d6c4-17d0-4088-a616-11ce03dd3274,1480723884.873,681.8,37.3970539213333,-121.9847211255,2,0,0
3bb5d6c4-17d0-4088-a616-11ce03dd3274,1480723885.077,682,37.3970581401667,-121.984723611667,2,0,0
3bb5d6c4-17d0-4088-a616-11ce03dd3274,1480723885.271,682.2,37.3970622983333,-121.984726290833,2,0,0
3bb5d6c4-17d0-4088-a616-11ce03dd3274,1480723885.473,682.4,37.397066526,-121.984729090333,2,0,0
3bb5d6c4-17d0-4088-a616-11ce03dd3274,1480723885.678,682.6,37.397070864,-121.984732035,2,0,0
3bb5d6c4-17d0-4088-a616-11ce03dd3274,1480723885.872,682.8,37.3970753976667,-121.984735015,2,0,0
3bb5d6c4-17d0-4088-a616-11ce03dd3274,1480723886.079,683,37.3970801801667,-121.9847379335,2,0,0
3bb5d6c4-17d0-4088-a616-11ce03dd3274,1480723886.276,683.2,37.397085229,-121.984740798333,2,0,0
3bb5d6c4-17d0-4088-a616-11ce03dd3274,1480723886.478,683.4,37.3970904001667,-121.984743361,2,0,0
3bb5d6c4-17d0-4088-a616-11ce03dd3274,1480723886.679,683.6,37.3970956621667,-121.984745627833,2,0,0
3bb5d6c4-17d0-4088-a616-11ce03dd3274,1480723886.879,683.8,37.3971008968333,-121.9847476015,2,0,0
3bb5d6c4-17d0-4088-a616-11ce03dd3274,1480723887.078,684,37.3971061658333,-121.9847493805,2,0,0
3bb5d6c4-17d0-4088-a616-11ce03dd3274,1480723887.275,684.2,37.3971114956667,-121.984750609333,2,0,0
3bb5d6c4-17d0-4088-a616-11ce03dd3274,1480723887.471,684.4,37.3971168575,-121.984751458667,2,0,0
3bb5d6c4-17d0-4088-a616-11ce03dd3274,1480723887.676,684.6,37.3971221278333,-121.984751878667,2,0,0
3bb5d6c4-17d0-4088-a616-11ce03dd3274,1480723887.879,684.8,37.3971274808333,-121.984752032,2,0,0
3bb5d6c4-17d0-4088-a616-11ce03dd3274,1480723888.075,685,37.3971327191667,-121.984751428333,2,0,0
3bb5d6c4-17d0-4088-a616-11ce03dd3274,1480723888.275,685.2,37.3971378695,-121.9847503585,2,0,0
3bb5d6c4-17d0-4088-a616-11ce03dd3274,1480723888.471,685.4,37.3971429133333,-121.984748863833,2,0,0
3bb5d6c4-17d0-4088-a616-11ce03dd3274,1480723888.673,685.6,37.3971479655,-121.984746881667,2,0,0
3bb5d6c4-17d0-4088-a616-11ce03dd3274,1480723888.878,685.8,37.3971526976667,-121.9847444785,2,0,0
3bb5d6c4-17d0-4088-a616-11ce03dd3274,1480723889.075,686,37.3971571898333,-121.984741551667,2,0,0
3bb5d6c4-17d0-4088-a616-11ce03dd3274,1480723889.273,686.2,37.3971614025,-121.9847380365,2,0,0
3bb5d6c4-17d0-4088-a616-11ce03dd3274,1480723889.469,686.4,37.3971652021667,-121.984734090833,2,0,0
3bb5d6c4-17d0-4088-a616-11ce03dd3274,1480723889.673,686.6,37.3971686623333,-121.984729668,2,0,0
3bb5d6c4-17d0-4088-a616-11ce03dd3274,1480723889.875,686.8,37.397171781,-121.984724805333,2,0,0
3bb5d6c4-17d0-4088-a616-11ce03dd3274,1480723890.079,687,37.3971747435,-121.984719710667,2,0,0
3bb5d6c4-17d0-4088-a616-11ce03dd3274,1480723890.276,687.2,37.3971773705,-121.984714394333,2,0,0
3bb5d6c4-17d0-4088-a616-11ce03dd3274,1480723890.471,687.4,37.3971794763333,-121.984708654833,2,0,0
3bb5d6c4-17d0-4088-a616-11ce03dd3274,1480723890.678,687.6,37.3971813076667,-121.9847027495,2,0,0
3bb5d6c4-17d0-4088-a616-11ce03dd3274,1480723890.869,687.8,37.3971829558333,-121.984696583667,2,0,0
3bb5d6c4-17d0-4088-a616-11ce03dd3274,1480723891.073,688,37.3971844895,-121.984690117333,2,0,0
3bb5d6c4-17d0-4088-a616-11ce03dd3274,1480723891.279,688.2,37.3971856786667,-121.984683488,2,0,0
3bb5d6c4-17d0-4088-a616-11ce03dd3274,1480723891.472,688.4,37.3971864401667,-121.984676665833,2,0,0
3bb5d6c4-17d0-4088-a616-11ce03dd3274,1480723891.679,688.6,37.3971870238333,-121.984669776,2,0,0
3bb5d6c4-17d0-4088-a616-11ce03dd3274,1480723891.872,688.8,37.397187539,-121.984662793833,2,0,0
3bb5d6c4-17d0-4088-a616-11ce03dd3274,1480723892.075,689,37.3971879143333,-121.984655752,2,0,0
3bb5d6c4-17d0-4088-a616-11ce03dd3274,1480723892.272,689.2,37.397188224,-121.984648600833,2,0,0
3bb5d6c4-17d0-4088-a616-11ce03dd3274,1480723892.476,689.4,37.3971884926667,-121.984641388,2,0,0
3bb5d6c4-17d0-4088-a616-11ce03dd3274,1480723892.669,689.6,37.3971886903333,-121.984634042333,2,0,0
3bb5d6c4-17d0-4088-a616-11ce03dd3274,1480723892.875,689.8,37.3971888496667,-121.9846265495,2,0,0
3bb5d6c4-17d0-4088-a616-11ce03dd3274,1480723893.071,690,37.397188987,-121.984618938167,2,0,0
3bb5d6c4-17d0-4088-a616-11ce03dd3274,1480723893.272,690.2,37.3971891103333,-121.984611249833,2,0,0
3bb5d6c4-17d0-4088-a616-11ce03dd3274,1480723893.476,690.4,37.3971891026667,-121.984603442167,2,0,0
3bb5d6c4-17d0-4088-a616-11ce03dd3274,1480723893.679,690.6,37.3971888888333,-121.9845955585,2,0,0
3bb5d6c4-17d0-4088-a616-11ce03dd3274,1480723893.874,690.8,37.3971888778333,-121.984587519667,2,0,0
3bb5d6c4-17d0-4088-a616-11ce03dd3274,1480723894.077,691,37.3971889813333,-121.984579395667,2,0,0
3bb5d6c4-17d0-4088-a616-11ce03dd3274,1480723894.278,691.2,37.3971888851667,-121.9845712495,2,0,0
3bb5d6c4-17d0-4088-a616-11ce03dd3274,1480723894.474,691.4,37.397188832,-121.984562967667,2,0,0
3bb5d6c4-17d0-4088-a616-11ce03dd3274,1480723894.669,691.6,37.3971888458333,-121.9845546225,2,0,0
3bb5d6c4-17d0-4088-a616-11ce03dd3274,1480723894.873,691.8,37.3971888985,-121.984546206833,2,0,0
3bb5d6c4-17d0-4088-a616-11ce03dd3274,1480723895.072,692,37.3971888248333,-121.984537739167,2,0,0
3bb5d6c4-17d0-4088-a616-11ce03dd3274,1480723895.273,692.2,37.3971888931667,-121.9845291715,2,0,0
3bb5d6c4-17d0-4088-a616-11ce03dd3274,1480723895.475,692.4,37.3971889148333,-121.984520608333,2,0,0
3bb5d6c4-17d0-4088-a616-11ce03dd3274,1480723895.677,692.6,37.397188933,-121.984512112833,2,0,0
3bb5d6c4-17d0-4088-a616-11ce03dd3274,1480723895.876,692.8,37.3971888703333,-121.984503639333,2,0,0
3bb5d6c4-17d0-4088-a616-11ce03dd3274,1480723896.071,693,37.3971889423333,-121.984495265,2,0,0
3bb5d6c4-17d0-4088-a616-11ce03dd3274,1480723896.274,693.2,37.3971889476667,-121.984486918167,2,0,0
3bb5d6c4-17d0-4088-a616-11ce03dd3274,1480723896.472,693.4,37.3971889173333,-121.984478666167,2,0,0
3bb5d6c4-17d0-4088-a616-11ce03dd3274,1480723896.669,693.6,37.3971888456667,-121.984470478667,2,0,0
3bb5d6c4-17d0-4088-a616-11ce03dd3274,1480723896.874,693.8,37.3971888718333,-121.984462358167,2,0,0
3bb5d6c4-17d0-4088-a616-11ce03dd3274,1480723897.071,694,37.397188942,-121.984454675333,2,0,0
3bb5d6c4-17d0-4088-a616-11ce03dd3274,1480723897.279,694.2,37.3971888821667,-121.984446669167,2,0,0
3bb5d6c4-17d0-4088-a616-11ce03dd3274,1480723897.472,694.4,37.3971890026667,-121.984438335333,2,0,0
3bb5d6c4-17d0-4088-a616-11ce03dd3274,1480723897.677,694.6,37.3971890876667,-121.98443043,2,0,0
3bb5d6c4-17d0-4088-a616-11ce03dd3274,1480723897.87,694.8,37.3971890638333,-121.984422481333,2,0,0
3bb5d6c4-17d0-4088-a616-11ce03dd3274,1480723898.072,695,37.39718904,-121.984414916,2,0,0
3bb5d6c4-17d0-4088-a616-11ce03dd3274,1480723898.275,695.2,37.3971892411667,-121.984406897,2,0,0
3bb5d6c4-17d0-4088-a616-11ce03dd3274,1480723898.469,695.4,37.3971891725,-121.984398637833,2,0,0
3bb5d6c4-17d0-4088-a616-11ce03dd3274,1480723898.671,695.6,37.3971891406667,-121.984390581,2,0,0
3bb5d6c4-17d0-4088-a616-11ce03dd3274,1480723898.869,695.8,37.3971892313333,-121.984382372167,2,0,0
3bb5d6c4-17d0-4088-a616-11ce03dd3274,1480723899.076,696,37.3971892428333,-121.984374075833,2,0,0
3bb5d6c4-17d0-4088-a616-11ce03dd3274,1480723899.279,696.2,37.3971893645,-121.984365630167,2,0,0
3bb5d6c4-17d0-4088-a616-11ce03dd3274,1480723899.472,696.4,37.3971894311667,-121.984357173667,2,0,0
3bb5d6c4-17d0-4088-a616-11ce03dd3274,1480723899.678,696.6,37.3971895296667,-121.98434863,2,0,0
3bb5d6c4-17d0-4088-a616-11ce03dd3274,1480723899.869,696.8,37.3971895785,-121.984340039333,2,0,0
3bb5d6c4-17d0-4088-a616-11ce03dd3274,1480723900.075,697,37.3971896703333,-121.984331441167,2,0,0
3bb5d6c4-17d0-4088-a616-11ce03dd3274,1480723900.277,697.2,37.3971897568333,-121.984322855167,2,0,0
3bb5d6c4-17d0-4088-a616-11ce03dd3274,1480723900.473,697.4,37.397189813,-121.9843142725,2,0,0
3bb5d6c4-17d0-4088-a616-11ce03dd3274,1480723900.675,697.6,37.3971899226667,-121.984305743333,2,0,0
3bb5d6c4-17d0-4088-a616-11ce03dd3274,1480723900.877,697.8,37.3971900486667,-121.984297222,2,0,0
3bb5d6c4-17d0-4088-a616-11ce03dd3274,1480723901.074,698,37.3971901586667,-121.984288611333,2,0,0
3bb5d6c4-17d0-4088-a616-11ce03dd3274,1480723901.275,698.2,37.3971902465,-121.984280068,2,0,0
3bb5d6c4-17d0-4088-a616-11ce03dd3274,1480723901.469,698.4,37.3971903726667,-121.984271679833,2,0,0
3bb5d6c4-17d0-4088-a616-11ce03dd3274,1480723901.674,698.6,37.3971905396667,-121.984263499,2,0,0
3bb5d6c4-17d0-4088-a616-11ce03dd3274,1480723901.875,698.8,37.3971905296667,-121.984254706,2,0,0
3bb5d6c4-17d0-4088-a616-11ce03dd3274,1480723902.071,699,37.3971907841667,-121.984245856667,2,0,0
3bb5d6c4-17d0-4088-a616-11ce03dd3274,1480723902.275,699.2,37.3971910281667,-121.984237310833,2,0,0
3bb5d6c4-17d0-4088-a616-11ce03dd3274,1480723902.47,699.4,37.3971910411667,-121.9842289945,2,0,0
3bb5d6c4-17d0-4088-a616-11ce03dd3274,1480723902.677,699.6,37.3971912056667,-121.984220538667,2,0,0
3bb5d6c4-17d0-4088-a616-11ce03dd3274,1480723902.872,699.8,37.3971914311667,-121.984211450167,2,0,0
3bb5d6c4-17d0-4088-a616-11ce03dd3274,1480723903.078,700,37.397191616,-121.9842025625,2,0,0
3bb5d6c4-17d0-4088-a616-11ce03dd3274,1480723903.273,700.2,37.3971917785,-121.984193690333,2,0,0
3bb5d6c4-17d0-4088-a616-11ce03dd3274,1480723903.472,700.4,37.397191938,-121.9841846535,2,0,0
3bb5d6c4-17d0-4088-a616-11ce03dd3274,1480723903.676,700.6,37.3971921348333,-121.984175533,2,0,0
3bb5d6c4-17d0-4088-a616-11ce03dd3274,1480723903.872,700.8,37.397192145,-121.9841664445,2,0,0
3bb5d6c4-17d0-4088-a616-11ce03dd3274,1480723904.075,701,37.3971921775,-121.9841572805,2,0,0
3bb5d6c4-17d0-4088-a616-11ce03dd3274,1480723904.269,701.2,37.3971920858333,-121.9841481985,2,0,0
3bb5d6c4-17d0-4088-a616-11ce03dd3274,1480723904.479,701.4,37.3971920176667,-121.984139067833,2,0,0
3bb5d6c4-17d0-4088-a616-11ce03dd3274,1480723904.671,701.6,37.3971919591667,-121.984129962333,2,0,0
3bb5d6c4-17d0-4088-a616-11ce03dd3274,1480723904.869,701.8,37.3971919556667,-121.984120844333,2,0,0
3bb5d6c4-17d0-4088-a616-11ce03dd3274,1480723905.073,702,37.397191991,-121.984111651,2,0,0
3bb5d6c4-17d0-4088-a616-11ce03dd3274,1480723905.276,702.2,37.3971919401667,-121.984102601,2,0,0
3bb5d6c4-17d0-4088-a616-11ce03dd3274,1480723905.477,702.4,37.3971919201667,-121.984093574167,2,0,0
3bb5d6c4-17d0-4088-a616-11ce03dd3274,1480723905.676,702.6,37.3971918515,-121.984084535167,2,0,0
3bb5d6c4-17d0-4088-a616-11ce03dd3274,1480723905.877,702.8,37.397191835,-121.984075589,2,0,0
3bb5d6c4-17d0-4088-a616-11ce03dd3274,1480723906.07,703,37.3971917563333,-121.984066601333,2,0,0
3bb5d6c4-17d0-4088-a616-11ce03dd3274,1480723906.279,703.2,37.3971915918333,-121.984057843167,2,0,0
3bb5d6c4-17d0-4088-a616-11ce03dd3274,1480723906.474,703.4,37.3971915426667,-121.984048894833,2,0,0
3bb5d6c4-17d0-4088-a616-11ce03dd3274,1480723906.675,703.6,37.3971915176667,-121.984040068167,2,0,0
3bb5d6c4-17d0-4088-a616-11ce03dd3274,1480723906.876,703.8,37.39719137,-121.984031217667,2,0,0
3bb5d6c4-17d0-4088-a616-11ce03dd3274,1480723907.073,704,37.3971913978333,-121.9840223905,2,0,0
3bb5d6c4-17d0-4088-a616-11ce03dd3274,1480723907.27,704.2,37.3971913708333,-121.984013527667,2,0,0
3bb5d6c4-17d0-4088-a616-11ce03dd3274,1480723907.474,704.4,37.3971912711667,-121.984004748333,2,0,0
3bb5d6c4-17d0-4088-a616-11ce03dd3274,1480723907.677,704.6,37.3971910736667,-121.9839959315,2,0,0
3bb5d6c4-17d0-4088-a616-11ce03dd3274,1480723907.868,704.8,37.3971909201667,-121.9839872195,2,0,0
3bb5d6c4-17d0-4088-a616-11ce03dd3274,1480723908.077,705,37.3971908093333,-121.9839783625,2,0,0
3bb5d6c4-17d0-4088-a616-11ce03dd3274,1480723908.269,705.2,37.3971906546667,-121.9839696595,2,0,0
3bb5d6c4-17d0-4088-a616-11ce03dd3274,1480723908.472,705.4,37.3971906186667,-121.9839609785,2,0,0
3bb5d6c4-17d0-4088-a616-11ce03dd3274,1480723908.675,705.6,37.397190537,-121.983952290167,2,0,0
3bb5d6c4-17d0-4088-a616-11ce03dd3274,1480723908.877,705.8,37.3971906165,-121.983943528833,2,0,0
3bb5d6c4-17d0-4088-a616-11ce03dd3274,1480723909.069,706,37.3971905643333,-121.983934848833,2,0,0
3bb5d6c4-17d0-4088-a616-11ce03dd3274,1480723909.275,706.2,37.3971906591667,-121.983926163333,2,0,0
3bb5d6c4-17d0-4088-a616-11ce03dd3274,1480723909.47,706.4,37.3971906843333,-121.983917594,2,0,0
3bb5d6c4-17d0-4088-a616-11ce03dd3274,1480723909.676,706.6,37.3971906751667,-121.983908994833,2,0,0
3bb5d6c4-17d0-4088-a616-11ce03dd3274,1480723909.874,706.8,37.3971908315,-121.983900435167,2,0,0
3bb5d6c4-17d0-4088-a616-11ce03dd3274,1480723910.07,707,37.3971908838333,-121.983891764833,2,0,0
3bb5d6c4-17d0-4088-a616-11ce03dd3274,1480723910.273,707.2,37.397190828,-121.983883198833,2,0,0
3bb5d6c4-17d0-4088-a616-11ce03dd3274,1480723910.47,707.4,37.3971907531667,-121.9838746275,2,0,0
3bb5d6c4-17d0-4088-a616-11ce03dd3274,1480723910.677,707.6,37.3971904961667,-121.983865973167,2,0,0
3bb5d6c4-17d0-4088-a616-11ce03dd3274,1480723910.875,707.8,37.3971900573333,-121.983857433667,2,0,0
3bb5d6c4-17d0-4088-a616-11ce03dd3274,1480723911.068,708,37.3971894296667,-121.983848929333,2,0,0
3bb5d6c4-17d0-4088-a616-11ce03dd3274,1480723911.269,708.2,37.3971885076667,-121.983840401167,2,0,0
3bb5d6c4-17d0-4088-a616-11ce03dd3274,1480723911.474,708.4,37.3971872693333,-121.983831987167,2,0,0
3bb5d6c4-17d0-4088-a616-11ce03dd3274,1480723911.674,708.6,37.3971856166667,-121.983823666,2,0,0
3bb5d6c4-17d0-4088-a616-11ce03dd3274,1480723911.875,708.8,37.3971835715,-121.983815410333,2,0,0
3bb5d6c4-17d0-4088-a616-11ce03dd3274,1480723912.078,709,37.397180998,-121.983807457667,2,0,0
3bb5d6c4-17d0-4088-a616-11ce03dd3274,1480723912.276,709.2,37.3971779553333,-121.983799724333,2,0,0
3bb5d6c4-17d0-4088-a616-11ce03dd3274,1480723912.472,709.4,37.397174374,-121.983792320167,2,0,0
3bb5d6c4-17d0-4088-a616-11ce03dd3274,1480723912.678,709.6,37.3971703703333,-121.9837853015,2,0,0
3bb5d6c4-17d0-4088-a616-11ce03dd3274,1480723912.876,709.8,37.3971659778333,-121.983778787667,2,0,0
3bb5d6c4-17d0-4088-a616-11ce03dd3274,1480723913.074,710,37.397161082,-121.983772794833,2,0,0
3bb5d6c4-17d0-4088-a616-11ce03dd3274,1480723913.275,710.2,37.3971558846667,-121.983767159,2,0,0
3bb5d6c4-17d0-4088-a616-11ce03dd3274,1480723913.478,710.4,37.3971501156667,-121.983762296167,2,0,0
3bb5d6c4-17d0-4088-a616-11ce03dd3274,1480723913.674,710.6,37.3971440211667,-121.983758197,2,0,0
3bb5d6c4-17d0-4088-a616-11ce03dd3274,1480723913.874,710.8,37.3971378331667,-121.9837546505,2,0,0
3bb5d6c4-17d0-4088-a616-11ce03dd3274,1480723914.07,711,37.397131422,-121.983751889,2,0,0
3bb5d6c4-17d0-4088-a616-11ce03dd3274,1480723914.271,711.2,37.397124814,-121.983749913667,2,0,0
3bb5d6c4-17d0-4088-a616-11ce03dd3274,1480723914.473,711.4,37.3971180731667,-121.983748685333,2,0,0
3bb5d6c4-17d0-4088-a616-11ce03dd3274,1480723914.678,711.6,37.397111304,-121.983748337833,2,0,0
3bb5d6c4-17d0-4088-a616-11ce03dd3274,1480723914.869,711.8,37.3971047381667,-121.983748731833,2,0,0
3bb5d6c4-17d0-4088-a616-11ce03dd3274,1480723915.075,712,37.3970982485,-121.983749883,2,0,0
3bb5d6c4-17d0-4088-a616-11ce03dd3274,1480723915.277,712.2,37.397091912,-121.983751725333,2,0,0
3bb5d6c4-17d0-4088-a616-11ce03dd3274,1480723915.479,712.4,37.3970857745,-121.983754138833,2,0,0
3bb5d6c4-17d0-4088-a616-11ce03dd3274,1480723915.676,712.6,37.3970799616667,-121.983757202333,2,0,0
3bb5d6c4-17d0-4088-a616-11ce03dd3274,1480723915.87,712.8,37.3970745105,-121.983760892,2,0,0
3bb5d6c4-17d0-4088-a616-11ce03dd3274,1480723916.074,713,37.3970694871667,-121.983764924167,2,0,0
3bb5d6c4-17d0-4088-a616-11ce03dd3274,1480723916.275,713.2,37.397064828,-121.983769232833,2,0,0
3bb5d6c4-17d0-4088-a616-11ce03dd3274,1480723916.47,713.4,37.3970607065,-121.983774093,2,0,0
3bb5d6c4-17d0-4088-a616-11ce03dd3274,1480723916.677,713.6,37.3970568588333,-121.983779294,2,0,0
3bb5d6c4-17d0-4088-a616-11ce03dd3274,1480723916.872,713.8,37.3970532668333,-121.9837845535,2,0,0
3bb5d6c4-17d0-4088-a616-11ce03dd3274,1480723917.075,714,37.397050059,-121.983790032333,2,0,0
3bb5d6c4-17d0-4088-a616-11ce03dd3274,1480723917.278,714.2,37.3970472285,-121.983795672833,2,0,0
3bb5d6c4-17d0-4088-a616-11ce03dd3274,1480723917.47,714.4,37.3970446243333,-121.983801307667,2,0,0
3bb5d6c4-17d0-4088-a616-11ce03dd3274,1480723917.677,714.6,37.397042227,-121.9838069085,2,0,0
3bb5d6c4-17d0-4088-a616-11ce03dd3274,1480723917.873,714.8,37.3970401635,-121.983812576667,2,0,0
3bb5d6c4-17d0-4088-a616-11ce03dd3274,1480723918.074,715,37.3970383006667,-121.983818194667,2,0,0
3bb5d6c4-17d0-4088-a616-11ce03dd3274,1480723918.271,715.2,37.3970365811667,-121.983823696833,2,0,0
3bb5d6c4-17d0-4088-a616-11ce03dd3274,1480723918.469,715.4,37.3970349853333,-121.983829107,2,0,0
3bb5d6c4-17d0-4088-a616-11ce03dd3274,1480723918.669,715.6,37.3970336373333,-121.983834470167,2,0,0
3bb5d6c4-17d0-4088-a616-11ce03dd3274,1480723918.869,715.8,37.3970324115,-121.983839759667,2,0,0
3bb5d6c4-17d0-4088-a616-11ce03dd3274,1480723919.073,716,37.3970312461667,-121.983844946833,2,0,0
3bb5d6c4-17d0-4088-a616-11ce03dd3274,1480723919.279,716.2,37.3970302558333,-121.983850043667,2,0,0
3bb5d6c4-17d0-4088-a616-11ce03dd3274,1480723919.475,716.4,37.3970294103333,-121.983855039,2,0,0
3bb5d6c4-17d0-4088-a616-11ce03dd3274,1480723919.671,716.6,37.3970286318333,-121.983859921,2,0,0
3bb5d6c4-17d0-4088-a616-11ce03dd3274,1480723919.872,716.8,37.397027953,-121.983864711333,2,0,0
3bb5d6c4-17d0-4088-a616-11ce03dd3274,1480723920.069,717,37.3970272966667,-121.983869418167,2,0,0
3bb5d6c4-17d0-4088-a616-11ce03dd3274,1480723920.276,717.2,37.3970267025,-121.983874039833,2,0,0
3bb5d6c4-17d0-4088-a616-11ce03dd3274,1480723920.472,717.4,37.3970262086667,-121.983878552,2,0,0
3bb5d6c4-17d0-4088-a616-11ce03dd3274,1480723920.668,717.6,37.3970257396667,-121.983883044,2,0,0
3bb5d6c4-17d0-4088-a616-11ce03dd3274,1480723920.87,717.8,37.3970253255,-121.983887454167,2,0,0
3bb5d6c4-17d0-4088-a616-11ce03dd3274,1480723921.075,718,37.3970249411667,-121.983891786167,2,0,0
3bb5d6c4-17d0-4088-a616-11ce03dd3274,1480723921.278,718.2,37.3970246353333,-121.983896061833,2,0,0
3bb5d6c4-17d0-4088-a616-11ce03dd3274,1480723921.475,718.4,37.3970242278333,-121.983900317833,2,0,0
3bb5d6c4-17d0-4088-a616-11ce03dd3274,1480723921.672,718.6,37.3970239198333,-121.9839044665,2,0,0
3bb5d6c4-17d0-4088-a616-11ce03dd3274,1480723921.871,718.8,37.3970236083333,-121.9839086065,2,0,0
3bb5d6c4-17d0-4088-a616-11ce03dd3274,1480723922.068,719,37.3970233485,-121.983912650333,2,0,0
3bb5d6c4-17d0-4088-a616-11ce03dd3274,1480723922.268,719.2,37.3970230883333,-121.983916668833,2,0,0
3bb5d6c4-17d0-4088-a616-11ce03dd3274,1480723922.474,719.4,37.3970228385,-121.983920667167,2,0,0
3bb5d6c4-17d0-4088-a616-11ce03dd3274,1480723922.668,719.6,37.3970226055,-121.983924650833,2,0,0
3bb5d6c4-17d0-4088-a616-11ce03dd3274,1480723922.872,719.8,37.3970224083333,-121.9839285315,2,0,0
3bb5d6c4-17d0-4088-a616-11ce03dd3274,1480723923.078,720,37.3970222658333,-121.983932230667,2,0,0
3bb5d6c4-17d0-4088-a616-11ce03dd3274,1480723923.269,720.2,37.3970221251667,-121.983935754167,2,0,0
3bb5d6c4-17d0-4088-a616-11ce03dd3274,1480723923.474,720.4,37.3970220351667,-121.9839390745,2,0,0
3bb5d6c4-17d0-4088-a616-11ce03dd3274,1480723923.677,720.6,37.3970219308333,-121.983942275333,2,0,0
3bb5d6c4-17d0-4088-a616-11ce03dd3274,1480723923.869,720.8,37.397021844,-121.983945264667,2,0,0
3bb5d6c4-17d0-4088-a616-11ce03dd3274,1480723924.078,721,37.3970217311667,-121.9839481715,2,0,0
3bb5d6c4-17d0-4088-a616-11ce03dd3274,1480723924.272,721.2,37.3970216531667,-121.9839511525,2,0,0
3bb5d6c4-17d0-4088-a616-11ce03dd3274,1480723924.477,721.4,37.3970216465,-121.983954017833,2,0,0
3bb5d6c4-17d0-4088-a616-11ce03dd3274,1480723924.671,721.6,37.3970216488333,-121.9839565815,2,0,0
3bb5d6c4-17d0-4088-a616-11ce03dd3274,1480723924.875,721.8,37.397021603,-121.983958909,2,0,0
3bb5d6c4-17d0-4088-a616-11ce03dd3274,1480723925.068,722,37.3970215955,-121.983960909333,2,0,0
3bb5d6c4-17d0-4088-a616-11ce03dd3274,1480723925.278,722.2,37.3970215871667,-121.983962413667,2,0,0
3bb5d6c4-17d0-4088-a616-11ce03dd3274,1480723925.478,722.4,37.397021594,-121.983963546833,2,0,0
3bb5d6c4-17d0-4088-a616-11ce03dd3274,1480723925.671,722.6,37.3970216196667,-121.983964176167,2,0,0
3bb5d6c4-17d0-4088-a616-11ce03dd3274,1480723925.878,722.8,37.397021666,-121.983964308167,2,0,0
3bb5d6c4-17d0-4088-a616-11ce03dd3274,1480723926.073,723,37.3970216851667,-121.983964164333,2,0,0
3bb5d6c4-17d0-4088-a616-11ce03dd3274,1480723926.268,723.2,37.3970217166667,-121.983964171333,2,0,0
3bb5d6c4-17d0-4088-a616-11ce03dd3274,1480723926.471,723.4,37.3970217516667,-121.983964165667,2,0,0
3bb5d6c4-17d0-4088-a616-11ce03dd3274,1480723926.673,723.6,37.3970217856667,-121.983964164667,2,0,0
